,satisfied_count,pct_satisfied,move_attempts,successful_moves,failed_searches,voluntary_stays,destination_conflicts,movement_success_rate,city_mean_income,mean_neighbor_income,mean_neighbor_income_variance,mean_rent,mean_utility,mean_value,mean_vision,rent_income_timescale_ratio,gini_coefficient,mean_qre_move_probability,mean_qre_accept_probability,mean_ne_move_probability,mean_qre_ne_move_gap,mean_delta_neighborhood_utility,move_accept_outcomes,move_reject_outcomes,stay_accept_outcomes,stay_reject_outcomes,qre_nonconvergence_count,ne_following_rate,homeless_fraction,theil_index,moran_i,spatial_entropy,neighborhood_heterogeneity,income_mobility_indicator,segregation_index,gentrification_indicator
0,0,0.0,0,0,0,0,0,0.0,0.6371750426224464,0.6369734702167386,0.04097890984137964,0.5095787761733909,0.321741457508558,1.002897670306447,6.884955752212389,6.321882890351117,0.1887879688305747,0.0,0.0,0.0,0.0,0.0,0,0,0,0,0,0.0,0.1415929203539823,0.05795979949147936,0.06010843107599241,0.9610054170474271,0.30248490372351927,0.0,0.25751879699248115,0.01929336194499534
1,0,0.0,113,0,103,10,0,0.0,0.6421244387165816,0.6419831531817753,0.0423558881072427,0.509832141205573,0.3162755273975149,0.9981741221240387,6.884955752212389,6.321882890351117,0.19103984315550826,0.03975405306697167,0.00010609241875178706,0.0,0.03975405306697167,-0.002586574477406589,0,0,0,10,0,0.7,0.18584070796460178,0.05934743536398736,0.0650650972095962,0.9644122255099261,0.305671401454441,0.0,0.2929197994987468,0.01932611764577584
2,0,0.0,113,1,100,12,0,0.008849557522123894,0.6453100296718767,0.6444990535242144,0.043771549931326474,0.5102274650213844,0.3224228191356296,0.9878465001634193,6.884955752212389,6.321882890351117,0.19354256181869434,0.03304435207329013,0.00011419350001653205,0.0,0.03304435207329013,-0.00010521213049985434,0,1,0,12,0,0.7692307692307693,0.168141592920354,0.06080541001486295,0.07145324299431526,0.9579738751630076,0.308557554013161,0.008849557522123894,0.29291979949874686,0.019354541554888947
3,0,0.0,113,1,109,3,0,0.008849557522123894,0.6457323815971621,0.6445598160200882,0.04499250615874064,0.5105887988308537,0.3243476732549622,1.021825342621256,6.884955752212389,6.321882890351117,0.1964284480861309,0.06951753275942628,9.671962669801699e-05,0.0,0.06951753275942628,-0.007971682458523102,0,1,0,3,0,0.5,0.168141592920354,0.06186943791975233,0.08174395910486969,0.9631252671182642,0.31063688848387966,0.008849557522123894,0.23966165413533833,0.019368074864654326
4,0,0.0,113,0,111,2,0,0.0,0.6477436139655848,0.646565338916207,0.04530624284597854,0.5110100557462243,0.3266585163730971,1.000899714992104,6.884955752212389,6.321882890351117,0.1955401741649685,0.06140738365731219,9.815194010951068e-05,0.0,0.06140738365731219,-0.018322524135456625,0,0,0,2,0,0.5,0.1504424778761062,0.061551063807603064,0.07807541463302056,0.9599602180891327,0.3103216910288984,0.0,0.275062656641604,0.01939144671092505
5,111,98.23008849557522,113,0,111,2,0,0.0,0.6451602495183497,0.6440439213472597,0.04792585552728566,0.511277160440029,0.3251751441165731,0.995231599302724,6.884955752212389,6.321882890351117,0.20038214543280208,0.05660597321551584,9.845200827934319e-05,0.0,0.05660597321551584,-0.012418052386351991,0,0,0,2,0,0.5,0.168141592920354,0.06418659506073723,0.054966370490147985,0.9698229406528334,0.3209864320026214,0.0,0.16885964912280702,0.019386972911657363
6,111,98.23008849557522,113,0,109,4,0,0.0,0.6417085654928356,0.6406505466808955,0.046409254738045504,0.511355758949946,0.3251873366346786,0.9920203961622462,6.884955752212389,6.321882890351117,0.1982221502014312,0.0328342322344472,7.321774684766021e-05,0.0,0.0328342322344472,-0.006270519739926733,0,0,0,4,0,0.75,0.1592920353982301,0.06258750841423363,0.04926609097587792,0.9569470180868873,0.3185771085693882,0.0,0.23966165413533833,0.019372198944405047
7,112,99.11504424778761,113,0,110,3,0,0.0,0.634205149562533,0.6331200986382421,0.04716953863389312,0.5110485356690125,0.325175068171511,0.9945981305995361,6.884955752212389,6.321882890351117,0.20153803510213364,0.043745837115832416,8.401883539974494e-05,0.0,0.043745837115832416,-0.009124421732482901,0,0,0,3,0,0.6666666666666666,0.17699115044247787,0.06449904853982852,0.035794747365404125,0.9626280891809131,0.3242207803472735,0.0,0.275062656641604,0.019324970716737278
8,113,100.0,113,0,111,2,0,0.0,0.628963044947429,0.6278473851071144,0.04566833389394921,0.5104940668644461,0.32649599486181324,1.0267370439987558,6.884955752212389,6.321882890351117,0.19992382308018364,0.004142667751752555,7.478373759735199e-05,0.0,0.004142667751752555,-0.001402297895404414,0,0,0,2,0,1.0,0.168141592920354,0.06347605580519286,0.029442375588059122,0.9620857022353526,0.32048740031631945,0.0,0.275062656641604,0.01928123375941765
9,113,100.0,113,0,109,4,0,0.0,0.6292142611660287,0.628150986486436,0.04623067166285872,0.5099900055872914,0.3222437125408555,1.0245293690006332,6.884955752212389,6.321882890351117,0.20131872259070338,0.0032080095494127136,7.259538816811324e-05,0.0,0.0032080095494127136,0.0004909163677618289,0,0,0,4,0,1.0,0.168141592920354,0.0638917665365254,0.026468278004483953,0.967382211205311,0.3236304716771647,0.0,0.23966165413533833,0.01926655675869198
10,113,100.0,113,0,108,5,0,0.0,0.6265940566118492,0.6255844307625336,0.04507225417682328,0.5093880067560292,0.32556340196037603,1.006875466523437,6.884955752212389,6.321882890351117,0.20034401488282105,0.0046925509407802915,7.111875620336657e-05,0.0,0.0046925509407802915,-0.0015092978732747508,0,0,0,5,0,1.0,0.18584070796460178,0.0632950933781617,0.036714069350281486,0.9561432904853495,0.3222329872083667,0.0,0.31046365914786966,0.019234426905364248
11,113,100.0,113,0,109,4,0,0.0,0.6294968889335428,0.6284131325379955,0.04680538444606263,0.5089671273567306,0.3215010841021334,1.000923328535037,6.884955752212389,6.321882890351117,0.20248951095422107,0.005002517374314975,7.21651040185017e-05,0.0,0.005002517374314975,-0.006789330983669947,0,0,0,4,0,1.0,0.1592920353982301,0.0642718057553616,0.03315675398255539,0.9492536509210674,0.32555412912543413,0.0,0.31046365914786966,0.01923563731560608
12,113,100.0,113,0,109,4,0,0.0,0.6302098231508242,0.6291532850966807,0.048442712939078925,0.508610288722541,0.3176610038897232,0.9927284853180977,6.884955752212389,6.321882890351117,0.2051865875669172,0.005469625055925784,6.946295997043263e-05,0.0,0.005469625055925784,-0.005426630884815389,0,0,0,4,0,1.0,0.168141592920354,0.0656060880858181,0.021622658468199045,0.9514877802584684,0.33094983408136014,0.0,0.275062656641604,0.01922792252641199
13,113,100.0,113,0,110,3,0,0.0,0.6322645970227037,0.6311684709238844,0.04857362749310158,0.5083779271593275,0.31782766884032804,0.9933458355103647,6.884955752212389,6.321882890351117,0.20450618281109212,0.002782482007596503,7.067873672454255e-05,0.0,0.002782482007596503,-0.0018161676631191874,0,0,0,3,0,1.0,0.1504424778761062,0.0654502500040707,0.03499417433733467,0.9477095925131702,0.32981318994733555,0.0,0.25313283208020043,0.019230851582817114
14,112,99.11504424778761,113,1,108,4,0,0.008849557522123894,0.630688681055543,0.6297220643694513,0.04889580899347196,0.5080812479926677,0.32091705393929565,1.0058756633862083,6.884955752212389,6.321882890351117,0.20549307981371,0.05945606331511731,9.219841429260173e-05,0.0,0.05945606331511731,-0.007256753675747007,0,1,0,4,0,0.8,0.1592920353982301,0.06621533584914194,0.05448304088850703,0.9592839987125886,0.32831415909781914,0.008849557522123894,0.27098997493734334,0.01921359414824316
15,112,99.11504424778761,113,0,111,2,0,0.0,0.6351540724623636,0.6341180607260032,0.05119268389521838,0.5080315074552676,0.31498463392996956,1.0002762268682341,6.884955752212389,6.321882890351117,0.20888371969667996,0.004010183457032506,7.126486587630576e-05,0.0,0.004010183457032506,0.00012554628941649493,0,0,0,2,0,1.0,0.1592920353982301,0.0680885092845814,0.07410384928222127,0.9423308605067651,0.3325089922444928,0.0,0.3458646616541353,0.01923434883601553
16,112,99.11504424778761,113,0,110,3,0,0.0,0.6285556705563022,0.627598923114949,0.04927873724178336,0.5076552056602056,0.31973909889188024,1.0385158000970258,6.884955752212389,6.321882890351117,0.20715727833538256,0.007903823497846713,6.941689450123453e-05,0.0,0.007903823497846713,-0.0042159528920539535,0,0,0,3,0,1.0,0.19469026548672566,0.06691349567221261,0.07826601543701452,0.9406232564321286,0.3298019297665278,0.0,0.34179197994987465,0.01918946214708617
17,112,99.11504424778761,113,0,108,5,0,0.0,0.6221132605131504,0.6211639348040415,0.05060041212669157,0.506977243283923,0.31868214754474933,1.0172492460344764,6.884955752212389,6.321882890351117,0.2118384066435317,0.02681900408340524,9.436300016480585e-05,0.0,0.02681900408340524,-0.009716394047522892,0,0,0,5,0,0.8,0.20353982300884957,0.06979088504343534,0.09018676092527711,0.9471725592124336,0.3365756322808541,0.0,0.306390977443609,0.019135820103135796
18,112,99.11504424778761,113,0,109,4,0,0.0,0.6151106329625415,0.6141327478493765,0.050733764995300974,0.5059865381710493,0.31977142705285244,1.064783763282787,6.884955752212389,6.321882890351117,0.21323888115935485,0.033341935941503316,7.984929181072394e-05,0.0,0.033341935941503316,-0.007992384087804963,0,0,0,4,0,0.75,0.19469026548672566,0.07091390538675213,0.07721042955544674,0.9500879836671664,0.33955933899182844,0.0,0.306390977443609,0.019069491356870454
19,113,100.0,113,0,109,4,0,0.0,0.6193043075563368,0.6183805812159431,0.05405278050220109,0.5052732987158495,0.3186431079401612,1.043807598942276,6.884955752212389,6.321882890351117,0.21437128907885583,0.03165808619514021,8.804050713471498e-05,0.0,0.03165808619514021,-0.006913020106020712,0,0,0,4,0,0.75,0.18584070796460178,0.0726312188225012,0.0662693299634854,0.9302559111890906,0.345262819863082,0.0,0.306390977443609,0.019067914648296675
20,113,100.0,113,0,110,3,0,0.0,0.6182870208518343,0.6173424562460172,0.05537442702935784,0.5045526461878517,0.31554374881028,1.0334394280673265,6.884955752212389,6.321882890351117,0.21569419432547443,0.03190093276098375,7.504946990476761e-05,0.0,0.03190093276098375,-0.006782005461355156,0,0,0,3,0,0.6666666666666666,0.18584070796460178,0.07384213118877336,0.05671494115717928,0.9403788459960437,0.35028355702593134,0.0,0.306390977443609,0.019040048810340972
21,113,100.0,113,0,110,3,0,0.0,0.616146963539281,0.6150235461879686,0.053657565642571875,0.5037602734461584,0.31949003079498645,1.0612060635060439,6.884955752212389,6.321882890351117,0.21484763013518116,0.031368757616601455,8.333852335136953e-05,0.0,0.031368757616601455,-0.007370906013767553,0,0,0,3,0,0.6666666666666666,0.19469026548672566,0.07308439332402551,0.06763212525817161,0.9501771500202542,0.34616724903167606,0.0,0.27098997493734334,0.01900430208538575
22,113,100.0,113,0,109,4,0,0.0,0.6203623103937244,0.6191099658826241,0.05544295330400159,0.5032246645152535,0.3147007260165305,1.0486397968397965,6.884955752212389,6.321882890351117,0.21698317922206822,0.029529637702912732,8.437779005210494e-05,0.0,0.029529637702912732,-0.008382712697917835,0,0,0,4,0,0.75,0.19469026548672566,0.07488472209091239,0.07764933048181777,0.9494419560627441,0.34685690537285535,0.0,0.27098997493734334,0.019008448534976935
23,113,100.0,113,0,109,4,0,0.0,0.6180387277249025,0.6167144748170776,0.05674572852474723,0.5026017640418605,0.31133001302795366,1.0881348592928528,6.884955752212389,6.321882890351117,0.21936857231797857,0.029285178373456178,7.594586517187025e-05,0.0,0.029285178373456178,-0.008045594844373768,0,0,0,4,0,0.75,0.20353982300884957,0.07681251855599666,0.08443463370098908,0.9448444469959918,0.3508885014168003,0.0,0.306390977443609,0.018977141102407148
24,113,100.0,113,0,110,3,0,0.0,0.6203703318867401,0.6189004204882361,0.05887112974735168,0.5021287969472208,0.31039317981298786,1.0884219234525832,6.884955752212389,6.321882890351117,0.22275685001412393,0.033362607466388486,8.658887787159964e-05,0.0,0.033362607466388486,-0.008622527232492905,0,0,0,3,0,0.6666666666666666,0.21238938053097345,0.079120288386333,0.09705116002825422,0.900238507790236,0.35371415918289795,0.0,0.3771929824561403,0.01897384891029983
25,113,100.0,113,0,109,4,0,0.0,0.6243580830706399,0.6227038780371791,0.06300597262541278,0.5018780903840367,0.30212388570264026,1.0517432111725276,6.884955752212389,6.321882890351117,0.23002154239343708,0.028398178220274885,6.69381348393294e-05,0.0,0.028398178220274885,-0.008240823783397383,0,0,0,4,0,0.75,0.20353982300884957,0.08391329144406852,0.10159880278074218,0.9371329062860954,0.365335596926766,0.0,0.27098997493734334,0.018985862978557866
26,113,100.0,113,0,110,3,0,0.0,0.6176722622393932,0.6159318870697942,0.059090428703546694,0.5013007393255331,0.3036594069284614,1.0635972013797659,6.884955752212389,6.321882890351117,0.22756808312220111,0.006032531597664917,7.289485226589647e-05,0.0,0.006032531597664917,-0.010309869913130487,0,0,0,3,0,1.0,0.21238938053097345,0.08171303185585505,0.11707639618841362,0.9406222542372975,0.3582294306801225,0.0,0.306390977443609,0.018934184145509233
27,112,99.11504424778761,113,1,108,4,0,0.008849557522123894,0.6142939768981392,0.6126967028154923,0.0547645609798606,0.500592314471249,0.3075535206237813,1.0631019457906967,6.884955752212389,6.321882890351117,0.22104000178613914,0.03150041115295251,7.845344616274824e-05,0.0,0.03150041115295251,-0.007021263972917335,0,1,0,4,0,0.8,0.20353982300884957,0.07732504354428872,0.1161323571843054,0.9465330662069357,0.34797169448635884,0.008849557522123894,0.306390977443609,0.01889489982397597
28,112,99.11504424778761,113,0,110,3,0,0.0,0.6188150608991503,0.617155495321106,0.05753313065452284,0.5001581327247318,0.30521366086173846,1.0488235980711509,6.884955752212389,6.321882890351117,0.22353492048955714,0.017447320743535426,7.843282172932534e-05,0.0,0.017447320743535426,-0.0073013252395255175,0,0,0,3,0,1.0,0.21238938053097345,0.0791020094974536,0.10356643016878546,0.9337802907327508,0.35262880538576363,0.0,0.306390977443609,0.018903781013207978
29,112,99.11504424778761,113,0,110,3,0,0.0,0.6193819504024256,0.6177499236645894,0.06201891576962242,0.49978146269075435,0.298455272622804,1.0383088642004181,6.884955752212389,6.321882890351117,0.2297306721257455,0.006099497901248256,6.176235700544758e-05,0.0,0.006099497901248256,-0.007069810919149887,0,0,0,3,0,1.0,0.22123893805309736,0.08412156781334217,0.0967644600073726,0.9294209598912601,0.3647316342394678,0.0,0.34179197994987465,0.018894709141508804
30,112,99.11504424778761,113,0,108,5,0,0.0,0.6194011923423286,0.6177778233668926,0.059066282454353296,0.49943001632441303,0.29578964364652593,1.0307247520494953,6.884955752212389,6.321882890351117,0.22648638098878315,0.014055429285241575,6.0947503146396655e-05,0.0,0.014055429285241575,-0.0058915436541328746,0,0,0,5,0,0.8,0.21238938053097345,0.08140489673577052,0.10158638124799779,0.9453706907591606,0.3599157079299146,0.0,0.306390977443609,0.018883696337357075
31,112,99.11504424778761,113,0,109,4,0,0.0,0.6204409004196125,0.6188384813114619,0.0625186883499456,0.49915443082827265,0.290773535896357,0.9923322580874937,6.884955752212389,6.321882890351117,0.23120328754773034,0.014468248315048497,7.070356222196488e-05,0.0,0.014468248315048497,-0.005315715457046219,0,0,0,4,0,0.75,0.20353982300884957,0.08527007255882339,0.092990592243604,0.938665399684038,0.3685678487955884,0.0,0.27098997493734334,0.0188801837815791
32,113,100.0,113,0,109,4,0,0.0,0.6243722672509849,0.6227848177290478,0.06701519725834186,0.4990958537378843,0.287270025376883,0.9639289258649182,6.884955752212389,6.321882890351117,0.23299316850984297,0.0029709092717455617,5.708664049850218e-05,0.0,0.0029709092717455617,-0.001106410849304601,0,0,0,4,0,1.0,0.18584070796460178,0.08801233038356561,0.07913975844228921,0.9321764393204693,0.373644780704165,0.0,0.306390977443609,0.018897989028208495
33,113,100.0,113,0,109,4,0,0.0,0.6276793411816003,0.6261441188587501,0.06888811084837727,0.499210876689234,0.28232353907090457,0.9308847633931083,6.884955752212389,6.321882890351117,0.23501848745494391,0.013195509886281487,5.955218910301762e-05,0.0,0.013195509886281487,-0.005090285902542041,0,0,0,4,0,1.0,0.20353982300884957,0.08979484427867379,0.07301389122500755,0.9334572682396125,0.3765156772208171,0.0,0.306390977443609,0.01891816020600225
34,113,100.0,113,0,110,3,0,0.0,0.6336735873954202,0.6320165855583931,0.07213345231347294,0.4996156283983233,0.2771992094263471,0.9324190354192712,6.884955752212389,6.321882890351117,0.23749665359393224,0.0032420991555710036,5.8755660460408676e-05,0.0,0.0032420991555710036,-0.005038442212037382,0,0,0,3,0,1.0,0.20353982300884957,0.09205041030941921,0.0661333853496166,0.9413798067222606,0.3825730724942888,0.0,0.23558897243107765,0.01896092540159401
35,113,100.0,113,0,109,4,0,0.0,0.6321153478975268,0.6304665249013505,0.07317467038073311,0.4999163977627934,0.27974641818250856,0.9174351845732867,6.884955752212389,6.321882890351117,0.23846610502649268,0.014228720310685289,6.865097879333728e-05,0.0,0.014228720310685289,-0.00517033336618844,0,0,0,4,0,1.0,0.18584070796460178,0.09313210208354765,0.0747166542474327,0.9431764220676842,0.3847928271335864,0.0,0.27098997493734334,0.018962641347600468
36,113,100.0,113,0,108,5,0,0.0,0.6366996329993023,0.6351274129756451,0.07698405981544673,0.5004338775488373,0.2694209476273833,0.8908823221720052,6.884955752212389,6.321882890351117,0.24441647267420463,0.011271459685874095,6.172772233514125e-05,0.0,0.011271459685874095,-0.004695438917743294,0,0,0,5,0,1.0,0.18584070796460178,0.09662891173082111,0.06571336589523791,0.9460946416679179,0.3953155383793802,0.0,0.27098997493734334,0.019001920006136815
37,113,100.0,113,0,108,5,0,0.0,0.6381114522128462,0.6366080337742512,0.07373779249676365,0.5009935253591766,0.2734013991941041,0.8965977741129988,6.884955752212389,6.321882890351117,0.23990886690036062,0.01275235239850207,5.4858799422014706e-05,0.0,0.01275235239850207,-0.005006946946810392,0,0,0,5,0,1.0,0.19469026548672566,0.09309120786123287,0.06966004960837614,0.9396072861267462,0.38820556253514993,0.0,0.27098997493734334,0.019026669241788564
38,113,100.0,113,0,109,4,0,0.0,0.6406778309565865,0.6392205430239137,0.07316211668227166,0.5016499207105586,0.2751392384686116,0.8971884909575286,6.884955752212389,6.321882890351117,0.23897012928265626,0.015071902947091795,5.7011791047605986e-05,0.0,0.015071902947091795,-0.007221815946642986,0,0,0,4,0,1.0,0.18584070796460178,0.09174564375136156,0.06986088952347905,0.9423204739806789,0.3848858359190142,0.0,0.23558897243107765,0.019060249408213308
39,113,100.0,113,0,107,6,0,0.0,0.6428631216533747,0.6414015699218394,0.07092500710495288,0.5023751250895637,0.2756539066268049,0.886766976358185,6.884955752212389,6.321882890351117,0.2363197559452921,0.011123627771158362,5.8875830398319e-05,0.0,0.011123627771158362,-0.006599317904258856,0,0,0,6,0,0.8333333333333334,0.18584070796460178,0.08924579450681842,0.07708218241891042,0.9440785096960618,0.38119781249682805,0.0,0.23558897243107765,0.01909409914747545
40,112,99.11504424778761,113,1,107,5,0,0.008849557522123894,0.6464322612967837,0.64493584838697,0.07063450767007594,0.5032387878306525,0.2770690098819274,0.9000349485959793,6.884955752212389,6.321882890351117,0.2352404582373273,0.010258377715297367,6.103970329640761e-05,0.0,0.010258377715297367,-0.006430682064644995,0,1,0,5,0,1.0,0.18584070796460178,0.08824018208308641,0.07161690067039315,0.9438118258718622,0.3817801517152391,0.008849557522123894,0.23558897243107765,0.01913924471922211
41,112,99.11504424778761,113,0,106,7,0,0.0,0.6486551856895556,0.6471357056834882,0.06996731416954843,0.504153550169142,0.2769162425960816,0.9057842951938835,6.884955752212389,6.321882890351117,0.23369403565230495,0.00229832817760008,5.506900133505813e-05,0.0,0.00229832817760008,-0.0021903828464406106,0,0,0,7,0,1.0,0.20353982300884957,0.08669021134754396,0.06447081890009924,0.9516298692865103,0.37845544468146,0.0,0.200187969924812,0.01917927444306814
42,112,99.11504424778761,113,0,106,7,0,0.0,0.6463451456404307,0.6449121362861536,0.07038732632243767,0.504898025141239,0.28339849853403837,0.9157639682847973,6.884955752212389,6.321882890351117,0.23311834820682953,0.016094630439207953,6.516395887733684e-05,0.0,0.016094630439207953,-0.004366681266332606,0,0,0,7,0,0.8571428571428571,0.22123893805309736,0.08697176863594933,0.05263618362890384,0.9425557525179271,0.37998321038143584,0.0,0.20018796992481203,0.01919125666076449
43,112,99.11504424778761,113,0,106,7,0,0.0,0.6516027943658823,0.6500695901308289,0.07448877406462479,0.5058562738311995,0.2824400888849192,0.921827023751528,6.884955752212389,6.321882890351117,0.2362596365738543,0.01690416049697086,6.383537926882465e-05,0.0,0.01690416049697086,-0.002000791697706295,0,0,0,7,0,0.8571428571428571,0.20353982300884957,0.08976179855030367,0.06617126078145681,0.9455402987402284,0.383576568979747,0.0,0.2214912280701754,0.01924783458438056
44,112,99.11504424778761,113,0,106,7,0,0.0,0.6515356217238976,0.6499460108726156,0.07633898124694519,0.5067476931323976,0.2765354958439731,0.906432449581133,6.884955752212389,6.321882890351117,0.24044964640422384,0.01707018712157343,6.208129841989655e-05,0.0,0.01707018712157343,-0.00016465738456709702,0,0,0,7,0,0.8571428571428571,0.20353982300884957,0.09265132589125341,0.06994059040735695,0.9571853281302575,0.38773773119359406,0.0,0.200187969924812,0.019275675963312505
45,113,100.0,113,0,106,7,0,0.0,0.6527473257678266,0.6511828608320291,0.07990114626048943,0.5076453117140828,0.2756489695973285,0.8999821911854633,6.884955752212389,6.321882890351117,0.24309773363140286,0.01755703471032146,6.631094550378836e-05,0.0,0.01755703471032146,-0.0024906701920180524,0,0,0,7,0,0.8571428571428571,0.20353982300884957,0.09532713352321281,0.06884414381944222,0.9543134100163366,0.39382873689061254,0.0,0.18609022556390975,0.01931010768130023
46,113,100.0,113,0,107,6,0,0.0,0.6511858073657003,0.6496968400497666,0.07866629114806507,0.508411028305367,0.27673601813028653,0.9106033048623249,6.884955752212389,6.321882890351117,0.24239575625844823,0.021066412088391145,5.8652781987977356e-05,0.0,0.021066412088391145,-0.0020320149301814305,0,0,0,6,0,0.8333333333333334,0.19469026548672566,0.09452479843441007,0.06875367640723003,0.9594488063105665,0.39372310371367136,0.0,0.200187969924812,0.01932650394237609
47,113,100.0,113,0,107,6,0,0.0,0.6578767248186157,0.6562667665250987,0.07981913917624332,0.5094606116366805,0.27852690954002796,0.93588329797887,6.884955752212389,6.321882890351117,0.24390429235079192,0.023130362196738977,6.421178479688916e-05,0.0,0.023130362196738977,-0.0019046515451836045,0,0,0,6,0,0.8333333333333334,0.20353982300884957,0.09533357427637498,0.08394088916126395,0.9520200487217729,0.39275277675669473,0.0,0.23558897243107768,0.01939313524416181
48,113,100.0,113,0,107,6,0,0.0,0.6572428246739654,0.6555462823504381,0.08640258211867441,0.510407403006339,0.2718723464724488,0.9319690279764142,6.884955752212389,6.321882890351117,0.25038706355112206,0.024732037322239653,5.96141357546228e-05,0.0,0.024732037322239653,-0.0012286671994519622,0,0,0,6,0,0.8333333333333334,0.22123893805309736,0.10141216170234915,0.07212851336584163,0.9543563530993685,0.4057723368782693,0.0,0.23558897243107768,0.01941989326424144
49,113,100.0,113,0,107,6,0,0.0,0.6574171826538626,0.6557114370498821,0.08745107692536616,0.5113026920437415,0.2705335305463794,0.8961618379697025,6.884955752212389,6.321882890351117,0.2513500811528613,0.025379276558883185,6.415046835999353e-05,0.0,0.025379276558883185,-0.003624425557336062,0,0,0,6,0,0.8333333333333334,0.20353982300884957,0.10204279034833447,0.0728902662879398,0.9284263000379638,0.4088234040591479,0.0,0.27098997493734334,0.01944906461637829
50,113,100.0,113,0,106,7,0,0.0,0.6593970127761379,0.6577006593029098,0.08871209984026256,0.5122419869976812,0.26921802649870374,0.8899514270325705,6.884955752212389,6.321882890351117,0.25288547206819834,0.018950991399484227,5.73820276038878e-05,0.0,0.018950991399484227,-0.0018165517602741368,0,0,0,7,0,0.8571428571428571,0.23008849557522124,0.10301901289191247,0.07558349216938169,0.9606635499381853,0.40861406172548204,0.0,0.2214912280701754,0.019488654330481192
51,113,100.0,113,0,107,6,0,0.0,0.6599655446538227,0.6583045041224235,0.0874385517748574,0.5131524403145012,0.26856327785627593,0.8986175742448618,6.884955752212389,6.321882890351117,0.2537187159600387,0.026869919010047844,5.513983802231755e-05,0.0,0.026869919010047844,-0.0013941028236453639,0,0,0,6,0,0.8333333333333334,0.20353982300884957,0.10269556981070437,0.08095125154701414,0.9644949909995314,0.40914097368397684,0.0,0.2214912280701754,0.019520275886099954
52,112,99.11504424778761,113,1,105,7,0,0.008849557522123894,0.6599384495526907,0.6581033282234254,0.08890740319564361,0.5140043526554073,0.269634381379335,0.9070234865322166,6.884955752212389,6.321882890351117,0.25444215701258366,0.03306546957841296,5.651065924579261e-05,0.0,0.03306546957841296,-0.002243125254891596,0,1,0,7,0,0.75,0.20353982300884957,0.10316151409584984,0.07792307115381568,0.947573410828097,0.4088449440656158,0.008849557522123894,0.2393483709273183,0.01954706886085456
53,112,99.11504424778761,113,0,106,7,0,0.0,0.6641766837852441,0.6622904999657973,0.09338305319109913,0.5150049832706319,0.26442275447115837,0.9028264446923603,6.884955752212389,6.321882890351117,0.25888290785041024,0.03489581016519535,5.524390189151629e-05,0.0,0.03489581016519535,-0.0016900446042776415,0,0,0,7,0,0.7142857142857143,0.22123893805309736,0.10676691472725576,0.08098830431923078,0.9490775641715227,0.4144168075857384,0.0,0.23934837092731828,0.019599889379847076
54,112,99.11504424778761,113,0,105,8,0,0.0,0.6653218506519367,0.6634049604218712,0.09490415556070038,0.515998719098111,0.25799470663184026,0.8772650446891243,6.884955752212389,6.321882890351117,0.2623175150350394,0.04127177610096575,5.3839894922164935e-05,0.0,0.04127177610096575,-0.002057196177879323,0,0,0,8,0,0.625,0.23008849557522124,0.10884471919442593,0.09030518949451724,0.942709539555391,0.4185886583837033,0.0,0.27474937343358397,0.019637026621806886
55,112,99.11504424778761,113,0,107,6,0,0.0,0.6640397664904459,0.6621026913576152,0.09510222282290393,0.5168637697702096,0.2653282096737939,0.8990937316639581,6.884955752212389,6.321882890351117,0.2616868955936409,0.01927282589260836,5.5209297319771585e-05,0.0,0.01927282589260836,-0.004417067747353116,0,0,0,6,0,0.8333333333333334,0.23008849557522124,0.10835430825409939,0.09280950273195915,0.9311782475218391,0.41667186488286906,0.0,0.3101503759398496,0.019657959946215567
56,112,99.11504424778761,113,0,110,3,0,0.0,0.6688394247011631,0.6668795307131823,0.09682765640908636,0.5179157219038114,0.2661328977023368,0.897367333843461,6.884955752212389,6.321882890351117,0.26114213861733093,0.00291837708526968,5.2804998257131875e-05,0.0,0.00291837708526968,-0.0037941416518420534,0,0,0,3,0,1.0,0.20353982300884957,0.1082770767044502,0.08542660093216387,0.9288008046090029,0.4186297963069849,0.0,0.3455513784461153,0.019715209828243582
57,113,100.0,113,0,108,5,0,0.0,0.6695852055414347,0.6677109238694499,0.10095028807938734,0.5189432186168224,0.26391944012412194,0.8965013164019182,6.884955752212389,6.321882890351117,0.26550153995925885,0.0018548470777079462,5.238067691727495e-05,0.0,0.0018548470777079462,-0.007508930241799688,0,0,0,5,0,1.0,0.22123893805309736,0.11180629587441829,0.07318848537423142,0.9342450423775002,0.42961568044255943,0.0,0.3101503759398496,0.01975141730189432
58,113,100.0,113,0,108,5,0,0.0,0.6737321604231483,0.6718108724917532,0.10605518052162145,0.5201131133513078,0.26153759932770104,0.8412509342968095,6.884955752212389,6.321882890351117,0.2695001403358499,0.02278279903734169,6.013335612503603e-05,0.0,0.02278279903734169,-0.0048693291253254665,0,0,0,5,0,0.8,0.23008849557522124,0.11553107234810948,0.07936737772470273,0.9161274844267604,0.4367630752369199,0.0,0.3455513784461153,0.019809131763830163
59,113,100.0,113,0,106,7,0,0.0,0.6731436946594958,0.6712437280525934,0.10336172074486036,0.5211803653449285,0.2678866944741636,0.8576961628652165,6.884955752212389,6.321882890351117,0.2661867637034956,0.01720096151357044,5.89929514864413e-05,0.0,0.01720096151357044,-0.001715762660003482,0,0,0,7,0,0.8571428571428571,0.22123893805309736,0.11301562812767006,0.07531571209686912,0.9173977085063738,0.4326106278740998,0.0,0.3455513784461153,0.01983992464560272
60,113,100.0,113,0,106,7,0,0.0,0.6778485646429425,0.6758927429495586,0.1018613335590512,0.5224152711392405,0.26669602144115595,0.8460531882514419,6.884955752212389,6.321882890351117,0.26548690395770635,0.029699633528844607,6.347904512249406e-05,0.0,0.029699633528844607,-0.004666865513357361,0,0,0,7,0,0.7142857142857143,0.23008849557522124,0.11143910006345137,0.0758048404445893,0.9216515096680997,0.4289851617632553,0.0,0.27474937343358397,0.019902483644581234
61,113,100.0,113,0,107,6,0,0.0,0.6719246075194301,0.6700378773880202,0.10094816841970432,0.5232759974400795,0.27071962772995795,0.8518353616139249,6.884955752212389,6.321882890351117,0.266383961719147,0.015686161022594198,5.877886296829107e-05,0.0,0.015686161022594198,-0.004671879859204022,0,0,0,6,0,0.8333333333333334,0.22123893805309736,0.1121119933067858,0.07449969823634682,0.9314956581259826,0.4324458203832251,0.0,0.27474937343358397,0.019900070913336416
62,113,100.0,113,0,108,5,0,0.0,0.6715323971844388,0.6696885671611703,0.10151930858931568,0.5240646432454006,0.26905161258243276,0.8326727926182551,6.884955752212389,6.321882890351117,0.2664458051337286,0.02033755914403106,5.358417939553581e-05,0.0,0.02033755914403106,-0.0029173120540165963,0,0,0,5,0,0.8,0.22123893805309736,0.11214503136594754,0.05961567292315315,0.9477088127882782,0.43617424836762353,0.0,0.23934837092731825,0.019923038493777495
63,113,100.0,113,0,108,5,0,0.0,0.6734863086273873,0.6716309707099583,0.10227258482547584,0.5249016689685795,0.26935296782621365,0.8308212080741654,6.884955752212389,6.321882890351117,0.26812869471903755,0.019666903543532573,6.229934044534385e-05,0.0,0.019666903543532573,-0.004872313667517175,0,0,0,5,0,0.8,0.23008849557522124,0.11325952642605575,0.07008010492747285,0.9481876643450637,0.4375582087380036,0.0,0.23934837092731825,0.01995926594398298
64,113,100.0,113,0,107,6,0,0.0,0.6751014568965458,0.6732215065562064,0.10504573894464464,0.5257662203566001,0.2682726895056107,0.8169535924504537,6.884955752212389,6.321882890351117,0.2692160935896324,0.017468308041166378,5.0628792363837375e-05,0.0,0.017468308041166378,-0.003923609501906973,0,0,0,6,0,0.8333333333333334,0.23008849557522124,0.11454348754062756,0.05372339868818767,0.9424482670172528,0.44208731604310636,0.0,0.23934837092731828,0.019994669648467557
65,113,100.0,113,0,106,7,0,0.0,0.6790396729344341,0.6769923180867393,0.11081266648810797,0.526766824849524,0.2661427618888795,0.8506176816269614,6.884955752212389,6.321882890351117,0.2725313456979177,0.03052613789412194,5.914179608911838e-05,0.0,0.03052613789412194,-0.00652647068891007,0,0,0,7,0,0.7142857142857143,0.23008849557522124,0.11827015441475043,0.06577349419938991,0.9294517697601404,0.44907218462300486,0.0,0.27474937343358397,0.020045989250776115
66,113,100.0,113,0,110,3,0,0.0,0.6818747405867892,0.6798272741348516,0.11068088119108241,0.5278475503792934,0.26210394220287464,0.8396669156510027,6.884955752212389,6.321882890351117,0.2725424607521212,0.006000147613286977,5.457387751627111e-05,0.0,0.006000147613286977,-0.005377282221250408,0,0,0,3,0,1.0,0.22123893805309736,0.11792075010017056,0.061496281503558244,0.9428089978679243,0.4493266339740418,0.0,0.23934837092731828,0.02009432569021697
67,113,100.0,113,0,109,4,0,0.0,0.6861062993619824,0.684140632733458,0.11257635372102824,0.5290781020901005,0.2576430573559424,0.7940531240552309,6.884955752212389,6.321882890351117,0.2727540592087063,0.030298175588914966,5.171480315201066e-05,0.0,0.030298175588914966,-0.007936287484212809,0,0,0,4,0,0.75,0.21238938053097345,0.11813725442695633,0.04688112078184638,0.9535937871168438,0.4496375202937674,0.0,0.23558897243107768,0.020154380503124153
68,113,100.0,113,0,109,4,0,0.0,0.6828201263267528,0.6807283036599794,0.10845514287157966,0.5300582810045581,0.2630067137368026,0.8744702486819219,6.884955752212389,6.321882890351117,0.27100225827836444,0.03057007730343371,6.039177657940291e-05,0.0,0.03057007730343371,-0.005600322796936896,0,0,0,4,0,0.75,0.23893805309734514,0.11596725321290648,0.051343660251749176,0.9448888059697537,0.44397518534252595,0.0,0.27098997493734334,0.020168932519491964
69,113,100.0,113,0,107,6,0,0.0,0.6864676039314864,0.6844358072916168,0.11221340055776824,0.531164001386126,0.26230933897306213,0.8678813025307173,6.884955752212389,6.321882890351117,0.2735680570694219,0.03452915504521024,5.7888472114983655e-05,0.0,0.03452915504521024,-0.005053747523186635,0,0,0,6,0,0.6666666666666666,0.22123893805309736,0.11825111530201991,0.0540931548688894,0.9370433676074256,0.4472523754982245,0.0,0.306390977443609,0.020222121081324367
70,112,99.11504424778761,113,1,105,7,0,0.008849557522123894,0.696185734247204,0.693790171716767,0.11223561933451527,0.5326818062180458,0.2634873688477727,0.868179388606232,6.884955752212389,6.321882890351117,0.27152254571238377,0.036279138786029834,5.9890829467611185e-05,0.0,0.036279138786029834,-0.00011988244003905552,0,1,0,7,0,0.75,0.21238938053097345,0.11645792913159883,0.07044582113790077,0.9302137598468901,0.43773777732983443,0.008849557522123894,0.306390977443609,0.020318688654891986
71,112,99.11504424778761,113,0,107,6,0,0.0,0.694409788134619,0.6919883179965176,0.10651740913958269,0.5340036391136541,0.2652535925207737,0.8590375521701057,6.884955752212389,6.321882890351117,0.26744483146118303,0.02002004390767735,6.313508962299559e-05,0.0,0.02002004390767735,0.0009080763682160348,0,0,0,6,0,0.8333333333333334,0.21238938053097345,0.11228652777358286,0.08602018404424351,0.9363825961075212,0.4259356085997522,0.0,0.306390977443609,0.020351591288162305
72,112,99.11504424778761,113,0,106,7,0,0.0,0.6974627131446683,0.6949289034915624,0.11316093865590726,0.5353906275786259,0.2584094199255294,0.8493551213596843,6.884955752212389,6.321882890351117,0.2730635492411182,0.017851060456507827,5.5488427982664284e-05,0.0,0.017851060456507827,0.0007356306906997781,0,0,0,7,0,0.8571428571428571,0.20353982300884957,0.11758338242909666,0.08704747502641895,0.9190063057975514,0.4357875544410012,0.0,0.3286340852130326,0.02041069780644165
73,111,98.23008849557522,113,1,108,4,0,0.008849557522123894,0.6978638596707557,0.6955893369920602,0.11252605640652592,0.5367166125665433,0.2632117226715943,0.8723148993174075,6.884955752212389,6.321882890351117,0.27160040232491833,0.02325382388890248,6.272881779302816e-05,0.0,0.02325382388890248,-0.0030260252778334827,0,1,0,4,0,0.8,0.23893805309734514,0.116259041277,0.08213416696928409,0.9165412965824007,0.43563927348103554,0.008849557522123894,0.34179197994987465,0.020454617148111975
74,111,98.23008849557522,113,0,109,4,0,0.0,0.6988276546770336,0.6965405643032654,0.11004729499873235,0.5380135998742617,0.26909667396451414,0.9074544165292591,6.884955752212389,6.321882890351117,0.26794078581042036,0.003381985682806488,7.131608943742416e-05,0.0,0.003381985682806488,-0.0030934326554734604,0,0,0,4,0,1.0,0.24778761061946902,0.11310336150244477,0.08987599559620658,0.9345085665693028,0.4315942317478312,0.0,0.306390977443609,0.020500433132491704
75,112,99.11504424778761,113,0,110,3,0,0.0,0.6936944679294714,0.691353402899993,0.1051457536000487,0.5389662521478845,0.27815955666670467,0.8886656516721457,6.884955752212389,6.321882890351117,0.2651940735789031,0.0032052428040287803,6.563130074147683e-05,0.0,0.0032052428040287803,-0.00284912772714907,0,0,0,3,0,1.0,0.25663716814159293,0.11069803124622328,0.10291697742155732,0.936780746025941,0.4249789296661059,0.0,0.27098997493734334,0.020504879979299243
76,112,99.11504424778761,113,0,108,5,0,0.0,0.6992516223544492,0.696952482751447,0.10861539103698711,0.5401418526773336,0.279159668772091,0.925713823453833,6.884955752212389,6.321882890351117,0.2641819981315947,0.0026520150598099584,6.410977830373577e-05,0.0,0.0026520150598099584,0.0003404640593076658,0,0,0,5,0,1.0,0.24778761061946902,0.1105855395945333,0.09223477239649207,0.9200785529343138,0.42785612444471216,0.0,0.306390977443609,0.02056982579578919
77,112,99.11504424778761,113,0,110,3,0,0.0,0.7004463708095434,0.698066296699723,0.10821085400866001,0.5412994643287937,0.27982348184657563,0.9236302758683793,6.884955752212389,6.321882890351117,0.26404822239309556,0.0035475107203757766,6.85952070229149e-05,0.0,0.0035475107203757766,-0.00384586914341443,0,0,0,3,0,1.0,0.23008849557522124,0.11030024794536086,0.09016594201918476,0.92865378652512,0.42771959495668826,0.0,0.34179197994987465,0.020612390964529846
78,113,100.0,113,0,109,4,0,0.0,0.698321364790836,0.696025849949191,0.10115635211991798,0.5422806974041164,0.2856854721802531,0.960723870899711,6.884955752212389,6.321882890351117,0.25920157119551734,0.0024956606203763304,6.82361956344443e-05,0.0,0.0024956606203763304,-0.0021824996700284954,0,0,0,4,0,1.0,0.23893805309734514,0.10516741890267284,0.07879749302244318,0.9164208540793543,0.41933600507589885,0.0,0.34179197994987465,0.020632782137387957
79,113,100.0,113,0,110,3,0,0.0,0.7017249416804751,0.6994513805331105,0.10500048984210782,0.5433731444990468,0.28409976376313545,0.9926718955530596,6.884955752212389,6.321882890351117,0.2625147197388107,0.0024853534037052954,6.778647597557707e-05,0.0,0.0024853534037052954,0.0023263018567918348,0,0,0,3,0,1.0,0.24778761061946902,0.10796768423317349,0.08110932318095762,0.9158232693248056,0.42584563207960713,0.0,0.3771929824561403,0.020684331634826424
80,113,100.0,113,0,110,3,0,0.0,0.7041489477895959,0.7018566813336302,0.111662810131726,0.5445181766078122,0.27585058332118007,0.9524677151075795,6.884955752212389,6.321882890351117,0.26858161625764887,0.003874107206874334,5.9438012409291784e-05,0.0,0.003874107206874334,0.0011603860303854852,0,0,0,3,0,1.0,0.23893805309734514,0.11299872488925901,0.0727135531385937,0.9129876083172181,0.4381711982459234,0.0,0.3771929824561403,0.02073264545985856
81,113,100.0,113,0,111,2,0,0.0,0.702940726206889,0.7006016981265832,0.11286756227091879,0.5455273502726902,0.27650559194553664,0.9300205089160751,6.884955752212389,6.321882890351117,0.2705173972927224,0.0030498934999813646,5.83669583560719e-05,0.0,0.0030498934999813646,-0.003400760341834591,0,0,0,2,0,1.0,0.23893805309734514,0.11474796328307772,0.07833820770927,0.9209839713349111,0.4407413979750429,0.0,0.34179197994987465,0.02075850374057195
82,113,100.0,113,0,112,1,0,0.0,0.7059204091440688,0.7034421345726426,0.11882888500740886,0.54661638041287,0.2700830000827248,0.9678874440084491,6.884955752212389,6.321882890351117,0.27489805114275523,0.00554188016122256,6.334771802685952e-05,0.0,0.00554188016122256,-0.012230433833313126,0,0,0,1,0,1.0,0.26548672566371684,0.11887183075856585,0.07903431056529599,0.8935428544740696,0.44974507798400976,0.0,0.3988095238095238,0.020807825760309245
83,113,100.0,113,0,111,2,0,0.0,0.7030846685997579,0.7008939859907818,0.1232836127123562,0.5475076905675732,0.2671244696653712,0.9595572615427423,6.884955752212389,6.321882890351117,0.2782248196652386,0.0035249234357987267,6.318885711438914e-05,0.0,0.0035249234357987267,-0.004703426803925478,0,0,0,2,0,1.0,0.2743362831858407,0.12203984881501237,0.05307709882873439,0.9003750720892738,0.46162150870036867,0.0,0.34179197994987465,0.020821820849672764
84,113,100.0,113,0,111,2,0,0.0,0.7026901406286923,0.7005246711326008,0.11776162788289668,0.5483239750158416,0.2721325909885223,0.9334302038890211,6.884955752212389,6.321882890351117,0.27422747308969253,0.002862045369223835,6.525433071778651e-05,0.0,0.002862045369223835,-0.006190447366263563,0,0,0,2,0,1.0,0.26548672566371684,0.11772361149063655,0.04363193458858719,0.8981331670107404,0.4545296216451458,0.0,0.3634085213032581,0.020845650483253274
85,113,100.0,113,0,112,1,0,0.0,0.6991590073551783,0.6970143821669392,0.11608218974018256,0.5489111218312204,0.28343439365602435,0.9624458184951158,6.884955752212389,6.321882890351117,0.2718682904458305,0.005288586987224263,6.54721242091462e-05,0.0,0.005288586987224263,-0.009648604317333498,0,0,0,1,0,1.0,0.25663716814159293,0.11672481318022794,0.04969033625290739,0.9007194890814504,0.4476201203190912,0.0,0.3634085213032581,0.02084655418391704
86,113,100.0,113,0,111,2,0,0.0,0.698772073807967,0.696663933773982,0.11175175254798862,0.5494434259629418,0.29097833782615146,0.9329260192783009,6.884955752212389,6.321882890351117,0.26901543178841636,0.0035518502777811558,5.8818501874535235e-05,0.0,0.0035518502777811558,-0.00040293612131098167,0,0,0,2,0,1.0,0.2743362831858407,0.11380010578166057,0.04676393046049308,0.9095811278135332,0.44436750617984816,0.0,0.32800751879699247,0.020861445338094947
87,113,100.0,113,0,110,3,0,0.0,0.6996608608465846,0.6974276829175862,0.11667698398864665,0.5499807051119828,0.28568681657673245,0.9584714086754982,6.884955752212389,6.321882890351117,0.2728158783116663,0.0036020166809352916,5.881918526670176e-05,0.0,0.0036020166809352916,0.0008974477894352351,0,0,0,3,0,1.0,0.26548672566371684,0.11751847074598147,0.0465963013941107,0.932623377147307,0.44897113335127486,0.0,0.32800751879699247,0.020882872352586363
88,113,100.0,113,0,111,2,0,0.0,0.6988490048111873,0.6964629065446097,0.11785191882880638,0.5504352244764645,0.2899411383996057,0.9586352574544964,6.884955752212389,6.321882890351117,0.2739191666177647,0.003692833096669997,5.918287237002733e-05,0.0,0.003692833096669997,-9.577996000034728e-05,0,0,0,2,0,1.0,0.2831858407079646,0.11887550666494881,0.0562248399514611,0.9325789481597926,0.44946856427376136,0.0,0.32800751879699247,0.020893180163377625
89,113,100.0,113,0,112,1,0,0.0,0.7019427402431272,0.6995752225257591,0.12204185733666142,0.5510184152362146,0.29034257432786914,0.933042316270743,6.884955752212389,6.321882890351117,0.2738778390294685,0.008470724224429859,9.196298636891478e-05,0.0,0.008470724224429859,-0.011942387909028018,0,0,0,1,0,1.0,0.26548672566371684,0.12004869929677257,0.0445568247323137,0.9462306838157716,0.4530395759214997,0.0,0.2572055137844611,0.0209270831589667
90,113,100.0,113,0,112,1,0,0.0,0.7015720841573869,0.6991858940159843,0.12310392497598249,0.5515450470451484,0.28968492803323476,0.9285852674630549,6.884955752212389,6.321882890351117,0.27585705472017863,0.008389497028482538,6.420524570740497e-05,0.0,0.008389497028482538,-0.012536470873769356,0,0,0,1,0,1.0,0.2743362831858407,0.12101720928890614,0.03733885602038297,0.9489024607640789,0.4579058913649354,0.0,0.2572055137844611,0.020941876401650062
91,113,100.0,113,0,112,1,0,0.0,0.70174859962081,0.6993359989451282,0.12116329814535964,0.5520459773741246,0.29464425948608614,0.9714003215776502,6.884955752212389,6.321882890351117,0.27272444123036044,0.009133761971160129,8.718990892518115e-05,0.0,0.009133761971160129,-0.014535233337357178,0,0,0,1,0,1.0,0.25663716814159293,0.11874529991722252,0.03976098241428126,0.9370066874835135,0.4489948239695616,0.0,0.2926065162907268,0.020958593093347244
92,113,100.0,113,0,113,0,0,0.0,0.695626086892982,0.6932012920972794,0.11892555990062503,0.5522049762882709,0.29846908933511773,0.9821189204107902,6.884955752212389,6.321882890351117,0.26993967729051693,0.0,0.0,0.0,0.0,0.0,0,0,0,0,0,0.0,0.24778761061946902,0.11766820882274136,0.045842110524904264,0.9467150113273773,0.4447918653789474,0.0,0.27098997493734334,0.020933006392282735
93,113,100.0,113,0,112,1,0,0.0,0.6949661162592745,0.6923805591495621,0.116652389050986,0.5523124148566302,0.3025281217506407,0.9807108745641469,6.884955752212389,6.321882890351117,0.2682691296917501,0.008413819219883233,9.880105420295093e-05,0.0,0.008413819219883233,-0.01374792597732677,0,0,0,1,0,1.0,0.23008849557522124,0.11629786280560096,0.0607506685568072,0.9380388585644541,0.43984306336391715,0.0,0.306390977443609,0.020933102609349566
94,113,100.0,113,0,112,1,0,0.0,0.6869204038200855,0.6844261391321088,0.11005558470968456,0.5520107659900306,0.30531189469821507,0.996003433951204,6.884955752212389,6.321882890351117,0.26536465656284025,0.008611159362137567,9.988159148910229e-05,0.0,0.008611159362137567,-0.014074697491521904,0,0,0,1,0,1.0,0.23893805309734514,0.11311906679723432,0.06620546388607816,0.9284524284745594,0.43582699402570774,0.0,0.34179197994987465,0.02088333910311037
95,113,100.0,113,0,112,1,0,0.0,0.6859562203822188,0.6835065365768346,0.11134695680650271,0.5516816780542367,0.30249305445629165,0.9915492223999106,6.884955752212389,6.321882890351117,0.26638998325253094,0.008801050542008457,9.595235023038357e-05,0.0,0.008801050542008457,-0.015752375185145495,0,0,0,1,0,1.0,0.26548672566371684,0.11407384938710441,0.060962088917796656,0.9004556321110364,0.4384819303248403,0.0,0.3771929824561403,0.020868115908967456
96,113,100.0,113,0,112,1,0,0.0,0.6918055620831987,0.6892705187176537,0.12021390555701016,0.5516649084329605,0.29231355373862916,0.9724407618371915,6.884955752212389,6.321882890351117,0.2735052864591003,0.003838300260880283,5.80217663211936e-05,0.0,0.003838300260880283,0.00665060242614901,0,0,0,1,0,1.0,0.26548672566371684,0.12043252957730198,0.059169920849263334,0.924562302154085,0.4502900630551232,0.0,0.306390977443609,0.02089683253956324
97,113,100.0,113,0,113,0,0,0.0,0.691772079028752,0.6891557263899274,0.12074502887308224,0.5516433933382818,0.28895916002118743,0.9665904093408992,6.884955752212389,6.321882890351117,0.2750712175056864,0.0,0.0,0.0,0.0,0.0,0,0,0,0,0,0.0,0.24778761061946902,0.12160449325744928,0.06477923901567488,0.9377969977027346,0.45025203198097935,0.0,0.2926065162907268,0.020895985044746337
98,113,100.0,113,0,113,0,0,0.0,0.6965058653063431,0.6938677370998996,0.12848402548487373,0.5518615486417847,0.28833511439075005,0.9708222364400739,6.884955752212389,6.321882890351117,0.2778733410612446,0.0,0.0,0.0,0.0,0.0,0,0,0,0,0,0.0,0.26548672566371684,0.12537751432600103,0.060962391813270206,0.9148157805662713,0.46044453126285406,0.0,0.306390977443609,0.020926549737537565
99,113,100.0,113,0,111,2,0,0.0,0.6891728650752532,0.6867428295223872,0.11879542167063353,0.5517055697720042,0.29713568076242214,0.986492052422654,6.884955752212389,6.321882890351117,0.27174447885561737,0.012205576625627922,0.00010064765612562989,0.0,0.012205576625627922,-0.015366453290455107,0,0,0,2,0,1.0,0.2920353982300885,0.11969944775496871,0.05286341225257493,0.9069154473048651,0.4509075740190465,0.0,0.306390977443609,0.02088495433564151
100,113,100.0,113,0,111,2,0,0.0,0.6845545140398971,0.6821545814532692,0.11521747822920195,0.5513274007679861,0.296999684911906,0.9859826966232643,6.884955752212389,6.321882890351117,0.27138794280616363,0.012025534831972181,9.650931616673112e-05,0.0,0.012025534831972181,-0.015552965410434244,0,0,0,2,0,1.0,0.2831858407079646,0.11870570380122934,0.054799310117774766,0.9192459214624727,0.44816566809603636,0.0,0.306390977443609,0.020849908879683913
101,113,100.0,113,0,112,1,0,0.0,0.6839815286829921,0.6816068091328532,0.1142997797810705,0.5509454355458477,0.2982943668152117,0.9836469663249259,6.884955752212389,6.321882890351117,0.27047538745796595,0.015665973040994863,7.460823776095445e-05,0.0,0.015665973040994863,-0.011142668706992986,0,0,0,1,0,1.0,0.26548672566371684,0.11762217517199962,0.05604453510056355,0.9342487239151832,0.44421745884586794,0.0,0.306390977443609,0.020834970255886657
102,113,100.0,113,0,111,2,0,0.0,0.6885129106683365,0.6862146930386986,0.11749183991021812,0.5508206617371354,0.2940745254652276,0.9690864991541464,6.884955752212389,6.321882890351117,0.27264171652032276,0.011905860284479751,9.035874618000458e-05,0.0,0.011905860284479751,-0.015291101505973459,0,0,0,2,0,1.0,0.25663716814159293,0.11934475584700466,0.05490812901331763,0.9409930491840113,0.4486563085110986,0.0,0.306390977443609,0.020853683138781068
103,113,100.0,113,0,111,2,0,0.0,0.6902538205678908,0.6879375890959668,0.11619210331808287,0.5507909115593382,0.2905116494960491,0.9567713673937154,6.884955752212389,6.321882890351117,0.2720086134596613,0.011718847134027374,7.827158287826151e-05,0.0,0.011718847134027374,-0.013735389653469376,0,0,0,2,0,1.0,0.23893805309734514,0.11832429436830144,0.06417845348594237,0.9400691035827498,0.4474391881890205,0.0,0.2926065162907268,0.020861447302578835
104,113,100.0,113,0,111,2,0,0.0,0.6930249026647807,0.6907644572302456,0.12348760591160163,0.5509060111872719,0.28615980041117395,0.9441124084742769,6.884955752212389,6.321882890351117,0.2769077297990312,0.008512418862247498,6.480680088074347e-05,0.0,0.008512418862247498,-0.004037206592448966,0,0,0,2,0,1.0,0.25663716814159293,0.12299281584301414,0.05098382782555642,0.9372630883071821,0.45895306977233813,0.0,0.32800751879699247,0.02087894094490588
105,112,99.11504424778761,113,1,110,2,0,0.008849557522123894,0.695686388955025,0.6939280228218284,0.11994704988679589,0.5511497941242478,0.2881890096213132,0.9221371453659182,6.884955752212389,6.321882890351117,0.2730796954346917,0.050082403109625355,8.426128635308159e-05,0.0,0.050082403109625355,-0.0073154559885797625,0,1,0,2,0,0.6666666666666666,0.24778761061946902,0.11946868328971832,0.05380489248811971,0.9502320340587982,0.45156356482116533,0.008849557522123894,0.32800751879699247,0.020899954212248238
106,112,99.11504424778761,113,0,110,3,0,0.0,0.7001619765862982,0.6985295603170149,0.12239012882846359,0.5516349261954825,0.2863285155271055,0.9107355250638042,6.884955752212389,6.321882890351117,0.2733953103499096,0.014049709157413987,5.8146919403818325e-05,0.0,0.014049709157413987,-0.004764865939611322,0,0,0,3,0,1.0,0.25663716814159293,0.11992873222278663,0.040283810507563786,0.9459962062113333,0.45494054630251024,0.0,0.32800751879699247,0.020937666891108105
107,112,99.11504424778761,113,0,109,4,0,0.0,0.6980241103402749,0.696350274911629,0.12457577340898815,0.5519791712883704,0.28704052516718376,0.9159334254031899,6.884955752212389,6.321882890351117,0.2741799737332018,0.016538798904719564,4.137400297202879e-05,0.0,0.016538798904719564,-0.0018285678019955912,0,0,0,4,0,1.0,0.26548672566371684,0.12155562801872649,0.055980139586846535,0.9509503965150697,0.454420985707793,0.0,0.27098997493734334,0.020937858945692063
108,112,99.11504424778761,113,0,109,4,0,0.0,0.7034856292761651,0.7017163480827915,0.12736053299669636,0.5525730430989833,0.2830496051467472,0.9318292581601234,6.884955752212389,6.321882890351117,0.27666778806431647,0.010540771659939892,4.820864278518966e-05,0.0,0.010540771659939892,-0.006717219563066347,0,0,0,4,0,1.0,0.24778761061946902,0.12326361179811726,0.07373749924832475,0.9454310805968714,0.4553930676547022,0.0,0.2575187969924812,0.020983938480564387
109,112,99.11504424778761,113,0,109,4,0,0.0,0.7010150047161927,0.6992832647278127,0.12788759499681393,0.5530063176849491,0.28242304278582103,0.8811537339804155,6.884955752212389,6.321882890351117,0.27686651912089233,0.01062709105087855,5.653313404839791e-05,0.0,0.01062709105087855,-0.008209231286525245,0,0,0,4,0,1.0,0.24778761061946902,0.12375947951831495,0.06143539897996729,0.964781040915073,0.459675754409563,0.0,0.23558897243107768,0.020985280913723734
110,113,100.0,113,0,111,2,0,0.0,0.7024215076750264,0.7007393848301835,0.12715666602863598,0.5534858445250883,0.2819691566002179,0.8741362365501004,6.884955752212389,6.321882890351117,0.27628972852425027,0.0059948585476995815,4.028762439094069e-05,0.0,0.0059948585476995815,-0.006695529495690036,0,0,0,2,0,1.0,0.24778761061946902,0.12294590263824728,0.06534494386663138,0.9678887743768753,0.45954973964496976,0.0,0.2572055137844611,0.021007470991148604
111,113,100.0,113,0,110,3,0,0.0,0.7016904009879003,0.7000524502120167,0.12551704907546843,0.5539003144782912,0.2820826861751688,0.8779091189389674,6.884955752212389,6.321882890351117,0.27667471698010493,0.002794273277303272,7.073712531719827e-05,0.0,0.002794273277303272,-0.006938829273900243,0,0,0,3,0,1.0,0.25663716814159293,0.12273334003420619,0.05366145765233128,0.9653135994825587,0.4603943841919508,0.0,0.20018796992481203,0.021016916610241566
112,113,100.0,113,0,110,3,0,0.0,0.701640069456102,0.7000316169462224,0.12552047668241184,0.5542875284827041,0.2774328440667641,0.8681736841839212,6.884955752212389,6.321882890351117,0.27608312509184496,0.0027827512256977803,5.7769380779024646e-05,0.0,0.0027827512256977803,-0.004482445436839909,0,0,0,3,0,1.0,0.25663716814159293,0.12245083871212208,0.041960125919179005,0.9702331837719058,0.4605033500602352,0.0,0.23558897243107768,0.021028904560529582
113,113,100.0,113,0,109,4,0,0.0,0.6982587905895246,0.6965864412382364,0.12609412107915985,0.5544760232923227,0.28074192797845615,0.9018286777387742,6.884955752212389,6.321882890351117,0.27736094746013773,0.00838371282904345,6.202887470668002e-05,0.0,0.00838371282904345,-0.0076606689825093124,0,0,0,4,0,1.0,0.26548672566371684,0.1238096541201349,0.04660601631418778,0.95911671521917,0.4599886810094825,0.0,0.27098997493734334,0.021017956376755936
114,113,100.0,113,0,107,6,0,0.0,0.6923978112050259,0.6908214989550483,0.1241811479378733,0.5543610393609512,0.28262370477789506,0.9092454572858368,6.884955752212389,6.321882890351117,0.2768357500028007,0.006379330251467294,6.569356701031612e-05,0.0,0.006379330251467294,-0.0023589441822479914,0,0,0,6,0,1.0,0.26548672566371684,0.12362018164426973,0.04826871637091869,0.966917114624434,0.45829980770129963,0.0,0.23558897243107768,0.020985016905091428
115,113,100.0,113,0,109,4,0,0.0,0.6889219054617128,0.6872811397231298,0.11753722712490806,0.5540742706874321,0.28665573338925454,0.9108635698926948,6.884955752212389,6.321882890351117,0.2721854751760058,0.007969161038976248,7.00745065594556e-05,0.0,0.007969161038976248,-0.007157840451473739,0,0,0,4,0,1.0,0.26548672566371684,0.11927003675005177,0.06521577386579093,0.9489918106369891,0.4446416894404423,0.0,0.306390977443609,0.020958572786521815
116,113,100.0,113,0,108,5,0,0.0,0.6868208753572032,0.68516036318454,0.11401985062758814,0.5536983727863103,0.29264266911337417,0.9644772807621893,6.884955752212389,6.321882890351117,0.2695471225865753,0.006962116963971964,6.019115815969093e-05,0.0,0.006962116963971964,-0.0032292182321399243,0,0,0,5,0,1.0,0.23893805309734514,0.11700931876954287,0.05518963194389295,0.9548164795845876,0.4416373872109783,0.0,0.27098997493734334,0.020936185723451163
117,113,100.0,113,0,108,5,0,0.0,0.6786473574549052,0.6770065607661642,0.11518215072765402,0.5529338596382846,0.28883854305254225,0.9000937423069777,6.884955752212389,6.321882890351117,0.27314255740517157,0.006578027727384239,6.0167575520307486e-05,0.0,0.006578027727384239,-0.006997418716880288,0,0,0,5,0,1.0,0.25663716814159293,0.11999853590322446,0.049425631441369605,0.9684061862122156,0.4492472983606631,0.0,0.2218045112781955,0.020871152320989916
118,113,100.0,113,0,110,3,0,0.0,0.6820834101276415,0.6803778320422416,0.11310140107947471,0.55238818037375,0.2872762957521543,0.9304956014776451,6.884955752212389,6.321882890351117,0.27286010431839625,0.0024954505130640897,6.0008486486819625e-05,0.0,0.0024954505130640897,-0.00458172431829465,0,0,0,3,0,1.0,0.23893805309734514,0.11844128810338514,0.05316427708771699,0.9714085773080748,0.4469720536836021,0.0,0.2218045112781955,0.020871083982323194
119,113,100.0,113,0,108,5,0,0.0,0.6791476605045764,0.6774346408325077,0.11133399368759563,0.5517281462320616,0.29010418760164824,0.9599725740431834,6.884955752212389,6.321882890351117,0.27221654180423305,0.0022848336842369024,5.608366918743883e-05,0.0,0.0022848336842369024,-0.00559775201869499,0,0,0,5,0,1.0,0.26548672566371684,0.11765634359150126,0.05303504996191672,0.9572608671577242,0.44688494140986124,0.0,0.2218045112781955,0.020835541941470928
120,112,99.11504424778761,113,1,110,2,0,0.008849557522123894,0.6868517225167656,0.6845578368973035,0.11952855020272249,0.5514924765232488,0.2857499068425378,0.9366546990672557,6.884955752212389,6.321882890351117,0.2762733454049229,0.004342577684254101,4.722147698068957e-05,0.0,0.004342577684254101,-0.004959737910754371,0,1,0,2,0,1.0,0.2743362831858407,0.1222986936877125,0.05690712693450954,0.9646219259215258,0.45325774757126464,0.008849557522123894,0.20394736842105263,0.02086661287003229
121,112,99.11504424778761,113,0,111,2,0,0.0,0.6908018926699087,0.688408043289675,0.1246395722706481,0.5514440482519767,0.2843352608982963,0.9602222861631768,6.884955752212389,6.321882890351117,0.27843451121251284,0.004202318579950079,6.381511869839692e-05,0.0,0.004202318579950079,-0.008935878631204985,0,0,0,2,0,1.0,0.26548672566371684,0.12475117594302065,0.04050458908296297,0.961554315473965,0.4586396966977547,0.0,0.23934837092731828,0.02088483293150018
122,112,99.11504424778761,113,0,111,2,0,0.0,0.6906545433548462,0.6881677925935589,0.1271564136176398,0.5513865308651787,0.2765069165013095,0.9392074841601521,6.884955752212389,6.321882890351117,0.28208092894364944,0.004530026115986925,6.218586393288828e-05,0.0,0.004530026115986925,-0.010446350640498925,0,0,0,2,0,1.0,0.25663716814159293,0.12765464629047868,0.04934689919802499,0.9543609463541524,0.46446938045553277,0.0,0.27474937343358397,0.02088227809400739
123,112,99.11504424778761,113,0,110,3,0,0.0,0.6919463598010719,0.6894953514280022,0.12814857962636894,0.5513997910320669,0.27344855495351816,0.8956497515580577,6.884955752212389,6.321882890351117,0.28171025305848296,0.017422420146433693,7.29707267261881e-05,0.0,0.017422420146433693,-0.005848257653076154,0,0,0,3,0,1.0,0.23893805309734514,0.12753154901009894,0.05386812367019775,0.9588559321126171,0.46328563747495405,0.0,0.20394736842105263,0.020889156322349386
124,112,99.11504424778761,113,0,109,4,0,0.0,0.6943327564765073,0.6918655039680518,0.1302367430602635,0.5515320835210571,0.27314383097348477,0.9009752431058418,6.884955752212389,6.321882890351117,0.2822423870141466,0.006306633525787922,7.857686276455075e-05,0.0,0.006306633525787922,-0.01020991670568032,0,0,0,4,0,1.0,0.24778761061946902,0.12835159703994245,0.05537540161852567,0.9669029487983488,0.4624613021058001,0.0,0.20394736842105263,0.020905269993839907
125,113,100.0,113,0,110,3,0,0.0,0.6928918879483196,0.6904886737708409,0.132433243465807,0.5515863793596871,0.2761419787115433,0.8824437276492301,6.884955752212389,6.321882890351117,0.28233340388765127,0.007724014899460695,7.278326341873036e-05,0.0,0.007724014899460695,-0.012558158810089667,0,0,0,3,0,1.0,0.23893805309734514,0.1294231986854243,0.0638104570639713,0.9708082197217194,0.463746540246203,0.0,0.137531328320802,0.02089978191086523
126,113,100.0,113,0,110,3,0,0.0,0.6887828248294141,0.6863908268970272,0.13162061501372657,0.5514299938146742,0.2742344208053278,0.9012227219502191,6.884955752212389,6.321882890351117,0.28451204882249503,0.009028198580073588,6.914294182187855e-05,0.0,0.009028198580073588,-0.012682286572101797,0,0,0,3,0,1.0,0.26548672566371684,0.1306407778570283,0.05743847232285586,0.9698849782238601,0.46870980528543227,0.0,0.16854636591478694,0.020874293339764125
127,113,100.0,113,0,110,3,0,0.0,0.68464935328315,0.6823732613724401,0.12458159251810152,0.5510803061506682,0.282551122148619,0.8791501287411025,6.884955752212389,6.321882890351117,0.28102956216617025,0.017505621591583264,7.113534242880963e-05,0.0,0.017505621591583264,-0.0069762497656424465,0,0,0,3,0,1.0,0.2831858407079646,0.1267551830826885,0.055575662535930395,0.9753990159644709,0.462104266486758,0.0,0.137531328320802,0.020842572559732576
128,113,100.0,113,0,111,2,0,0.0,0.6846307125881723,0.682331603697601,0.121731986115933,0.5507506184917282,0.2829433204002403,0.9041716555036915,6.884955752212389,6.321882890351117,0.27912612466223874,0.003978489729752902,7.713161220424402e-05,0.0,0.003978489729752902,-0.014733470072675448,0,0,0,2,0,1.0,0.26548672566371684,0.12471554335995393,0.06349366172666654,0.9724696287444067,0.4577183807672818,0.0,0.1331453634085213,0.020832058122406624
129,113,100.0,113,0,111,2,0,0.0,0.6815601179039227,0.679261720623135,0.11955037344923936,0.5502865137702195,0.283962699621822,0.90338719221439,6.884955752212389,6.321882890351117,0.27716476454167327,0.004755867607578963,7.344973988421005e-05,0.0,0.004755867607578963,-0.01324624799229046,0,0,0,2,0,1.0,0.25663716814159293,0.1232392018381052,0.047104212649068264,0.9741414649832804,0.456922032678376,0.0,0.16854636591478694,0.02080203507049419
130,113,100.0,113,0,111,2,0,0.0,0.6869107412465781,0.6845643685164112,0.12924170366486334,0.5501199309576138,0.2766183719793016,0.8945322075973677,6.884955752212389,6.321882890351117,0.2812928491491573,0.005039923596231648,6.735839411791598e-05,0.0,0.005039923596231648,-0.01148331335625874,0,0,0,2,0,1.0,0.26548672566371684,0.12827006671963728,0.04267129216130367,0.96485573808438,0.4656463728805878,0.0,0.16854636591478694,0.020823522602043273
131,113,100.0,113,0,111,2,0,0.0,0.6843832455701827,0.6822728249119056,0.12674185898478732,0.5498479843528897,0.28006639888307044,0.9169980324502396,6.884955752212389,6.321882890351117,0.2781566455853355,0.004269548217289759,6.755892754289089e-05,0.0,0.004269548217289759,-0.009616763917649568,0,0,0,2,0,1.0,0.25663716814159293,0.12589245376132588,0.03051272738659977,0.9662313218363667,0.4618518018375249,0.0,0.137531328320802,0.020802289050723826
132,112,99.11504424778761,113,1,109,3,0,0.008849557522123894,0.6885350520848862,0.6868432150290521,0.1365414345430132,0.5497925602761774,0.27760553503491175,0.9506425703626339,6.884955752212389,6.321882890351117,0.28281905892726567,0.030408073939302067,7.28630913096241e-05,0.0,0.030408073939302067,-0.0011134762214938393,0,1,0,3,0,0.75,0.23008849557522124,0.13147808151051235,0.04367057607353723,0.9527581166747365,0.46387944798372766,0.008849557522123894,0.18609022556390975,0.020821296160685936
133,112,99.11504424778761,113,0,108,5,0,0.0,0.6939060956090247,0.6921997219438275,0.1408528571387938,0.5500433631065542,0.27762226250167227,0.9425454793430746,6.884955752212389,6.321882890351117,0.2830402621815107,0.00141064250530494,6.556298687854737e-05,0.0,0.00141064250530494,0.002190477793726953,0,0,0,5,0,1.0,0.25663716814159293,0.13257258435024732,0.0381075463467371,0.9609277929035362,0.46591542265613,0.0,0.22149122807017543,0.020856079108917683
134,112,99.11504424778761,113,0,107,6,0,0.0,0.6962730161137176,0.6947072511995447,0.13855601378213506,0.5504051289260992,0.2762503832568495,0.8694818360791783,6.884955752212389,6.321882890351117,0.28483352157902764,0.0015592496433232516,6.211223015348089e-05,0.0,0.0015592496433232516,0.002628963783925085,0,0,0,6,0,1.0,0.26548672566371684,0.1318110839458669,0.028234319428393786,0.9509173920136007,0.47142647880738925,0.0,0.18609022556390975,0.020879348917165624
135,112,99.11504424778761,113,0,108,5,0,0.0,0.694221544379583,0.69263945700137,0.1318533886363169,0.5506394455120975,0.28292543862103336,0.860074074460036,6.884955752212389,6.321882890351117,0.2802792523341191,0.017670886975686386,7.246582561094939e-05,0.0,0.017670886975686386,-0.0053007847517540065,0,0,0,5,0,0.8,0.24778761061946902,0.1272139229199125,0.023672622171426735,0.953903066990724,0.464967103372178,0.0,0.18609022556390975,0.020876498168574693
136,112,99.11504424778761,113,0,108,5,0,0.0,0.6972372029073041,0.6958290668883695,0.13562003032002223,0.5510202635993083,0.28174362032678096,0.883088727751592,6.884955752212389,6.321882890351117,0.2807916991599819,0.018487746472745176,6.557742496987845e-05,0.0,0.018487746472745176,-0.0030900260458957994,0,0,0,5,0,0.8,0.25663716814159293,0.1283188850320958,0.01219129691515737,0.9722156473593212,0.4660393377515275,0.0,0.18609022556390975,0.02090361389796267
137,113,100.0,113,0,107,6,0,0.0,0.7014730520278432,0.6999942398593635,0.143145705423999,0.551587660698946,0.27740343049828964,0.8726354698627329,6.884955752212389,6.321882890351117,0.2836804310330503,0.015020756975379716,6.331972244005858e-05,0.0,0.015020756975379716,-0.0016120206926267255,0,0,0,6,0,0.8333333333333334,0.24778761061946902,0.13207306943707722,0.017685336073819134,0.9681382657253369,0.47140797765950276,0.0,0.18609022556390975,0.02094272823364654
138,113,100.0,113,0,107,6,0,0.0,0.6972746054821923,0.6957853263283108,0.14759047985149953,0.5519063215509099,0.27648965558980776,0.8861657580629724,6.884955752212389,6.321882890351117,0.2844134052542835,0.01606077761843032,6.74716159305525e-05,0.0,0.01606077761843032,-0.0029343482319638217,0,0,0,6,0,0.8333333333333334,0.26548672566371684,0.13445967459551816,0.005007284670762759,0.9639603101506894,0.47544690433028625,0.0,0.22149122807017543,0.020931808683857557
139,113,100.0,113,0,107,6,0,0.0,0.6947384237167316,0.6931300779136409,0.14407916372239557,0.5520705476808168,0.27820174650412755,0.8745551153751789,6.884955752212389,6.321882890351117,0.28465277118249066,0.02136192443880507,6.702720666555222e-05,0.0,0.02136192443880507,-0.002381400934552811,0,0,0,6,0,0.8333333333333334,0.23893805309734514,0.13360845242268704,0.014399109539623364,0.9639603101506894,0.47422217059658256,0.0,0.22149122807017543,0.02092431886683429
140,113,100.0,113,0,107,6,0,0.0,0.6915052272815938,0.6898468614052945,0.14359805245123977,0.5520583427449598,0.2780712284139253,0.8867832588135265,6.884955752212389,6.321882890351117,0.28401274611871563,0.005672873496836203,6.550059165976448e-05,0.0,0.005672873496836203,-0.0020924809239126763,0,0,0,6,0,1.0,0.2743362831858407,0.133577633750002,0.01850619333098681,0.9701894960959178,0.4716702519153846,0.0,0.22149122807017543,0.02090776709378274
141,113,100.0,113,0,110,3,0,0.0,0.6836879835078902,0.6820190214145664,0.13641034715263475,0.5516510158892084,0.2843880628810803,0.9392938282441957,6.884955752212389,6.321882890351117,0.28205640089240513,0.0022274744345739963,6.756403816464044e-05,0.0,0.0022274744345739963,-0.003628272663433204,0,0,0,3,0,1.0,0.26548672566371684,0.1311422593421399,0.019624927855230796,0.9614922550641326,0.4684278619009101,0.0,0.22149122807017543,0.020855805511513444
142,113,100.0,113,0,109,4,0,0.0,0.6834334843299144,0.6816881178653758,0.1431067997772678,0.5512527042923705,0.2776307895762496,0.8991169705715951,6.884955752212389,6.321882890351117,0.2852459861211454,0.021354483129525304,6.985448753737154e-05,0.0,0.021354483129525304,-0.006315150799532092,0,0,0,4,0,0.75,0.24778761061946902,0.13563623134250494,0.024965655163029878,0.9736548841280942,0.4733231816355323,0.0,0.22149122807017543,0.020841942619278176
143,113,100.0,113,0,111,2,0,0.0,0.6785188464962537,0.6767544170032087,0.13837764263287758,0.5506300512556904,0.28262499698604904,0.914445640027479,6.884955752212389,6.321882890351117,0.2842374741877063,0.002900077747009275,7.15276932284899e-05,0.0,0.002900077747009275,-0.012318470160817219,0,0,0,2,0,1.0,0.2743362831858407,0.13390534518798058,0.024861677673651453,0.9740291906258235,0.47248135155174886,0.0,0.22149122807017543,0.02079768773221381
144,113,100.0,113,0,108,5,0,0.0,0.679085747039847,0.6772869724957035,0.13470118628029273,0.5500736956424517,0.279605001268995,0.9021092331943783,6.884955752212389,6.321882890351117,0.2826939842865901,0.02254501818066156,6.798124924065044e-05,0.0,0.02254501818066156,-0.009398154902863698,0,0,0,5,0,0.8,0.2743362831858407,0.13159807049223382,0.018492314066551673,0.975471780089406,0.4712017784037585,0.0,0.22149122807017543,0.02078293615977035
145,113,100.0,113,0,110,3,0,0.0,0.6756132800434005,0.6738913368117283,0.13353907062611567,0.5493807776904768,0.28214767510520383,0.9066641925135642,6.884955752212389,6.321882890351117,0.28209744882062715,0.010850747756922572,6.628775101473504e-05,0.0,0.010850747756922572,-0.011201226254523059,0,0,0,3,0,1.0,0.25663716814159293,0.13149370593105336,0.009025132750591384,0.9810752527169133,0.47206033251518814,0.0,0.1506892230576441,0.020743671094063082
146,113,100.0,113,0,109,4,0,0.0,0.6758807574049883,0.6743886979335899,0.13207519956110253,0.5487568192700848,0.2801855023337745,0.8712405636605556,6.884955752212389,6.321882890351117,0.281060587151823,0.001989127846373675,5.888356787801461e-05,0.0,0.001989127846373675,-0.0007969246807678493,0,0,0,4,0,1.0,0.25663716814159293,0.1302157577819251,0.0036796306036399272,0.9726897971558687,0.47301662236072956,0.0,0.16447368421052633,0.020725285520560188
147,113,100.0,113,0,109,4,0,0.0,0.6777597190134422,0.6762496356467609,0.12569166701685594,0.5482664238126258,0.28196192606629483,0.9170135760420616,6.884955752212389,6.321882890351117,0.27727770337386337,0.007677853678630043,6.940807215686924e-05,0.0,0.007677853678630043,-0.006290552578282399,0,0,0,4,0,1.0,0.25663716814159293,0.12557648416801878,0.008945791013698749,0.9682820602066959,0.4627259019956646,0.0,0.12907268170426067,0.02071917921534238
148,113,100.0,113,0,110,3,0,0.0,0.6758186689324523,0.6742543675982671,0.1268130754839736,0.5477061197741875,0.27690958580301156,0.8645495742685124,6.884955752212389,6.321882890351117,0.27942805110318614,0.004031031458670329,6.531653413244552e-05,0.0,0.004031031458670329,-0.000677511330172594,0,0,0,3,0,1.0,0.26548672566371684,0.127535116039332,0.012757977317448837,0.9824600755464238,0.46715913667273273,0.0,0.15068922305764412,0.02069176308236744
149,113,100.0,113,0,110,3,0,0.0,0.6710501678746256,0.6694353214613193,0.12197555985220768,0.5469375139383211,0.27646410226449375,0.8589375410495845,6.884955752212389,6.321882890351117,0.27847415488678307,0.0021291546247392957,7.381054025324451e-05,0.0,0.0021291546247392957,-0.007225040566654313,0,0,0,3,0,1.0,0.26548672566371684,0.12570794635655852,0.020870611699579766,0.9672374015057876,0.46503963489049754,0.0,0.15068922305764412,0.02064362539666237
150,113,100.0,113,0,109,4,0,0.0,0.671204952050446,0.6695322492528165,0.12299617724487671,0.5462224005924601,0.27446596663848893,0.8555041138208062,6.884955752212389,6.321882890351117,0.27928932588391997,0.0032739335628580693,6.756609078921299e-05,0.0,0.0032739335628580693,-0.003651829074643273,0,0,0,4,0,1.0,0.26548672566371684,0.126529655239862,0.03055488499782265,0.9771721882676204,0.4654397774655607,0.0,0.11528822055137847,0.020621795003412165
151,113,100.0,113,0,109,4,0,0.0,0.669510696731292,0.6678784828476355,0.12186209077416693,0.5454688565345253,0.27598962882821443,0.8549147391431652,6.884955752212389,6.321882890351117,0.27700902870335464,0.004356697907922116,6.896301551034611e-05,0.0,0.004356697907922116,-0.00306231763783478,0,0,0,4,0,1.0,0.25663716814159293,0.1250662356451423,0.03645767625603949,0.9745107438190928,0.4611776191932708,0.0,0.15068922305764412,0.02058950464038148
152,113,100.0,113,0,108,5,0,0.0,0.676223155748132,0.6745541738261199,0.12844294285692978,0.5451005741420855,0.26603105731192583,0.8383878123218268,6.884955752212389,6.321882890351117,0.279751339655975,0.011354987040728518,7.053488096777167e-05,0.0,0.011354987040728518,-0.0036606276986422158,0,0,0,5,0,1.0,0.26548672566371684,0.12816473833022193,0.03843349598108987,0.9610553661267166,0.4706858239812683,0.0,0.15068922305764412,0.020611425744687762
153,113,100.0,113,0,109,4,0,0.0,0.6868836927860303,0.6852483473600092,0.13195883716977524,0.5452964326327243,0.26442759970341745,0.8346545876271174,6.884955752212389,6.321882890351117,0.2801418093186836,0.002507348916057914,5.880372019257147e-05,0.0,0.002507348916057914,-0.004695731659702801,0,0,0,4,0,1.0,0.23893805309734514,0.12811040601566523,0.034575390392863045,0.9787544354407327,0.47244673259105346,0.0,0.15068922305764412,0.020670919402081756
154,113,100.0,113,0,109,4,0,0.0,0.6867898867488773,0.6851275956123631,0.1296712802511562,0.5454738021516947,0.2673112102781273,0.8268129497853354,6.884955752212389,6.321882890351117,0.2786777726331702,0.004312646642694918,6.028724755990628e-05,0.0,0.004312646642694918,-0.004017538365066797,0,0,0,4,0,1.0,0.23893805309734514,0.12652391409118713,0.03175433002571171,0.9703823052004312,0.47160244316154715,0.0,0.1506892230576441,0.020676056918532235
155,113,100.0,113,0,107,6,0,0.0,0.6835189213623379,0.6819081928160655,0.1305544727323637,0.545477137077752,0.2703657059968531,0.8228305022390485,6.884955752212389,6.321882890351117,0.2795362936885166,0.021153831244038367,7.624273942918043e-05,0.0,0.021153831244038367,5.421273601606084e-05,0,0,0,6,0,0.8333333333333334,0.25663716814159293,0.12801748093585136,0.027347740932345543,0.9763514684802286,0.47202293906281195,0.0,0.11528822055137845,0.02065980750665945
156,113,100.0,113,0,109,4,0,0.0,0.6827432290152772,0.6811285406911834,0.12611942804263268,0.54544083021826,0.2727639763818323,0.8225187694918122,6.884955752212389,6.321882890351117,0.27719446407277126,0.0028485612296884817,6.40682427376492e-05,0.0,0.0028485612296884817,-0.002394494467468339,0,0,0,4,0,1.0,0.23893805309734514,0.12519389545814713,0.02909824427295076,0.9763791275137708,0.4674636617916109,0.0,0.15068922305764412,0.020654781406355016
157,113,100.0,113,0,107,6,0,0.0,0.6836553010009258,0.6822422125084787,0.12696934807568622,0.5454631426583638,0.2789873835591828,0.83548228683672,6.884955752212389,6.321882890351117,0.276668031933192,0.002758716179548789,5.4653087856704943e-05,0.0,0.002758716179548789,0.0004998898877726088,0,0,0,6,0,1.0,0.24778761061946902,0.12501106334073264,0.023832477579089996,0.9712575908434533,0.4688359840820897,0.0,0.18609022556390978,0.020660047049449935
158,113,100.0,113,0,109,4,0,0.0,0.6821788059047951,0.6809111164186943,0.12398984991392945,0.5454167242633708,0.28053919162345337,0.843175309673894,6.884955752212389,6.321882890351117,0.2760073196901147,0.004799680859746611,7.060171609713294e-05,0.0,0.004799680859746611,-0.003971595374458667,0,0,0,4,0,1.0,0.23008849557522124,0.12336014520988742,0.020470848869842864,0.9741433487005349,0.46633608929191067,0.0,0.1506892230576441,0.02065119731568376
159,113,100.0,113,0,110,3,0,0.0,0.6848375876711487,0.6836328053540444,0.12383183017060492,0.545510889974655,0.2821993088317567,0.85002029863317,6.884955752212389,6.321882890351117,0.27519805478042336,0.006059012988443686,5.476556138214871e-05,0.0,0.006059012988443686,-0.00371438333973755,0,0,0,3,0,1.0,0.21238938053097345,0.12258812029824055,0.011860202556264231,0.9809182478440769,0.46527873683433996,0.0,0.15068922305764412,0.020667467747510656
160,113,100.0,113,0,108,5,0,0.0,0.6857397586062753,0.6844999357088394,0.12322143290311117,0.5456429578123784,0.2862834742092258,0.8850980435777747,6.884955752212389,6.321882890351117,0.2723779744569004,0.003463533610914178,6.41067485567716e-05,0.0,0.003463533610914178,-0.0010845582421252276,0,0,0,5,0,1.0,0.20353982300884957,0.12131394072578143,0.017793500364068012,0.9757397673558612,0.4609159448772316,0.0,0.15068922305764412,0.020676153189204634
161,113,100.0,113,0,109,4,0,0.0,0.6902960988426963,0.6890888064671801,0.13162496433088824,0.5459987589043306,0.2789006101885807,0.844335289080735,6.884955752212389,6.321882890351117,0.27714069028721355,0.0047845425928797715,6.870136074827601e-05,0.0,0.0047845425928797715,0.001136810030921212,0,0,0,4,0,1.0,0.22123893805309736,0.12616827252443508,0.01478459743753808,0.9776984149732277,0.46943219478817483,0.0,0.11528822055137847,0.020710181554564645
162,113,100.0,113,0,109,4,0,0.0,0.6878540651274504,0.6866287964081335,0.13440146429137356,0.546207651503908,0.2818243906537452,0.8407913437339501,6.884955752212389,6.321882890351117,0.27749627310956493,0.003724773604182169,6.610023226243558e-05,0.0,0.003724773604182169,0.0014320961336207194,0,0,0,4,0,1.0,0.23893805309734514,0.1279788995820009,0.01455439595483895,0.9823383804766231,0.4695874676592798,0.0,0.15068922305764412,0.02070457435874436
163,113,100.0,113,0,108,5,0,0.0,0.6923027676943758,0.691133390372014,0.14191728840811466,0.5466311582820393,0.27298065839735897,0.8120800984078734,6.884955752212389,6.321882890351117,0.2821124527611092,0.0028326670146018736,6.123752221814507e-05,0.0,0.0028326670146018736,0.0015537764082303672,0,0,0,5,0,1.0,0.24778761061946902,0.13221995443659015,0.006604984688797541,0.9763773999675229,0.4784334551555066,0.0,0.11528822055137845,0.020740204672852067
164,113,100.0,113,0,110,3,0,0.0,0.6932322501378989,0.6921041971316069,0.14344473872539368,0.547076990070771,0.2719459025077597,0.8124575021321686,6.884955752212389,6.321882890351117,0.2839633514323834,0.004417436311502804,4.871128992692763e-05,0.0,0.004417436311502804,0.0005075559400768426,0,0,0,3,0,1.0,0.24778761061946902,0.1336295290463397,0.007652446891347081,0.973675343235623,0.4802923120913756,0.0,0.15068922305764412,0.020758944566855474
165,113,100.0,113,0,107,6,0,0.0,0.6970832322151477,0.6959939496689005,0.1466932475109317,0.5476913613760368,0.26800355601649667,0.8947315377289433,6.884955752212389,6.321882890351117,0.2843332872006732,0.0029004142852402577,5.974450323148107e-05,0.0,0.0029004142852402577,-6.413232904307435e-05,0,0,0,6,0,1.0,0.25663716814159293,0.13427955703742578,-0.006758637114956067,0.9652413777240743,0.4829536872176787,0.0,0.18609022556390978,0.020797619394457127
166,113,100.0,113,0,109,4,0,0.0,0.690773797920083,0.6897526454949957,0.14023890656664587,0.5479512384943079,0.27056890164984754,0.9218722058355228,6.884955752212389,6.321882890351117,0.28100599231395074,0.002610110534403156,7.250937840229814e-05,0.0,0.002610110534403156,-0.006602423067582158,0,0,0,4,0,1.0,0.24778761061946902,0.13082820659477534,-0.0102877962166735,0.9667777243693261,0.47461617413107354,0.0,0.15068922305764412,0.020774286786519765
167,113,100.0,113,0,108,5,0,0.0,0.6896961669284202,0.688651875676338,0.1384343408711102,0.5481390149824408,0.27634764841019116,0.9366071288789521,6.884955752212389,6.321882890351117,0.2809206137403424,0.0024903154154253307,6.164362137641622e-05,0.0,0.0024903154154253307,-0.001028430812089237,0,0,0,5,0,1.0,0.25663716814159293,0.13036213197003166,-0.010426332211486542,0.976359344620305,0.47348273776993327,0.0,0.15068922305764412,0.020774834136399137
168,113,100.0,113,0,107,6,0,0.0,0.6917465484748454,0.6907604400043822,0.14390285687089943,0.5484215612348876,0.27149882452411744,0.9343119820251448,6.884955752212389,6.321882890351117,0.2830173856459157,0.0034386324500357023,5.9486514003835655e-05,0.0,0.0034386324500357023,0.001799988492040383,0,0,0,6,0,1.0,0.23893805309734514,0.13356321863421813,-0.010317178630505807,0.9666874484738442,0.47687590627761356,0.0,0.15068922305764412,0.020794017165726646
169,113,100.0,113,0,107,6,0,0.0,0.6926730425988536,0.6917148717295888,0.14514513760207326,0.5487345156888923,0.2663832004399471,0.9282864862246234,6.884955752212389,6.321882890351117,0.28380121343031917,0.0037484496753625914,5.2102368266328724e-05,0.0,0.0037484496753625914,0.0019712689723520305,0,0,0,6,0,1.0,0.25663716814159293,0.13389928593017317,-0.0026016236640925327,0.9735854370764297,0.47811060332179744,0.0,0.11528822055137845,0.020808541943387843
170,113,100.0,113,0,109,4,0,0.0,0.6972573515253606,0.6961914703419033,0.147632376539786,0.5492540897862083,0.264022577472801,0.9206073351233781,6.884955752212389,6.321882890351117,0.2845155807510109,0.004158206318904295,5.19209621354454e-05,0.0,0.004158206318904295,0.005013985317227451,0,0,0,4,0,1.0,0.25663716814159293,0.13452826608505672,0.006977116394022768,0.9678311740687255,0.47684359658533026,0.0,0.11528822055137845,0.020847886921000834
171,113,100.0,113,0,108,5,0,0.0,0.6976322426855811,0.6966134953988248,0.13975035073887623,0.5497621609614562,0.2670888745477719,0.9329131468167714,6.884955752212389,6.321882890351117,0.27930948662386745,0.0026016783302637006,6.456889634690258e-05,0.0,0.0026016783302637006,0.0029144630444863815,0,0,0,5,0,1.0,0.24778761061946902,0.12917534812023218,0.0030372465029435097,0.966807474545849,0.46553450381446765,0.0,0.09367167919799499,0.020865821209151342
172,112,99.11504424778761,113,1,107,5,0,0.008849557522123894,0.6959719375925907,0.6946627521090455,0.14238410159418086,0.550149647144541,0.2647250269100802,0.9200891906790286,6.884955752212389,6.321882890351117,0.28065843825968884,0.028942849580302063,5.5909132247177635e-05,0.0,0.028942849580302063,-0.0012624633603204132,0,1,0,5,0,0.8333333333333334,0.25663716814159293,0.13179325619799687,-0.01290197988713595,0.9534901194523678,0.46748528420464097,0.008849557522123894,0.08395989974937344,0.02086976789504184
173,112,99.11504424778761,113,0,108,5,0,0.0,0.6989729859574301,0.6975791876833728,0.15105661398390136,0.5506499421806276,0.2572071799129838,0.889234376304644,6.884955752212389,6.321882890351117,0.2851627210063412,0.0038258235906410434,4.495012294114039e-05,0.0,0.0038258235906410434,0.007184678190829488,0,0,0,5,0,1.0,0.26548672566371684,0.13697636870347102,-0.016937745298221167,0.9443300189103738,0.47886748867883316,0.0,0.09774436090225566,0.02090058717000986
174,112,99.11504424778761,113,0,108,5,0,0.0,0.6946917115509871,0.6934863874869204,0.14498444572340374,0.550911615522142,0.25967468354496404,0.8856098647883487,6.884955752212389,6.321882890351117,0.283045667961523,0.02337738185295857,7.231539250310528e-05,0.0,0.02337738185295857,0.002092538620784873,0,0,0,5,0,0.8,0.2743362831858407,0.13416467884670796,-0.02049136758304152,0.9488183856352987,0.4739293894635057,0.0,0.09774436090225566,0.020887452139080546
175,112,99.11504424778761,113,0,107,6,0,0.0,0.6986396252187884,0.6973970379185676,0.14251848017142865,0.5513545275738823,0.2604653879450904,0.8957601833827296,6.884955752212389,6.321882890351117,0.2807831335112936,0.03687843547451999,5.532916033740789e-05,0.0,0.03687843547451999,0.0001862877956629825,0,0,0,6,0,0.6666666666666666,0.26548672566371684,0.13168535734314013,-0.01784149131654925,0.9631213097965116,0.46854070503279566,0.0,0.09774436090225566,0.020921191898028692
176,112,99.11504424778761,113,0,104,9,0,0.0,0.6983422828105156,0.6970840963685312,0.13779105753751755,0.5517536122057575,0.258357239600636,0.8609577914983829,6.884955752212389,6.321882890351117,0.2778946046231161,0.034650758455241515,6.190729699097625e-05,0.0,0.034650758455241515,0.0035444069412245366,0,0,0,9,0,0.6666666666666666,0.23893805309734514,0.1284867670471887,-0.016676025675842386,0.9411099939632829,0.4624611379112492,0.0,0.11936090225563913,0.020932320017517596
177,113,100.0,113,0,110,3,0,0.0,0.6891535481698348,0.6878892403969475,0.13236587676363995,0.5516624367534042,0.27304108316540576,0.896451820369394,6.884955752212389,6.321882890351117,0.2737280340481181,0.0038236249477708577,7.176954517772756e-05,0.0,0.0038236249477708577,0.0040912039829794815,0,0,0,3,0,1.0,0.23893805309734514,0.12561233510894762,-0.015565128369553738,0.9659627778105104,0.45655706553401076,0.0,0.09774436090225566,0.02088349434165293
178,113,100.0,113,0,111,2,0,0.0,0.6871368895083378,0.6858841749602391,0.1261302710525777,0.5514756189953465,0.27951435661121177,0.9444869484185887,6.884955752212389,6.321882890351117,0.2717455823512789,0.00022626333963485029,7.651409072131473e-05,0.0,0.00022626333963485029,-0.006301773792144111,0,0,0,2,0,1.0,0.25663716814159293,0.12256160664574105,-0.007124574237787236,0.9614658638125112,0.45177378260340334,0.0,0.1112155388471178,0.020867505848404053
179,113,100.0,113,0,109,4,0,0.0,0.6928804493118415,0.691610488347535,0.13224454237996633,0.551590220298195,0.26858755230714926,0.9115383107223949,6.884955752212389,6.321882890351117,0.2745111435663865,0.04710474543985484,7.387802897367921e-05,0.0,0.04710474543985484,-0.0018838384600085231,0,0,0,4,0,0.5,0.23893805309734514,0.1256992558372234,-0.008612972954963515,0.9546842051159203,0.4571999427531925,0.0,0.18201754385964913,0.020899846127500024
180,113,100.0,113,0,106,7,0,0.0,0.6884030013763689,0.6871985423837309,0.13079197768594805,0.5514744421952729,0.27286737022641405,0.8859231261647623,6.884955752212389,6.321882890351117,0.2754367705531353,0.031219469810947812,6.649294521182754e-05,0.0,0.031219469810947812,-0.0049160544128715455,0,0,0,7,0,0.7142857142857143,0.2743362831858407,0.12573410428256576,-0.005407340247209244,0.9587569398424975,0.4582418641187743,0.0,0.1112155388471178,0.020873799209782953
181,113,100.0,113,0,107,6,0,0.0,0.688207792675457,0.6869245506669424,0.13728093560778934,0.5513521263000586,0.267377271414635,0.8637503915458925,6.884955752212389,6.321882890351117,0.27866836390748184,0.06321678920284801,8.478429377918091e-05,0.0,0.06321678920284801,-0.0037265583194362206,0,0,0,6,0,0.5,0.25663716814159293,0.13004466755747326,-0.014796487227084603,0.9276240427260185,0.4667179725087189,0.0,0.09774436090225565,0.020868956832452528
182,113,100.0,113,0,105,8,0,0.0,0.6900598014163832,0.6889011466932552,0.1361033415570233,0.5513375095412949,0.26546654445288564,0.8714372343433258,6.884955752212389,6.321882890351117,0.2753981314719678,0.06354271975892312,7.712873167276128e-05,0.0,0.06354271975892312,0.001008615138021425,0,0,0,8,0,0.5,0.26548672566371684,0.1277694750436929,-0.015799095411742656,0.9498514703481207,0.46375229822736613,0.0,0.09774436090225565,0.020877754848971457
183,111,98.23008849557522,113,2,106,5,0,0.017699115044247787,0.6891815060354427,0.6878121405602328,0.12784626758737103,0.5512857954450779,0.27300379323729357,0.9085429765130705,6.884955752212389,6.321882890351117,0.27188052379782235,0.05819630787888208,9.385079701913414e-05,0.0,0.05819630787888208,-0.0011693794033519808,0,2,0,5,0,0.5714285714285714,0.26548672566371684,0.12292141213721273,-0.0031377894845072683,0.9580610916527402,0.45155962829898616,0.017699115044247787,0.18233082706766918,0.020871728719766433
184,111,98.23008849557522,113,0,109,4,0,0.0,0.6933859369743165,0.6922030616943059,0.12629882068362885,0.5514423666048907,0.2794907726381015,0.9144127979487968,6.884955752212389,6.321882890351117,0.26786687458041314,0.021714683827332774,5.6382273599696396e-05,0.0,0.021714683827332774,0.0005773801491716982,0,0,0,4,0,0.75,0.24778761061946902,0.11981023303183504,-0.003634351500569826,0.9593294445490959,0.4447050484409083,0.0,0.21773182957393483,0.020897699997142517
185,111,98.23008849557522,113,0,109,4,0,0.0,0.6869972850576356,0.6857616720620573,0.12364581375350076,0.5512632658320903,0.2824328243660379,0.9249402184847859,6.884955752212389,6.321882890351117,0.26738343103176954,0.022699991493107474,5.534874269091172e-05,0.0,0.022699991493107474,-0.00018117182630207618,0,0,0,4,0,0.75,0.24778761061946902,0.1194794614618156,-0.006073158479824888,0.9700592005039284,0.4447469282202954,0.0,0.18233082706766918,0.020860095467003032
186,111,98.23008849557522,113,0,111,2,0,0.0,0.6846969050026205,0.6834967777967057,0.1207728528228364,0.5509809404299655,0.2889389012594077,0.950614256551022,6.884955752212389,6.321882890351117,0.2650352486638341,0.003040947306424152,7.851752038431564e-05,0.0,0.003040947306424152,0.0033472352983120734,0,0,0,2,0,1.0,0.25663716814159293,0.1171993521807594,-0.008923645255213318,0.9766698022794138,0.4415020719265433,0.0,0.11528822055137845,0.02083966942608194
187,111,98.23008849557522,113,0,108,5,0,0.0,0.6894779923255997,0.688258189872783,0.12808425564608528,0.550957272025434,0.28327213606785956,0.9376433785239243,6.884955752212389,6.321882890351117,0.27095882793763537,0.001348871106396364,6.773329145194718e-05,0.0,0.001348871106396364,0.004860052488664696,0,0,0,5,0,1.0,0.26548672566371684,0.12239097845350189,-0.0027025847561935787,0.9734061600588788,0.44939255767131636,0.0,0.1469298245614035,0.020862826718288586
188,113,100.0,113,0,111,2,0,0.0,0.6905159969258022,0.6892814407707007,0.12642055067652463,0.5509868508884717,0.2871266466419167,0.943887611665352,6.884955752212389,6.321882890351117,0.2693755385213572,0.00022758712924246012,8.530376875192341e-05,0.0,0.00022758712924246012,0.003068581241844698,0,0,0,2,0,1.0,0.23893805309734514,0.12082741272880769,-0.011041382756817993,0.9728848761536919,0.449033501182294,0.0,0.11528822055137845,0.02086895171183037
189,113,100.0,113,0,109,4,0,0.0,0.694441914567942,0.6933165526882195,0.12589472997874354,0.5512186358503639,0.28301612196531833,0.9140655605818762,6.884955752212389,6.321882890351117,0.269810916063701,0.0006204011030961031,5.5536369478498705e-05,0.0,0.0006204011030961031,0.005900908707292943,0,0,0,4,0,1.0,0.24778761061946902,0.12002437551993338,-0.010373085127956257,0.954266789837694,0.452036456821646,0.0,0.1506892230576441,0.020895907886965204
190,113,100.0,113,0,110,3,0,0.0,0.6975679178829648,0.6964080425037085,0.12465685960837555,0.5515921199309698,0.28490998548505947,0.9153620455441329,6.884955752212389,6.321882890351117,0.26983527416839825,0.029289283004355796,6.95230860657286e-05,0.0,0.029289283004355796,0.0012901453105279663,0,0,0,3,0,0.6666666666666666,0.23008849557522124,0.1190054081888907,-0.011755263621469322,0.9736140664655182,0.45201627667281763,0.0,0.1506892230576441,0.020923343516635322
191,113,100.0,113,0,110,3,0,0.0,0.7002302340300749,0.6990458134986175,0.12636435044632766,0.5520753982199568,0.28248631150701253,0.9187432991804126,6.884955752212389,6.321882890351117,0.26962846022616893,0.03232276026689305,4.787079441159975e-05,0.0,0.03232276026689305,0.0013720042580821767,0,0,0,3,0,0.6666666666666666,0.22123893805309736,0.11917395252736299,-0.02117476898398898,0.9659582673706184,0.45326342790142693,0.0,0.1469298245614035,0.020951931241102995
192,113,100.0,113,0,110,3,0,0.0,0.7011886691771552,0.7000297914890402,0.12942739382944343,0.5525778889704566,0.2823455526628654,0.9206805954890459,6.884955752212389,6.321882890351117,0.2709331087511506,0.0318357624011504,5.435933000973891e-05,0.0,0.0318357624011504,0.001321806402232839,0,0,0,3,0,0.6666666666666666,0.24778761061946902,0.12108878299210905,-0.010687257725236397,0.9677453196688561,0.4549911498900505,0.0,0.11528822055137844,0.020972606855229118
193,113,100.0,113,0,112,1,0,0.0,0.7050288084107842,0.7039512668402685,0.13711614922247262,0.5532469417075976,0.27544657391985006,0.9150233000780751,6.884955752212389,6.321882890351117,0.27504112720303553,2.035721578027131e-06,3.191015304756272e-05,0.0,2.035721578027131e-06,0.002781284822839375,0,0,0,1,0,1.0,0.23893805309734514,0.12538159612078284,-0.008793668009949776,0.96423551821075,0.4612112603007375,0.0,0.07612781954887218,0.021012955916655637
194,113,100.0,113,0,111,2,0,0.0,0.7083048749976696,0.7072965985670853,0.14132210333084458,0.5540428880774727,0.2737840645116617,0.9197079833490076,6.884955752212389,6.321882890351117,0.27503878852872976,0.04797020523821353,4.125605914567004e-05,0.0,0.04797020523821353,0.000895776275316229,0,0,0,2,0,0.5,0.22123893805309736,0.12668681466801254,-0.012514927491200081,0.9771175096195441,0.46433909138226453,0.0,0.11152882205513784,0.021054495648276817
195,113,100.0,113,0,110,3,0,0.0,0.7083699748131581,0.7072419573247533,0.14082414268895915,0.5547857521656941,0.27279095071615234,0.9125514477787772,6.884955752212389,6.321882890351117,0.2755008457706394,0.03391607093339136,5.3164747902519614e-05,0.0,0.03391607093339136,0.0026183179199697295,0,0,0,3,0,0.6666666666666666,0.23008849557522124,0.12678657918129232,-0.015076575429565956,0.9519835273975915,0.46914852013802166,0.0,0.1469298245614035,0.021078302646200177
196,113,100.0,113,0,109,4,0,0.0,0.7064036851125726,0.7053164034527514,0.1442407181011075,0.5553842682476008,0.27134055305530363,0.9149324447325822,6.884955752212389,6.321882890351117,0.27674058236214294,0.026031299561839746,4.328717898522854e-05,0.0,0.026031299561839746,0.00355036677471951,0,0,0,4,0,0.75,0.25663716814159293,0.12864999083858863,-0.021978425411614065,0.9652297782853678,0.47296311907587457,0.0,0.07612781954887218,0.021087389940586277
197,113,100.0,113,0,105,8,0,0.0,0.710984368036014,0.709722801575593,0.15588975218173365,0.5561678007069364,0.2628944950454776,0.9119185619452156,6.884955752212389,6.321882890351117,0.28124331921835766,0.014974919994497946,4.0914781380211424e-05,0.0,0.014974919994497946,0.005733586952122161,0,0,0,8,0,0.875,0.24778761061946902,0.1346802223747278,-0.02754834161584501,0.9527428423406669,0.482432287094681,0.0,0.07988721804511278,0.021135060357447027
198,112,99.11504424778761,113,1,108,4,0,0.008849557522123894,0.709369132269365,0.7072683303832267,0.15612557092117213,0.5568229846214187,0.2716069269450148,0.9329269667091374,6.884955752212389,6.321882890351117,0.2810538764669692,0.021441235314291388,4.905497860668101e-05,0.0,0.021441235314291388,0.004204080365802831,0,1,0,4,0,0.8,0.24778761061946902,0.1357407537773283,-0.017987899051991767,0.9500437537340805,0.4774482666415921,0.008849557522123894,0.09743107769423559,0.021147694158508774
199,112,99.11504424778761,113,0,110,3,0,0.0,0.7038596369450374,0.7018067111905014,0.15202768126989288,0.5571152063455652,0.2744754351666055,0.9421461002061547,6.884955752212389,6.321882890351117,0.27962832520834047,4.9119197320811304e-05,9.936748247024567e-05,0.0,4.9119197320811304e-05,-0.0020523922321063295,0,0,0,3,0,1.0,0.2743362831858407,0.13435095302464928,-0.015976501453555253,0.9599123430565997,0.472856609940781,0.0,0.09743107769423559,0.021129383639477493
200,112,99.11504424778761,113,0,111,2,0,0.0,0.7037220189310018,0.7017201470127843,0.15288671476682456,0.557384576165779,0.27280042469702315,0.9305366203055138,6.884955752212389,6.321882890351117,0.2818925967486474,7.026841885525153e-05,8.99377167540341e-05,0.0,7.026841885525153e-05,0.0023194163024254366,0,0,0,2,0,1.0,0.25663716814159293,0.1357762977664821,-0.021793625092577523,0.9693252464381051,0.47556083418302053,0.0,0.03132832080200501,0.021137210171695245
201,112,99.11504424778761,113,0,111,2,0,0.0,0.7115336198487461,0.7094152304553853,0.15968837565535574,0.5580260960722617,0.26453128654518643,0.9605423498631691,6.884955752212389,6.321882890351117,0.2819292422729105,0.0007637239317477404,7.783196509195699e-05,0.0,0.0007637239317477404,0.002759718141067291,0,0,0,2,0,1.0,0.24778761061946902,0.1372322218833747,-0.023567945767425963,0.9615417792263887,0.47608917801590767,0.0,0.062030075187969935,0.02119654624488703
202,112,99.11504424778761,113,0,110,3,0,0.0,0.7183518534975033,0.7163352139555794,0.16709348312688965,0.5589770384438694,0.26109754722347084,0.9425796856196778,6.884955752212389,6.321882890351117,0.28487634577642673,0.03657661380547431,9.053336396222936e-05,0.0,0.03657661380547431,0.0008680326442658814,0,0,0,3,0,0.6666666666666666,0.23008849557522124,0.13997710052226106,-0.027492571028646547,0.9621947859868305,0.4772530333750738,0.0,0.062030075187969935,0.0212606961446747
203,113,100.0,113,0,110,3,0,0.0,0.723907954496716,0.7217789266112501,0.18010676107473889,0.5601431794635722,0.2536733582978526,0.9469172441167862,6.884955752212389,6.321882890351117,0.28872352705904625,0.0004047482803133243,7.257558095018858e-05,0.0,0.0004047482803133243,0.005396682947218827,0,0,0,3,0,1.0,0.23893805309734514,0.14554548167526793,-0.03280205809279811,0.9600391080267024,0.49044773995687674,0.0,0.043233082706766915,0.02132533768447174
204,113,100.0,113,0,110,3,0,0.0,0.7227967302163528,0.7205283166499178,0.18255512109854463,0.5611723487359368,0.25386614633584703,0.9617479101776426,6.884955752212389,6.321882890351117,0.28639063212355054,0.00527267981244985,7.136354015720686e-05,0.0,0.00527267981244985,-0.00034162154660026073,0,0,0,3,0,1.0,0.23893805309734514,0.14560788933276134,-0.034145559734537805,0.9659721958722428,0.4922030764399446,0.0,0.06672932330827068,0.021352313001141113
205,113,100.0,113,0,111,2,0,0.0,0.7232964437257814,0.7207964128395652,0.19007809718085147,0.5621500141138734,0.2495345675632037,0.9562283246205141,6.884955752212389,6.321882890351117,0.29030493781573696,0.00948998892771726,7.748974990957129e-05,0.0,0.00948998892771726,0.0019591606778803783,0,0,0,2,0,1.0,0.24778761061946902,0.15029168621777964,-0.034654523770260105,0.9806257997210225,0.4968125564610288,0.0,0.04323308270676693,0.021385714998814587
206,113,100.0,113,0,111,2,0,0.0,0.7223965826247722,0.7197952088039444,0.19669735924996729,0.5630152366742569,0.24267875822873497,0.9233347029492418,6.884955752212389,6.321882890351117,0.29481133968236595,0.0063398109209039715,7.827904427296718e-05,0.0,0.0063398109209039715,-0.004601449912322114,0,0,0,2,0,1.0,0.24778761061946902,0.15490893390368735,-0.03629611614640187,0.9742065441356089,0.5058188900399703,0.0,0.04385964912280703,0.02140856487181371
207,113,100.0,113,0,110,3,0,0.0,0.7220284923386803,0.7193881571189877,0.1977843056695655,0.5638051742129713,0.2379053852109811,0.9134699511880293,6.884955752212389,6.321882890351117,0.2956237335552063,0.008707619995468084,6.68508070846949e-05,0.0,0.008707619995468084,0.000987910348291099,0,0,0,3,0,1.0,0.23893805309734514,0.1557356128587457,-0.03344903295027919,0.9808883011681646,0.5093557073161198,0.0,0.06203007518796992,0.021431693883435472
208,113,100.0,113,0,110,3,0,0.0,0.7212668890127804,0.718626033006877,0.19771148893830373,0.5645066283505037,0.24057224740418226,0.950315632946032,6.884955752212389,6.321882890351117,0.29702307623125246,0.006095218296475225,6.992902165606903e-05,0.0,0.006095218296475225,-6.80593183882509e-05,0,0,0,3,0,1.0,0.25663716814159293,0.156586817939276,-0.033825127398800815,0.971430061404663,0.5108587415772923,0.0,0.04323308270676693,0.021450058421358133
209,113,100.0,113,0,109,4,0,0.0,0.7209573338569246,0.7185254541360194,0.20295560761812587,0.5651586505961893,0.24025400057486282,0.9511964952508133,6.884955752212389,6.321882890351117,0.2981004544591137,0.006293122678270675,6.486886930142001e-05,0.0,0.006293122678270675,0.0035588316198349457,0,0,0,4,0,1.0,0.2831858407079646,0.15847151974290277,-0.04089072838842739,0.9783137939510492,0.516198339430127,0.0,0.06672932330827068,0.021469120686974496
210,113,100.0,113,0,110,3,0,0.0,0.7211706087187334,0.7187060714550721,0.20913716246044503,0.565778587491396,0.23773978108988778,0.9538860781999369,6.884955752212389,6.321882890351117,0.3018361523912354,0.001635045992953483,6.179209978820112e-05,0.0,0.001635045992953483,0.0010894129167799416,0,0,0,3,0,1.0,0.2743362831858407,0.16256483874272717,-0.04997312164537008,0.9787347042896442,0.5255992315078167,0.0,0.10213032581453636,0.02148978290353806
211,113,100.0,113,0,110,3,0,0.0,0.7268976918924069,0.724247493400077,0.21634369923319408,0.5666395904667522,0.23415411290505847,0.9495620466305602,6.884955752212389,6.321882890351117,0.30399848953127173,0.001878568721341666,6.591215522892497e-05,0.0,0.001878568721341666,0.0018657930306219168,0,0,0,3,0,1.0,0.25663716814159293,0.16519172000124133,-0.043909962524759504,0.9722947279284821,0.5271020564517955,0.0,0.06672932330827068,0.02154563411929866
212,113,100.0,113,0,111,2,0,0.0,0.7314267356290587,0.7291910940954086,0.2134010590995895,0.5676961847595443,0.23531144890807307,0.9460798349620957,6.884955752212389,6.321882890351117,0.30342695937456154,0.0012782504982442164,6.824966255340049e-05,0.0,0.0012782504982442164,-0.003446637139884856,0,0,0,2,0,1.0,0.2743362831858407,0.1629776324500791,-0.040151534785403474,0.9778749792613132,0.5254890635515285,0.0,0.06672932330827068,0.021601677664890143
213,113,100.0,113,0,110,3,0,0.0,0.7338564723111312,0.731531317978481,0.21679952082086143,0.5688043393691279,0.2330537313860452,0.9353403409837235,6.884955752212389,6.321882890351117,0.3016651514971329,0.0018776586124317571,6.526924712180058e-05,0.0,0.0018776586124317571,-0.0015197205730105856,0,0,0,3,0,1.0,0.25663716814159293,0.1629270549429709,-0.03402824919104572,0.9785952322060165,0.5232736054960802,0.0,0.06203007518796992,0.021648854466631458
214,113,100.0,113,0,111,2,0,0.0,0.7409532058434771,0.7385128730300867,0.21961079360080668,0.5701955303294799,0.2313005942122693,0.923952269044213,6.884955752212389,6.321882890351117,0.30342083528247454,0.0015983613599634674,7.241258758779743e-05,0.0,0.0015983613599634674,-0.007098407162386716,0,0,0,2,0,1.0,0.23893805309734514,0.16315300373985722,-0.03268190018397094,0.9766446470190606,0.5254635845258353,0.0,0.10213032581453635,0.02172831286594049
215,113,100.0,113,0,112,1,0,0.0,0.7368669739732105,0.7347786204538993,0.21304672575748837,0.5713099117667801,0.237281737835017,0.93806075186774,6.884955752212389,6.321882890351117,0.30026237249652343,7.196376842614989e-05,6.741928461698134e-05,0.0,7.196376842614989e-05,-0.006788793028520368,0,0,0,1,0,1.0,0.22123893805309736,0.15967155316629197,-0.034521160314928016,0.9856300729346028,0.5226210627137966,0.0,0.09743107769423559,0.02174310665129812
216,113,100.0,113,0,111,2,0,0.0,0.74199016239003,0.7399062886536946,0.21991368396258662,0.5726131754575399,0.23558574822413855,0.9318922049133679,6.884955752212389,6.321882890351117,0.30064212359323705,7.931306845725453e-05,7.101307986747851e-05,0.0,7.931306845725453e-05,-0.0004412242816912437,0,0,0,2,0,1.0,0.23893805309734514,0.1609016757021347,-0.026639362945289183,0.9735465820117812,0.5232774196234968,0.0,0.0667293233082707,0.021809917995523367
217,113,100.0,113,0,112,1,0,0.0,0.7372749191151882,0.7351070424942692,0.21225245208398363,0.5735913261665625,0.2408209909773511,0.9437482793042438,6.884955752212389,6.321882890351117,0.2995182301870263,9.79013079780583e-05,7.091342447793139e-05,0.0,9.79013079780583e-05,-0.0036445006708929473,0,0,0,1,0,1.0,0.25663716814159293,0.15879442614956005,-0.02532127276366956,0.9911632047590597,0.5194522942371692,0.0,0.06296992481203009,0.021817260550306933
218,113,100.0,113,0,112,1,0,0.0,0.7386039121855349,0.736612078640746,0.21628037778054096,0.5745837566313797,0.2417243666548698,0.9443051327467564,6.884955752212389,6.321882890351117,0.29979995779576596,0.0001402146990639447,6.61345198455618e-05,0.0,0.0001402146990639447,-0.005105409685579376,0,0,0,1,0,1.0,0.2920353982300885,0.1598883024070601,-0.022340090659936997,0.9908414747253518,0.5205476180126541,0.0,0.03164160401002507,0.021855275661535625
219,113,100.0,113,0,110,3,0,0.0,0.7397046812198025,0.7375130841988489,0.22169613484846895,0.5755590152174181,0.23593838114755347,0.9342360530024968,6.884955752212389,6.321882890351117,0.30236740236844395,0.0009800770253646479,6.631442295589579e-05,0.0,0.0009800770253646479,-0.006159162883568252,0,0,0,3,0,1.0,0.2743362831858407,0.16286098210675826,-0.017993924365001936,0.9897277797436349,0.5289908217597332,0.0,0.0974310776942356,0.02189160685955068
220,113,100.0,113,0,110,3,0,0.0,0.7383999853077275,0.7361797460205503,0.22656223199309092,0.5764051854352374,0.23843523998862087,0.9407651337296575,6.884955752212389,6.321882890351117,0.30094962775237244,0.0009174473779111281,7.013279559563944e-05,0.0,0.0009174473779111281,-0.01145194849341378,0,0,0,3,0,1.0,0.2743362831858407,0.1639830334290463,-0.01673028352063726,0.9843280889280694,0.5280893850801135,0.0,0.06203007518796992,0.02191183032510209
221,113,100.0,113,0,110,3,0,0.0,0.7350641603865825,0.7330236419817582,0.22317198379970948,0.5770382416018494,0.24554483478290032,0.9542684861955241,6.884955752212389,6.321882890351117,0.29738587374265735,0.0005515075287423047,7.032484044044594e-05,0.0,0.0005515075287423047,-0.013816433731262345,0,0,0,3,0,1.0,0.2743362831858407,0.16180443875047476,-0.01878298053276015,0.9777275041007235,0.5241474891067076,0.0,0.04323308270676693,0.02191516173523804
222,113,100.0,113,0,111,2,0,0.0,0.7348543453095209,0.7326389916913847,0.23254767893093164,0.577611822986262,0.24664039822465,0.9499708105602891,6.884955752212389,6.321882890351117,0.2953229686897192,0.0010107742796040863,7.477589428795199e-05,0.0,0.0010107742796040863,-0.006691436395522471,0,0,0,2,0,1.0,0.2743362831858407,0.16364928114928265,-0.015082512813987335,0.9867578839561825,0.5187131588091063,0.0,0.04323308270676693,0.021932243231554443
223,113,100.0,113,0,109,4,0,0.0,0.7369396402289914,0.734391585484464,0.24700880279402368,0.5782377807689848,0.24284247704754286,0.9409141227042319,6.884955752212389,6.321882890351117,0.299287943868475,0.0006695704790681281,6.263534085640606e-05,0.0,0.0006695704790681281,-0.009756117503449818,0,0,0,4,0,1.0,0.26548672566371684,0.16952333480211196,-0.01114989778982481,0.9954073719822536,0.5235177549205207,0.0,0.06672932330827068,0.021962455865135184
224,113,100.0,113,0,111,2,0,0.0,0.744552029634217,0.7419984426682771,0.24382912075104193,0.5792088835159783,0.238322500138204,0.9234668874704375,6.884955752212389,6.321882890351117,0.30045823748370504,0.00022888618110258665,6.412824598254464e-05,0.0,0.00022888618110258665,-0.011740092300916327,0,0,0,2,0,1.0,0.25663716814159293,0.16764423194840963,-0.005222002668328411,0.9919512950546463,0.5229612858403535,0.0,0.06672932330827068,0.02203121380136627
225,113,100.0,113,0,108,5,0,0.0,0.7555092252367938,0.7526281084482289,0.2663938177588111,0.5806561903023575,0.22779699437246256,0.9058408041071896,6.884955752212389,6.321882890351117,0.3051709866670651,0.02597574354870027,6.886815329909888e-05,0.0,0.02597574354870027,-0.0029193696491032874,0,0,0,5,0,0.8,0.25663716814159293,0.17499073475297064,-0.005492797782567148,0.9919512950546463,0.5279560006602599,0.0,0.06672932330827068,0.02213174829942865
226,113,100.0,113,0,110,3,0,0.0,0.7628353263441581,0.75982416708447,0.25667850918985413,0.582375941168401,0.23314297498675715,0.9130383406513632,6.884955752212389,6.321882890351117,0.3022643767763653,0.007603245244924897,6.925227028826472e-05,0.0,0.007603245244924897,-0.005182632164271617,0,0,0,3,0,1.0,0.21238938053097345,0.17036479990513215,-0.0039862813981065386,0.9879327318181322,0.528384476221347,0.0,0.07926065162907268,0.022222739122844004
227,113,100.0,113,0,109,4,0,0.0,0.7653630154464981,0.7622270207549543,0.26074947546303395,0.5841084958747469,0.23286580505743815,0.9177297473788052,6.884955752212389,6.321882890351117,0.30041718363313663,0.0002566151958290865,6.584759390151879e-05,0.0,0.0002566151958290865,-0.003649726765635797,0,0,0,4,0,1.0,0.22123893805309736,0.17004418274813607,0.0012710293779038206,0.9795617598608191,0.5209573395178975,0.0,0.07926065162907268,0.022290142608128935
228,113,100.0,113,0,108,5,0,0.0,0.7696233312192694,0.7663589912142067,0.2730259089763765,0.5859404951683448,0.2273597400869248,0.9219208543417519,6.884955752212389,6.321882890351117,0.3054567886957389,0.021886509425791283,7.533699433156885e-05,0.0,0.021886509425791283,-0.002483831462893471,0,0,0,5,0,0.8,0.23893805309734514,0.17575238083196806,-0.010062615105720943,0.9822869882856056,0.5345025245678913,0.0,0.07926065162907268,0.02236935261193945
229,112,99.11504424778761,113,1,107,5,0,0.008849557522123894,0.7747250999602628,0.7723644492884458,0.28730773535915927,0.5879106868110276,0.2257619742823653,0.9105100305119841,6.884955752212389,6.321882890351117,0.30785446845461406,0.017402760443093756,7.20762885983506e-05,0.0,0.017402760443093756,-0.0015676455956202817,0,1,0,5,0,0.8333333333333334,0.23008849557522124,0.17977433984843144,-0.008670780661715885,0.9819018193345894,0.5358783092521014,0.008849557522123894,0.09680451127819548,0.022457138059827363
230,112,99.11504424778761,113,0,106,7,0,0.0,0.7776223800818164,0.77535181138863,0.2796122848652953,0.5899571284943398,0.23095955091509476,0.915058453297964,6.884955752212389,6.321882890351117,0.30316618183012345,0.024654174553559595,4.5833971174059087e-05,0.0,0.024654174553559595,0.003670790662707419,0,0,0,7,0,0.8571428571428571,0.22123893805309736,0.17437895206875512,-0.011334583126904097,0.985625080812462,0.5285689825512009,0.0,0.06672932330827067,0.022536311283754294
231,112,99.11504424778761,113,0,106,7,0,0.0,0.7900689386565581,0.7877764618239242,0.32093003765475636,0.5925025740110574,0.21454421112054078,0.8962817551127845,6.884955752212389,6.321882890351117,0.3108911146821818,0.0192666162390762,1.6929212291788156e-05,0.0,0.0192666162390762,0.010195358107639066,0,0,0,7,0,0.8571428571428571,0.21238938053097345,0.18676218116572862,-0.015816306748741207,0.9789980641654619,0.5442213245732945,0.0,0.06672932330827067,0.022679004118930292
232,111,98.23008849557522,113,1,105,7,0,0.008849557522123894,0.7858271239130452,0.7825643998997868,0.3136391042143183,0.5946682117182989,0.22756345387113053,0.9029095674994221,6.884955752212389,6.321882890351117,0.3085352671617181,0.017741912743717413,8.83258622857189e-06,0.0,0.017741912743717413,0.012822355795783114,0,1,0,7,0,0.875,0.23008849557522124,0.1855525732022409,-0.01283017765290334,0.9839761303638771,0.5445643945808586,0.008849557522123894,0.08082706766917294,0.022726249585053274
233,111,98.23008849557522,113,0,109,4,0,0.0,0.7846067059286711,0.7812396282485977,0.3280760764642423,0.5965852273000355,0.23512168587177468,0.9246267389859475,6.884955752212389,6.321882890351117,0.30394750441678053,0.0014649901244100474,5.927741222614037e-05,0.0,0.0014649901244100474,-0.004280119666999899,0,0,0,4,0,1.0,0.23008849557522124,0.18642989046383865,-0.02021980922252997,0.974476509754571,0.5378678832263528,0.0,0.11090225563909775,0.02278074323516499
234,112,99.11504424778761,113,0,107,6,0,0.0,0.7909683606564976,0.7874803238655346,0.3417228585760507,0.5986966749764616,0.23392685814453865,0.9334893709709043,6.884955752212389,6.321882890351117,0.30917551920923847,0.0018054435219361524,5.118035811403081e-05,0.0,0.0018054435219361524,0.00041331963510284525,0,0,0,6,0,1.0,0.23893805309734514,0.1912642232087203,-0.01945187764066346,0.9634896777023738,0.5453862041414411,0.0,0.13220551378446116,0.02287929313350147
235,112,99.11504424778761,113,0,109,4,0,0.0,0.7888203645742796,0.7858578597351844,0.32965432669809475,0.6005925831776862,0.2368475389126864,0.9226403790509891,6.884955752212389,6.321882890351117,0.31070489529009726,0.0013682660902499817,5.420576042513724e-05,0.0,0.0013682660902499817,-0.0005936440446369304,0,0,0,4,0,1.0,0.24778761061946902,0.18972922203038375,-0.022428443498669435,0.9658248985734832,0.5473527032256387,0.0,0.09680451127819549,0.02292848170118537
236,112,99.11504424778761,113,0,109,4,0,0.0,0.7874337024791814,0.7847447869772176,0.30660240175097,0.6023123405577263,0.246555928490923,0.9390522086668568,6.884955752212389,6.321882890351117,0.3080353522511925,0.001349790141453611,7.453216719162788e-05,0.0,0.001349790141453611,0.0006984180976259552,0,0,0,4,0,1.0,0.24778761061946902,0.1828541336810741,-0.021138427396596958,0.97790576614757,0.5414186949607354,0.0,0.06203007518796992,0.022975908914492034
237,113,100.0,113,0,109,4,0,0.0,0.7913824341000727,0.7886276211491174,0.322625809676526,0.6041197514735412,0.2347031786585298,0.9296646822275203,6.884955752212389,6.321882890351117,0.3139181075463957,0.0008888407382851445,6.222146727572695e-05,0.0,0.0008888407382851445,-0.0015981220493828177,0,0,0,4,0,1.0,0.24778761061946902,0.18931080311956,-0.021600306778435677,0.9669593579640691,0.5513602846064153,0.0,0.061403508771929835,0.02305278377331911
238,113,100.0,113,0,109,4,0,0.0,0.7982991472698745,0.7957839989833283,0.3281521026692708,0.6061748342486071,0.2332221818138464,0.9021900140554378,6.884955752212389,6.321882890351117,0.3135247886801589,0.0008575232031097001,6.41631129059027e-05,0.0,0.0008575232031097001,-0.0018273563118511374,0,0,0,4,0,1.0,0.24778761061946902,0.18912558151640912,-0.019558172790560307,0.9726223841885462,0.5508196498528899,0.0,0.061403508771929835,0.02315232730233784
239,113,100.0,113,0,108,5,0,0.0,0.7926070497165513,0.7901123310582366,0.3124020967662378,0.6078131521340101,0.24300902278421566,0.9411532799749887,6.884955752212389,6.321882890351117,0.3102405993974804,0.0008632425973269478,5.519525145586628e-05,0.0,0.0008632425973269478,0.0019713143003084075,0,0,0,5,0,1.0,0.25663716814159293,0.18419085239098237,-0.01777112838446892,0.9613649863953737,0.5438774423812508,0.0,0.061403508771929835,0.02317565308361465
240,113,100.0,113,0,109,4,0,0.0,0.796576229375822,0.7941052642857832,0.3209419929870956,0.6095498403313546,0.24985271194584577,0.9287133277700503,6.884955752212389,6.321882890351117,0.3103721365412935,0.0008489433616331006,6.79480252908881e-05,0.0,0.0008489433616331006,-0.002292902232431962,0,0,0,4,0,1.0,0.23893805309734514,0.18586750755977993,-0.017051692880474006,0.9674285598546232,0.5463388018374716,0.0,0.061403508771929835,0.023250394678914342
241,113,100.0,113,0,110,3,0,0.0,0.7944249257685736,0.7919174517010181,0.3201696168862384,0.6110660883751171,0.2544779260321174,0.9420152223930153,6.884955752212389,6.321882890351117,0.30993913071433754,0.0010736668908475214,6.97996566980314e-05,0.0,0.0010736668908475214,-0.004450062455985134,0,0,0,3,0,1.0,0.23893805309734514,0.18564916559832337,-0.023033287094139612,0.9630769887965193,0.5426615621683955,0.0,0.09680451127819549,0.02328756587370505
242,113,100.0,113,0,109,4,0,0.0,0.7988075216438527,0.796400586289731,0.32592592128707637,0.6127132158080381,0.2553937050313381,0.9389393830734618,6.884955752212389,6.321882890351117,0.3081687475775261,0.0008029134246537463,6.762914754614602e-05,0.0,0.0008029134246537463,-0.0013348525184952928,0,0,0,4,0,1.0,0.22123893805309736,0.18548873202057095,-0.021236163397249996,0.9832275098529666,0.5375137981542529,0.0,0.03132832080200501,0.023361543586763504
243,113,100.0,113,0,111,2,0,0.0,0.8067923075588026,0.8043955045838603,0.3402505204581336,0.614660557270982,0.2501243504566988,0.9333307272119734,6.884955752212389,6.321882890351117,0.31256763651248076,0.00027624144528162514,7.290247667030218e-05,0.0,0.00027624144528162514,-0.010128698202058584,0,0,0,2,0,1.0,0.21238938053097345,0.19013398259139438,-0.02043319227904827,0.9662338603617365,0.5472195528970496,0.0,0.06672932330827068,0.023463021839719534
244,113,100.0,113,0,109,4,0,0.0,0.8125980386356774,0.8102662200270303,0.36562707020089685,0.6167817018912779,0.2393108283605512,0.9215249619334355,6.884955752212389,6.321882890351117,0.31817841280213344,0.0016524205430761302,7.417379168703125e-05,0.0,0.0016524205430761302,-0.0015869196185579054,0,0,0,4,0,1.0,0.22123893805309736,0.19834438337136212,-0.014306665008714282,0.9733696924943726,0.5545540705739818,0.0,0.06672932330827067,0.023559098634518952
245,113,100.0,113,0,109,4,0,0.0,0.8197885228763733,0.8178467301083757,0.36534437744890186,0.6191521350086107,0.23268407759007348,0.9088427543841967,6.884955752212389,6.321882890351117,0.3184047016672946,0.0007529264572544601,6.660833260327471e-05,0.0,0.0007529264572544601,-0.0019233506972969883,0,0,0,4,0,1.0,0.22123893805309736,0.1965915858473897,-0.016238922313020855,0.9655853349382721,0.5562793400385795,0.0,0.03132832080200501,0.02366997905855837
246,113,100.0,113,0,110,3,0,0.0,0.81676043481851,0.815466843918201,0.3491976177479851,0.6212523492259785,0.24430129455748295,0.9240285922048006,6.884955752212389,6.321882890351117,0.3151991622333168,0.000788982598225533,6.629934641848958e-05,0.0,0.000788982598225533,0.0005221582413012146,0,0,0,3,0,1.0,0.23893805309734514,0.19161129208767516,-0.011423661810999297,0.9740765288409732,0.5505302947612093,0.0,0.03132832080200501,0.023721225159903304
247,113,100.0,113,0,108,5,0,0.0,0.81922880462004,0.8180879809144639,0.3358700099305862,0.6233523545291173,0.2509291773645795,0.9391128824415287,6.884955752212389,6.321882890351117,0.3113033706548196,0.0020366516428866424,6.102287914343145e-05,0.0,0.0020366516428866424,-0.004023227209983054,0,0,0,5,0,1.0,0.22123893805309736,0.18580218920926617,-0.009227968375316906,0.98391394724487,0.5417379470857395,0.0,0.03132832080200501,0.02379994694688875
248,113,100.0,113,0,108,5,0,0.0,0.8164382638573541,0.8156074068197529,0.3201119894655122,0.6251941447648797,0.2578015037084899,0.9395544666900147,6.884955752212389,6.321882890351117,0.3118353165179022,0.0005606631017134788,8.299537741189374e-05,0.0,0.0005606631017134788,-0.0024126468615293995,0,0,0,5,0,1.0,0.25663716814159293,0.18251205826371,-0.005721869167750448,0.9662532704770521,0.5384834715660294,0.0,0.06140350877192982,0.023844212153970732
249,113,100.0,113,0,106,7,0,0.0,0.8095509919629423,0.8086399136754077,0.3119030368213552,0.6265671177732683,0.261703601961156,0.9429667120513915,6.884955752212389,6.321882890351117,0.31342835015752923,0.001793487042416964,7.49497023734818e-05,0.0,0.001793487042416964,-0.005408262381643991,0,0,0,7,0,1.0,0.26548672566371684,0.18233843961935697,-0.01180413668342211,0.9685130268161982,0.5449100177972651,0.0,0.03132832080200501,0.023853174667351904
250,113,100.0,113,0,105,8,0,0.0,0.8133793779310817,0.8123675892095323,0.33731522784118617,0.6280418204613901,0.24916074452546752,0.9184822967255094,6.884955752212389,6.321882890351117,0.3202555602277586,0.015154394626286585,7.664004322081797e-05,0.0,0.015154394626286585,-0.0032421428114672197,0,0,0,8,0,0.875,0.2920353982300885,0.19188307052576353,-0.01757691646760146,0.9675541535128237,0.5577102965856654,0.0,0.06203007518796992,0.02391893108565456
251,113,100.0,113,0,109,4,0,0.0,0.813770114737286,0.8124806520762241,0.35380338125322713,0.6294290123342079,0.24423087918952419,0.9252656538538023,6.884955752212389,6.321882890351117,0.3241249701264093,0.0008182930673800266,7.183045236815104e-05,0.0,0.0008182930673800266,-0.0034762946280893284,0,0,0,4,0,1.0,0.2920353982300885,0.19839607414570387,-0.02679279489321793,0.9773124616881244,0.5710820557512488,0.0,0.0667293233082707,0.023964733092517586
252,113,100.0,113,0,107,6,0,0.0,0.8095880728388005,0.8083776925172146,0.3310795778406276,0.6305210001226743,0.25185792070647783,0.9464908223764541,6.884955752212389,6.321882890351117,0.32258536101497026,0.0005444596020143535,7.53333147906832e-05,0.0,0.0005444596020143535,-0.000570056376758545,0,0,0,6,0,1.0,0.2920353982300885,0.19318822427183494,-0.031998978127201,0.9786042831648416,0.5718257814544726,0.0,0.045426065162907286,0.023978339977607052
253,113,100.0,113,0,108,5,0,0.0,0.8054961947312074,0.8042504184808378,0.3261693507343088,0.6313352165770622,0.2550591358789099,0.9568847525851149,6.884955752212389,6.321882890351117,0.3213850516313872,0.0006820547789194895,8.186842721995869e-05,0.0,0.0006820547789194895,-0.002004737020034242,0,0,0,5,0,1.0,0.2920353982300885,0.19224169532945345,-0.03411373553938781,0.9844771368860019,0.5714863997627542,0.0,0.03070175438596491,0.02398361749242927
254,113,100.0,113,0,107,6,0,0.0,0.8010297683778543,0.7999376222005329,0.32113609819261424,0.6318798392766172,0.2647584781082118,0.9693802728730441,6.884955752212389,6.321882890351117,0.31896220536308983,0.0005621709156500625,7.90470608198441e-05,0.0,0.0005621709156500625,-0.003684277532960273,0,0,0,6,0,1.0,0.3008849557522124,0.1898266572059891,-0.04010952098540315,0.9917598391477734,0.5682056697610619,0.0,0.044799498746867186,0.02397850056529257
255,113,100.0,113,0,109,4,0,0.0,0.7917633939487748,0.7909496660853755,0.2837266604558105,0.6319354651190431,0.2787318277539563,0.9812051290836745,6.884955752212389,6.321882890351117,0.3113198327694464,0.000849928905490037,8.218550209123767e-05,0.0,0.000849928905490037,-0.005885428663814973,0,0,0,4,0,1.0,0.2920353982300885,0.17762261613865846,-0.03846768666352578,0.9685764914946804,0.5542542265373108,0.0,0.061403508771929835,0.023933926993454646
256,113,100.0,113,0,109,4,0,0.0,0.7968856072479952,0.7961409310370583,0.2944395771028573,0.6322501229134727,0.2757103985413128,0.9713946059010252,6.884955752212389,6.321882890351117,0.31292550866417,0.0003812461666233746,9.413668757431321e-05,0.0,0.0003812461666233746,-0.007325793531861552,0,0,0,4,0,1.0,0.2743362831858407,0.1802604755843826,-0.03361750844387649,0.9661962641986298,0.5534458494199348,0.0,0.09680451127819548,0.02396948420858535
257,113,100.0,113,0,109,4,0,0.0,0.7941292215526873,0.7936405065662581,0.2732857541680804,0.6324184292851887,0.2864920375951251,0.984839398255539,6.884955752212389,6.321882890351117,0.3072049978260336,0.0008733921152315525,7.903594523394311e-05,0.0,0.0008733921152315525,-0.005417072718094544,0,0,0,4,0,1.0,0.26548672566371684,0.17198022236616856,-0.03950549933657574,0.9651821235083695,0.5434328334110734,0.0,0.13220551378446116,0.023961022345967246
258,113,100.0,113,0,108,5,0,0.0,0.7998255954950243,0.7993683314597688,0.27617162797222516,0.6328657806307333,0.28602447475233,0.9818931463601153,6.884955752212389,6.321882890351117,0.3053815426543869,0.0005967942203626278,7.694860169538915e-05,0.0,0.0005967942203626278,-0.004664556805384345,0,0,0,5,0,1.0,0.25663716814159293,0.17050031010656563,-0.04222877129453376,0.9820053839411954,0.5391480217673444,0.0,0.06140350877192982,0.0240036447297658
259,113,100.0,113,0,106,7,0,0.0,0.8094861329844886,0.8089934502121159,0.3026165389022058,0.6337716419365688,0.27659798846646316,0.9482993177638084,6.884955752212389,6.321882890351117,0.30922150814008353,0.0009311919941138125,8.231770249117114e-05,0.0,0.0009311919941138125,-0.004780204069035383,0,0,0,7,0,1.0,0.24778761061946902,0.17722651225947264,-0.040716905640124014,0.9802689906498478,0.5459229528829348,0.0,0.061403508771929835,0.024080581162665086
260,113,100.0,113,0,106,7,0,0.0,0.8112550613360942,0.8108566150466299,0.2994651785160024,0.6347144654306137,0.27551781861332897,0.9222565977551039,6.884955752212389,6.321882890351117,0.3098552168941149,0.000735730839465486,7.997843114269143e-05,0.0,0.000735730839465486,-0.0033176111050907836,0,0,0,7,0,1.0,0.26548672566371684,0.17631524718143354,-0.041891387048408335,0.9816584342004876,0.5475371433880754,0.0,0.03132832080200501,0.024119227903001233
261,113,100.0,113,0,106,7,0,0.0,0.8118589910337608,0.811411714058258,0.31980837101186066,0.6356257588950553,0.26890485598088554,0.9115228744149811,6.884955752212389,6.321882890351117,0.3115624174025893,0.0007614253831977867,6.891595187839657e-05,0.0,0.0007614253831977867,-0.0018644896189118196,0,0,0,7,0,1.0,0.2831858407079646,0.18249366935904618,-0.04115681689600863,0.9849493567254988,0.552592251198848,0.0,0.03132832080200501,0.02415105300429428
262,113,100.0,113,0,107,6,0,0.0,0.8135120528661001,0.8127778637546078,0.3353667163363245,0.6365485345610155,0.26793075003471256,0.9054267224479053,6.884955752212389,6.321882890351117,0.31394456978622176,0.0010751374596453239,7.658839722173273e-05,0.0,0.0010751374596453239,-0.004918988333049934,0,0,0,6,0,1.0,0.2743362831858407,0.18673885452646932,-0.03868105361013233,0.982702209632185,0.5523811464549829,0.0,0.09680451127819549,0.024188486711927304
263,113,100.0,113,0,105,8,0,0.0,0.8219193224703464,0.8208346509274516,0.387712608977775,0.6378204459498665,0.25196402849243554,0.886365740599145,6.884955752212389,6.321882890351117,0.3195778592588867,0.006634241016796452,8.342699747877839e-05,0.0,0.006634241016796452,-0.001226936856032007,0,0,0,8,0,1.0,0.25663716814159293,0.1998423069149692,-0.04155323538426633,0.976695078978127,0.5588071079992191,0.0,0.10087719298245615,0.024270727434184635
264,113,100.0,113,0,106,7,0,0.0,0.8211629713991467,0.8199682045954998,0.3869718818974074,0.6389681280123144,0.25626645986853935,0.8928448047716948,6.884955752212389,6.321882890351117,0.3182945579340428,0.0084293989878895,8.685863970972747e-05,0.0,0.0084293989878895,-0.0011504168706194054,0,0,0,7,0,1.0,0.2743362831858407,0.19898436420788945,-0.04108822385788098,0.9851482904464175,0.5558644183349506,0.0,0.06140350877192982,0.0243032232367994
265,113,100.0,113,0,107,6,0,0.0,0.8219092011641052,0.8205367728809909,0.3946050986671027,0.6400720103357491,0.24947392665925477,0.8874120985416791,6.884955752212389,6.321882890351117,0.3203537389364699,0.0020794279552285287,8.705274616961993e-05,0.0,0.0020794279552285287,-0.0029689169032979246,0,0,0,6,0,1.0,0.2743362831858407,0.20175776706673473,-0.0455484485697843,0.9935816578284228,0.5617690143155335,0.0,0.045426065162907286,0.024341847459491608
266,113,100.0,113,0,106,7,0,0.0,0.8256262351593702,0.824432590382723,0.4119747291765013,0.6413031377275142,0.24584862242077005,0.8833109413694387,6.884955752212389,6.321882890351117,0.32325054740290393,0.009184363057058614,7.996381547913801e-05,0.0,0.009184363057058614,0.0009433802646194708,0,0,0,7,0,1.0,0.2743362831858407,0.20614669576489578,-0.04316158482925032,0.9807192443472369,0.562541206129953,0.0,0.07957393483709273,0.024399347845437146
267,113,100.0,113,0,106,7,0,0.0,0.8258355660038446,0.8247813091002952,0.3974756529300444,0.6424740711584939,0.24005168115868997,0.883860307945942,6.884955752212389,6.321882890351117,0.32706249409619725,0.008659984017116828,8.718311220456115e-05,0.0,0.008659984017116828,0.0005334756628437734,0,0,0,7,0,1.0,0.25663716814159293,0.20576669969437844,-0.04512303417636393,0.9617770274825711,0.5738312902324529,0.0,0.07957393483709273,0.024437407019774766
268,113,100.0,113,0,105,8,0,0.0,0.8263844490382853,0.8253917974470433,0.4009698660808127,0.6436018550359158,0.24556676422350615,0.8812183695098766,6.884955752212389,6.321882890351117,0.326096766584697,0.00809054478792723,8.6376669824405e-05,0.0,0.00809054478792723,-1.7615537459145236e-05,0,0,0,8,0,1.0,0.2743362831858407,0.20609399522626257,-0.03856952859956547,0.9726573642558973,0.568014412736622,0.0,0.10087719298245613,0.02447580002294041
269,113,100.0,113,0,105,8,0,0.0,0.8352472988718472,0.83400214955587,0.4223738815231005,0.6450938108387644,0.23674514514136105,0.8674033705448282,6.884955752212389,6.321882890351117,0.32991790621836703,0.007956949183449202,7.60785181509625e-05,0.0,0.007956949183449202,-0.001547447528880086,0,0,0,8,0,1.0,0.2831858407079646,0.21128641459781325,-0.03999444153996172,0.9467636186513071,0.5763971087481907,0.0,0.1362781954887218,0.024567274121424162
270,113,100.0,113,0,105,8,0,0.0,0.8350662582798929,0.833617218198839,0.44216773946424737,0.6464719790153012,0.23379318159291487,0.864125358961245,6.884955752212389,6.321882890351117,0.3319413427219182,0.007686005073733543,7.449142387445129e-05,0.0,0.007686005073733543,0.00026653582416082816,0,0,0,8,0,1.0,0.26548672566371684,0.2165361505031483,-0.04228455036980195,0.9265557324295384,0.5820251909638925,0.0,0.13627819548872178,0.02460993200754076
271,113,100.0,113,0,105,8,0,0.0,0.8334479849747632,0.8318760303659701,0.4261218624664995,0.6476749603291293,0.23508515341102285,0.8287944769949016,6.884955752212389,6.321882890351117,0.32984985455969706,0.007149267415343942,9.278075525440873e-05,0.0,0.007149267415343942,-0.0025141145147873703,0,0,0,8,0,1.0,0.2831858407079646,0.21230424538405593,-0.04219878683279981,0.9626372961288364,0.5773964481403238,0.0,0.06547619047619048,0.024639866175941622
272,113,100.0,113,0,104,9,0,0.0,0.8352815566099472,0.8335634708250673,0.44744388528770507,0.6488872329808393,0.2343128467867646,0.8438314727240507,6.884955752212389,6.321882890351117,0.3332900424723717,0.006462570886020449,7.82846801764009e-05,0.0,0.006462570886020449,-0.0014758101699591827,0,0,0,9,0,1.0,0.30973451327433627,0.21829337311982283,-0.03775922225193909,0.9759793476742613,0.5786695128148317,0.0,0.04417293233082707,0.024687353262793973
273,113,100.0,113,0,104,9,0,0.0,0.8399644963565632,0.8384622105362135,0.4464683620521129,0.6502706212453095,0.23242844625346334,0.8639890844044428,6.884955752212389,6.321882890351117,0.33423131115684357,0.006900115263402968,9.358895035349626e-05,0.0,0.006900115263402968,-0.0044054931286644445,0,0,0,9,0,1.0,0.3274336283185841,0.21807917947150604,-0.03684329697399958,0.9849688336436658,0.5834884135138184,0.0,0.07957393483709273,0.024754496054526388
274,113,100.0,113,0,102,11,0,0.0,0.8431768132494383,0.8417639512547588,0.46819688242104773,0.651733539069037,0.2230844074062787,0.8309760406203287,6.884955752212389,6.321882890351117,0.3362896710968486,0.0069366868724064215,8.147293960476771e-05,0.0,0.0069366868724064215,0.00031497475681221206,0,0,0,11,0,1.0,0.30973451327433627,0.22311917625164968,-0.03208090769237161,0.9849688336436658,0.5832680507737384,0.0,0.07957393483709273,0.024816799614789824
275,113,100.0,113,0,104,9,0,0.0,0.8606461153201318,0.858792649452634,0.5642884582591644,0.653965200427423,0.19926261468541065,0.7992604559300502,6.884955752212389,6.321882890351117,0.3464246223368568,0.008089894321485212,8.011746081401502e-05,0.0,0.008089894321485212,-0.004933734036070929,0,0,0,9,0,1.0,0.3274336283185841,0.24460834903783987,-0.03271028043153815,0.9668085861691723,0.6004708190653822,0.0,0.10087719298245613,0.024974687633936482
276,113,100.0,113,0,104,9,0,0.0,0.8580069290779858,0.8563126740710404,0.5462575700898733,0.6559303538567556,0.2135805459416321,0.8084869777594134,6.884955752212389,6.321882890351117,0.34356495328902215,0.004376678211751754,7.960202425382832e-05,0.0,0.004376678211751754,-0.002225206117175172,0,0,0,9,0,1.0,0.2831858407079646,0.2402710036376731,-0.034984452652845444,0.9434733496129492,0.5973267154112396,0.0,0.15037593984962405,0.025023609051934813
277,113,100.0,113,0,103,10,0,0.0,0.8596465157310998,0.8579409970922199,0.5898760521732103,0.6578536251272503,0.21051547658017802,0.8073853791413235,6.884955752212389,6.321882890351117,0.3444579913248049,0.006329306561771071,9.283301621964594e-05,0.0,0.006329306561771071,-0.005402690431392426,0,0,0,10,0,1.0,0.30973451327433627,0.24824635858746386,-0.0383099155781713,0.9693801446723378,0.5958113705731081,0.0,0.07957393483709273,0.025092600463892605
278,113,100.0,113,0,103,10,0,0.0,0.8576266337493308,0.8559544380866455,0.5736663992003779,0.6595548390932567,0.22101126353399297,0.8173508435154048,6.884955752212389,6.321882890351117,0.34122429370081986,0.007674947361949583,9.075300036950871e-05,0.0,0.007674947361949583,-0.002280298129396105,0,0,0,10,0,1.0,0.3274336283185841,0.24323914895400267,-0.0396621825877529,0.9721217052320524,0.5892276476119305,0.0,0.07957393483709273,0.025136275431306376
279,113,100.0,113,0,102,11,0,0.0,0.8648262663123663,0.862909386110535,0.5998906581635627,0.6615002512399419,0.2208082474171919,0.8812082682326132,6.884955752212389,6.321882890351117,0.33944234103516946,0.006515869802109089,8.674266001430484e-05,0.0,0.006515869802109089,-0.0009265081830135867,0,0,0,11,0,1.0,0.3008849557522124,0.24478487148617986,-0.041463726832555434,0.9770554051379394,0.5845546971416818,0.0,0.09617794486215538,0.025233766932945604
280,113,100.0,113,0,104,9,0,0.0,0.8675981911684155,0.8658636971600974,0.5662194032680181,0.6634720911767951,0.22403611383775945,0.8894070664924528,6.884955752212389,6.321882890351117,0.3368167618003761,0.0033098003200318685,8.571619952545734e-05,0.0,0.0033098003200318685,-0.003821076702719158,0,0,0,9,0,1.0,0.3185840707964602,0.23700701785865694,-0.03904064545414966,0.9859000147063579,0.577353758587671,0.0,0.07487468671679197,0.025309955263022366
281,113,100.0,113,0,102,11,0,0.0,0.8797239211182757,0.8781838090416032,0.5878418248892712,0.6659423641381425,0.22207775874476324,0.87453904894066,6.884955752212389,6.321882890351117,0.33925774022987354,0.006958268017737365,9.508697832585444e-05,0.0,0.006958268017737365,0.0016932270004153588,0,0,0,11,0,1.0,0.3008849557522124,0.23998526943390253,-0.036676672351202436,0.9738500198076638,0.5869159383512282,0.0,0.13157894736842105,0.02544866779461586
282,113,100.0,113,0,102,11,0,0.0,0.873521970191141,0.8717188880919248,0.5829498316316155,0.6679295055506873,0.225496460484233,0.8184072015684869,6.884955752212389,6.321882890351117,0.33888797555535644,0.0074181325621585645,8.388381443263186e-05,0.0,0.0074181325621585645,0.0009638380913387267,0,0,0,11,0,1.0,0.30973451327433627,0.23977242635049403,-0.03757126743757349,0.971988068743764,0.5874673958572253,0.0,0.13157894736842102,0.025480470416463563
283,113,100.0,113,0,101,12,0,0.0,0.8795822581318896,0.8773976884949323,0.6349021977251089,0.6700782278991093,0.22200995501853327,0.8767052985370043,6.884955752212389,6.321882890351117,0.3407049618361908,0.006897928611713031,0.00011401457018771578,0.0,0.006897928611713031,0.001017635762423648,0,0,0,12,0,1.0,0.3185840707964602,0.24897456341278568,-0.03535890584825829,0.9740396120903768,0.5851384571496725,0.0,0.13627819548872178,0.02557869171142033
284,113,100.0,113,0,103,10,0,0.0,0.8678629657536762,0.8661558268807383,0.5609650341519167,0.6715225526762698,0.23798663195460346,0.9261063244478541,6.884955752212389,6.321882890351117,0.3363992347211846,0.0033526044888697393,9.761740821327956e-05,0.0,0.0033526044888697393,-0.00215637629319716,0,0,0,10,0,1.0,0.3185840707964602,0.23564614831862016,-0.03231371756791363,0.9738713752319904,0.5766309563112115,0.0,0.09617794486215538,0.025565749510013464
285,113,100.0,113,0,105,8,0,0.0,0.8734285205553589,0.8717781045646772,0.5797817294140722,0.6731599159812209,0.22888363187509955,0.9188671170172775,6.884955752212389,6.321882890351117,0.3397913397493857,0.006862914263011959,0.00010819687011959009,0.0,0.006862914263011959,-0.000825680996162384,0,0,0,8,0,1.0,0.3274336283185841,0.23969001257749936,-0.030412609799979593,0.9849427990095819,0.5799735115926429,0.0,0.13157894736842102,0.025645333379336176
286,113,100.0,113,0,104,9,0,0.0,0.87702959613063,0.875407012440937,0.5628612134111137,0.674877299340452,0.23089863804341496,0.9290837349612918,6.884955752212389,6.321882890351117,0.341125990885524,0.0050386863067969235,0.00010825941928607032,0.0,0.0050386863067969235,0.0012009860293984123,0,0,0,9,0,1.0,0.3185840707964602,0.23668951241112238,-0.025899485259748674,0.9849427990095819,0.5836652719176232,0.0,0.13157894736842102,0.02571762423958702
287,113,100.0,113,0,103,10,0,0.0,0.8774726866043985,0.8752590817792626,0.5961935926889952,0.6764786301323824,0.22998518975301036,0.9172517157914022,6.884955752212389,6.321882890351117,0.34009862009054803,0.004245756367345165,0.00010592381118705187,0.0,0.004245756367345165,-0.0017565087340184887,0,0,0,10,0,1.0,0.3185840707964602,0.24216176040018383,-0.02798865341556521,0.9784331234691617,0.5853120302613064,0.0,0.13157894736842102,0.025770456820632344
288,113,100.0,113,0,107,6,0,0.0,0.8835232373156173,0.8811504760222983,0.612726042041422,0.6782766843026824,0.2315619346991792,0.9172311228432478,6.884955752212389,6.321882890351117,0.34055759772790273,0.005038726873838365,0.00012116212743356789,0.0,0.005038726873838365,-0.0015942457840990576,0,0,0,6,0,1.0,0.336283185840708,0.24357636341916758,-0.030083333169014796,0.9723782777405928,0.5857068399769343,0.0,0.13627819548872178,0.025857545013664156
289,113,100.0,113,0,106,7,0,0.0,0.8888543416166295,0.8865030623865899,0.6171660422367292,0.6802317749872756,0.22838603773837327,0.9483103989960839,6.884955752212389,6.321882890351117,0.34052860614207936,0.0047590782086910765,0.00010323525725912019,0.0,0.0047590782086910765,0.0030069345243228757,0,0,0,7,0,1.0,0.3008849557522124,0.2436657159238323,-0.02766180276605411,0.9720427252989491,0.5845801097064711,0.0,0.13627819548872178,0.02594599980690929
290,113,100.0,113,0,106,7,0,0.0,0.8956955708774474,0.8937234712416747,0.6250877632146954,0.6824284397620068,0.2194094003024117,0.9125838005575337,6.884955752212389,6.321882890351117,0.34220269857383534,0.00483030933832696,8.16174870652835e-05,0.0,0.00483030933832696,0.0052040285896656985,0,0,0,7,0,1.0,0.3185840707964602,0.24448016427832944,-0.02599080516142507,0.9810362986958808,0.5864137148529133,0.0,0.13627819548872178,0.026049641240489432
291,113,100.0,113,0,105,8,0,0.0,0.8985090184544777,0.8962877659382424,0.652311772436859,0.6846159233283307,0.21163854334504079,0.9135634543937632,6.884955752212389,6.321882890351117,0.34254903489944755,0.004198197195045364,0.00013350244276278674,0.0,0.004198197195045364,0.000405343884376394,0,0,0,8,0,1.0,0.2920353982300885,0.24956710155900147,-0.027216837153750614,0.9815634631310274,0.5896191712290831,0.0,0.11497493734335838,0.02613285355302892
292,113,100.0,113,0,106,7,0,0.0,0.9073511787709725,0.9047104790722694,0.7230425373265859,0.6870910959937643,0.20688792511626292,0.9226918507624259,6.884955752212389,6.321882890351117,0.34444420071920967,0.004241150778574102,8.876549857284881e-05,0.0,0.004241150778574102,0.0036519761949561536,0,0,0,7,0,1.0,0.30973451327433627,0.259718232632694,-0.032205126536250864,0.9683348164317986,0.5918627727816117,0.0,0.13627819548872178,0.02625530311323274
293,112,99.11504424778761,113,1,105,7,0,0.008849557522123894,0.916570879156287,0.9132205370097387,0.7907809226356166,0.6898601106816838,0.19903589844588637,0.913431837690264,6.884955752212389,6.321882890351117,0.34598556599344277,0.004496810617369793,0.00010362385663067588,0.0,0.004496810617369793,0.0022355084754619205,0,1,0,7,0,1.0,0.2743362831858407,0.2677713234818851,-0.03551831206871745,0.9824473001649907,0.5897830286039893,0.008849557522123894,0.09617794486215538,0.026388928548052762
294,112,99.11504424778761,113,0,106,7,0,0.0,0.9199167917298414,0.9166792621062906,0.7993541058872654,0.6926090739215367,0.1999002721025637,0.911070020634505,6.884955752212389,6.321882890351117,0.34623320918594636,0.002601478607918582,0.00011393061142923214,0.0,0.002601478607918582,0.0026042379797309883,0,0,0,7,0,1.0,0.26548672566371684,0.2675855515541937,-0.04077034909823723,0.9815812917486862,0.5910448678485611,0.0,0.10087719298245613,0.02649255122928168
295,112,99.11504424778761,113,0,105,8,0,0.0,0.923461763298678,0.9204733698398417,0.7640173705839067,0.6953761381627862,0.1973460313094536,0.8934441847498664,6.884955752212389,6.321882890351117,0.34593079596290055,0.012617889210495562,0.00010937142535547633,0.0,0.012617889210495562,0.002210571229757827,0,0,0,8,0,0.875,0.2831858407079646,0.26151624934572104,-0.03828159246393587,0.9749975443122484,0.5927074618819478,0.0,0.13157894736842105,0.026597741367542154
296,112,99.11504424778761,113,0,106,7,0,0.0,0.9169885876960138,0.9138449380207372,0.7575375655011035,0.697633038485547,0.2139605869259298,0.9226279107589714,6.884955752212389,6.321882890351117,0.3410386039719655,0.01359793188992803,9.674496298807957e-05,0.0,0.01359793188992803,0.004408664433314462,0,0,0,7,0,0.8571428571428571,0.2743362831858407,0.2584319312411095,-0.040891067043342014,0.9788511300929531,0.5871593830525067,0.0,0.13157894736842102,0.02663671478720728
297,112,99.11504424778761,113,0,107,6,0,0.0,0.9135302661981232,0.9103945686436075,0.7456796860238843,0.6995727575639055,0.21773302574118944,0.9586526360888776,6.884955752212389,6.321882890351117,0.34038012120169125,0.014210520277713199,0.00010006230146557048,0.0,0.014210520277713199,0.003924191952478538,0,0,0,6,0,0.8333333333333334,0.2743362831858407,0.2570977353282572,-0.042254261136691854,0.9822099842150182,0.5870036900211736,0.0,0.11027568922305762,0.026680736563985636
298,113,100.0,113,0,106,7,0,0.0,0.9159220190911074,0.9133914890946465,0.6620054496374609,0.7015414193147137,0.23489389370283198,0.9559277102246981,6.884955752212389,6.321882890351117,0.33778770161213023,0.012759126119611523,0.00010130289500001595,0.0,0.012759126119611523,0.0013452040853622219,0,0,0,7,0,0.8571428571428571,0.26548672566371684,0.24194291237620646,-0.04067569281530811,0.9855105253165095,0.5815977724071616,0.0,0.11027568922305762,0.026754923573647175
299,113,100.0,113,0,107,6,0,0.0,0.9091071136890898,0.906571066441014,0.6912665155023596,0.7030406812688968,0.23481450033533996,0.9588730021909743,6.884955752212389,6.321882890351117,0.33806366177747327,0.0006878181324773552,0.0001083360606632819,0.0,0.0006878181324773552,-0.0031206117576336088,0,0,0,6,0,1.0,0.2743362831858407,0.24839022701844418,-0.0404992512130907,0.9730294098541726,0.5815315245328966,0.0,0.16697994987468667,0.02676823983911861
300,113,100.0,113,0,109,4,0,0.0,0.901963529287793,0.8995624166448014,0.6492397030946355,0.7040906987322679,0.2477092495708134,0.9740592120926046,6.884955752212389,6.321882890351117,0.3330316651362877,0.0002048830063824634,0.0001192027253530532,0.0,0.0002048830063824634,-0.0005792719256979412,0,0,0,4,0,1.0,0.25663716814159293,0.24076814022089196,-0.032367679465908634,0.9741817013266365,0.5674632578190003,0.0,0.11497493734335838,0.026765712354293404
301,113,100.0,113,0,106,7,0,0.0,0.9069387304874946,0.9043386667657362,0.6619324158409016,0.705315894472633,0.24226477780480782,0.985270036027264,6.884955752212389,6.321882890351117,0.33719130092767413,0.01236806675875698,9.681924224839911e-05,0.0,0.01236806675875698,0.0034234254186696106,0,0,0,7,0,0.8571428571428571,0.25663716814159293,0.24507393340955413,-0.03220361622553375,0.9766293272883337,0.5750148732569047,0.0,0.07957393483709273,0.026829316080233638
302,113,100.0,113,0,109,4,0,0.0,0.9192587267303632,0.916226999150902,0.745865618303327,0.7070648879339195,0.23045984747125886,0.9710036842503024,6.884955752212389,6.321882890351117,0.3429394935103187,0.00027067508123034114,0.00012150201708640436,0.0,0.00027067508123034114,0.00033702165251189853,0,0,0,4,0,1.0,0.3008849557522124,0.25810511223370175,-0.03475039819902783,0.9736855445704535,0.5850019020215225,0.0,0.15037593984962405,0.026946200720639198
303,113,100.0,113,0,108,5,0,0.0,0.9357291220157197,0.932676107162696,0.8142162892547841,0.7095352267528339,0.20944097767221997,0.9612060454046629,6.884955752212389,6.321882890351117,0.35222130292107723,0.025966177370890815,0.00012712337376812432,0.0,0.025966177370890815,0.0038013321289808166,0,0,0,5,0,0.8,0.3008849557522124,0.27085556263703064,-0.034966193717768664,0.9769705790096087,0.6028476922700492,0.0,0.07487468671679197,0.0271066386606293
304,113,100.0,113,0,108,5,0,0.0,0.9368179388780435,0.933449522751051,0.862263736542409,0.7118885091868226,0.21140399249473907,0.9611049434615406,6.884955752212389,6.321882890351117,0.3544262712675015,0.016962521515477065,0.00013506032939441284,0.0,0.016962521515477065,0.0006004543339085955,0,0,0,5,0,0.8,0.2920353982300885,0.2781996705898143,-0.03450942198044075,0.9792594012685689,0.6055309675056684,0.0,0.04417293233082707,0.027186468624718907
305,113,100.0,113,0,107,6,0,0.0,0.9385317826120855,0.9353465132929097,0.8548233797047211,0.7141889602776532,0.2152439300236142,0.9563119136126113,6.884955752212389,6.321882890351117,0.354301687988261,0.016746894174490073,0.00012903456491893722,0.0,0.016746894174490073,-0.0016463427701845408,0,0,0,6,0,0.8333333333333334,0.30973451327433627,0.2762196101712814,-0.03556592252815365,0.9655207361518653,0.6002373637322671,0.0,0.07487468671679197,0.027267753755345178
306,113,100.0,113,0,107,6,0,0.0,0.9562412201234862,0.9524540660553428,1.022937221177097,0.7172091951054088,0.19034990264505608,0.9155119561948972,6.884955752212389,6.321882890351117,0.3651556838720309,0.015427298213000915,0.00010981758831163385,0.0,0.015427298213000915,0.0051145453523068945,0,0,0,6,0,0.8333333333333334,0.30973451327433627,0.2995663033500808,-0.03912186273621911,0.97605537670365,0.6162472462235056,0.0,0.04949874686716792,0.02745176879731433
307,113,100.0,113,0,106,7,0,0.0,0.9548914054150475,0.950768464148656,1.1035845736073728,0.7199532448015095,0.17804526883987914,0.8584197033731088,6.884955752212389,6.321882890351117,0.3706387798403117,0.01488854417002519,0.00010187640928074608,0.0,0.01488854417002519,-0.00203656808597882,0,0,0,7,0,0.8571428571428571,0.30973451327433627,0.3129312463302998,-0.040334028698007285,0.9655207361518653,0.6205041217610775,0.0,0.07487468671679197,0.027531757527892397
308,113,100.0,113,0,106,7,0,0.0,0.9597143275575406,0.9552404041338184,1.1372920684775905,0.7227499875364006,0.1853567762994561,0.894563491235853,6.884955752212389,6.321882890351117,0.3701901522254911,0.015058135835926623,0.00011762546711571174,0.0,0.015058135835926623,-0.002104031132292889,0,0,0,7,0,0.8571428571428571,0.30973451327433627,0.31547643131993564,-0.03772013861443105,0.9780574602071395,0.6133729328600226,0.0,0.044799498746867186,0.027644275538826975
309,112,99.11504424778761,113,1,106,6,0,0.008849557522123894,0.9691940650707619,0.9648332811256698,1.3242022756381562,0.7258314485040287,0.1684197737532027,0.8318222107607256,6.884955752212389,6.321882890351117,0.3771537000862162,0.014709323601886483,0.00011613391391152549,0.0,0.014709323601886483,-0.0027831172117555197,0,1,0,6,0,0.8571428571428571,0.30973451327433627,0.33757511540950147,-0.037689680440399186,0.9824210357364502,0.6263951341710167,0.008849557522123894,0.04479949874686716,0.027789077403235746
310,112,99.11504424778761,113,0,106,7,0,0.0,0.9705211848096824,0.9658994614433132,1.3919357323235306,0.7287956605810476,0.17370340813868126,0.8644342359707348,6.884955752212389,6.321882890351117,0.3749865018779044,0.008486792319000878,0.00011730641690188518,0.0,0.008486792319000878,0.0015003837305930562,0,0,0,7,0,1.0,0.3274336283185841,0.34136968303882226,-0.03775105817172169,0.9697808652350671,0.6150547361525525,0.0,0.045426065162907286,0.027889410009995737
311,112,99.11504424778761,113,0,106,7,0,0.0,0.9677852274989946,0.962865136277574,1.5026003271457429,0.7314190174551432,0.1829351026590517,0.8699888396998697,6.884955752212389,6.321882890351117,0.3732831673929433,0.0015609539902785574,0.00011002095145364012,0.0,0.0015609539902785574,0.0011255864768020065,0,0,0,7,0,1.0,0.336283185840708,0.34968711261651697,-0.036017922791700234,0.9547340120898484,0.6070445482948048,0.0,0.03132832080200501,0.027958652998130447
312,112,99.11504424778761,113,0,105,8,0,0.0,0.9636510801880754,0.9588488475960617,1.395959686817844,0.7336734047262756,0.18765616279091918,0.8591518301178029,6.884955752212389,6.321882890351117,0.3711262463505265,0.000782215692780345,0.0001067813311977151,0.0,0.000782215692780345,-0.00034151048543577117,0,0,0,8,0,1.0,0.34513274336283184,0.3390766701889212,-0.031919521506237745,0.9646123359940263,0.6056333276995595,0.0,0.07612781954887218,0.02800924212316384
313,112,99.11504424778761,113,0,106,7,0,0.0,0.9653685971845523,0.9607013965862681,1.4011888825233143,0.73587896505635,0.19045522964568848,0.861396045044563,6.884955752212389,6.321882890351117,0.3694774577055331,0.0010786808231599508,0.00012511658578911403,0.0,0.0010786808231599508,-0.002849301026278704,0,0,0,7,0,1.0,0.35398230088495575,0.3371824017098954,-0.03213753953178429,0.9646123359940263,0.6030613341899448,0.0,0.07612781954887218,0.028087546178717896
314,113,100.0,113,0,105,8,0,0.0,0.9722822874791688,0.967665891351473,1.3890197661714223,0.7382973222076498,0.19074586569230048,0.8520862905518741,6.884955752212389,6.321882890351117,0.36824327615762287,0.02939284037114471,0.00013079061158216342,0.0,0.02939284037114471,-0.0030554007001452888,0,0,0,8,0,0.875,0.35398230088495575,0.3331589382422859,-0.028368615119983415,0.968633822743928,0.5966328409535873,0.0,0.11152882205513784,0.02819855748367878
315,113,100.0,113,0,105,8,0,0.0,0.9625672414010893,0.9584514089661574,1.2196368512935851,0.7400967706236924,0.2049890914655354,0.8656515152097056,6.884955752212389,6.321882890351117,0.3627358153588427,0.028838921519445063,0.00012375088783130413,0.0,0.028838921519445063,-0.0005299052821378311,0,0,0,8,0,0.875,0.3274336283185841,0.31615021816630395,-0.025810292336479843,0.9886241116539928,0.5915563562299686,0.0,0.08020050125313284,0.02820686176405563
316,113,100.0,113,0,104,9,0,0.0,0.9613933470979209,0.9578019349240949,1.0740943569861234,0.7417496128275267,0.21759044150455256,0.9039886199371041,6.884955752212389,6.321882890351117,0.3586134330187314,0.025691920531213892,0.00011450563199984813,0.0,0.025691920531213892,-0.002040324747884098,0,0,0,9,0,0.8888888888888888,0.30973451327433627,0.29717134736156375,-0.02042673948928386,0.976330070097986,0.5906839261011916,0.0,0.1156015037593985,0.028253237666784135
317,113,100.0,113,0,105,8,0,0.0,0.963397019082714,0.9598256025108716,1.0087734044446581,0.7434003113988131,0.22213766718423403,0.9020098299183411,6.884955752212389,6.321882890351117,0.35595509279369075,0.02911032749391876,0.0001377856963988743,0.0,0.02911032749391876,-0.006037046172332992,0,0,0,8,0,0.875,0.2920353982300885,0.2859125391225654,-0.024050989089109014,0.9768470884561871,0.5888483638396811,0.0,0.15100250626566414,0.028315433641982815
318,112,99.11504424778761,113,1,101,11,0,0.008849557522123894,0.9596315970830305,0.9560886838009583,0.950203513801346,0.7447686131684393,0.23696417533874362,0.9557683407418677,6.884955752212389,6.321882890351117,0.35099882964110174,0.021931514895148742,0.0001370319940714426,0.0,0.021931514895148742,-0.0007669844195964162,0,1,0,11,0,0.9166666666666666,0.2920353982300885,0.27570231864342454,-0.0243105568911102,0.9800566405059845,0.5833364175517842,0.008849557522123894,0.15100250626566414,0.028339857749715584
319,112,99.11504424778761,113,0,101,12,0,0.0,0.9606636173529822,0.9571672573400498,0.9594510959806228,0.7460940080988974,0.2317770103944271,0.9421508938447659,6.884955752212389,6.321882890351117,0.3555173078970142,0.0012655280178832113,0.0001110291226677952,0.0,0.0012655280178832113,0.00020192790410180952,0,0,0,12,0,1.0,0.3008849557522124,0.28052517393233356,-0.0248520832315131,0.9841082344487275,0.5950080897876221,0.0,0.1156015037593985,0.028386912808734448
320,112,99.11504424778761,113,0,104,9,0,0.0,0.9552607439471844,0.9519126918624746,0.9083596970527152,0.7470698631333059,0.234783384465018,0.9412957958437923,6.884955752212389,6.321882890351117,0.35157959180400633,0.000727955729667103,9.69807471974945e-05,0.0,0.000727955729667103,0.000247874815211062,0,0,0,9,0,1.0,0.3008849557522124,0.27333983608291257,-0.023703908982196494,0.9844105172680058,0.5906100968629585,0.0,0.1156015037593985,0.02839074464793291
321,112,99.11504424778761,113,0,100,13,0,0.0,0.9457908157782718,0.9427763351222715,0.8186485634232626,0.7475219539364114,0.24670640135490574,0.9470224411062249,6.884955752212389,6.321882890351117,0.3478747574412677,0.0019380826710203513,0.00011006240869186144,0.0,0.0019380826710203513,-0.0007983459291892506,0,0,0,13,0,1.0,0.3008849557522124,0.2604138064241858,-0.024629952082586497,0.979522779797785,0.5866634330429574,0.0,0.15100250626566417,0.028357685332653537
322,112,99.11504424778761,113,0,102,11,0,0.0,0.9405357756681185,0.9374359055783045,0.8229250421334025,0.7476753715270973,0.2601202740326981,0.9545598347095043,6.884955752212389,6.321882890351117,0.3464681988128784,0.00873300572180569,0.00013195760348365087,0.0,0.00873300572180569,-0.0013858046959486251,0,0,0,11,0,0.9090909090909091,0.3185840707964602,0.26083123655899826,-0.024198772996127785,0.9809292209888187,0.5813689454102163,0.0,0.15100250626566417,0.02833625957231095
323,113,100.0,113,0,102,11,0,0.0,0.9418830283896065,0.9389314147146665,0.8619338668746466,0.7478947257063392,0.2573281045683299,0.9617504176314214,6.884955752212389,6.321882890351117,0.34631213018479556,0.008589052890311932,0.00013814646064064646,0.0,0.008589052890311932,-0.0028967834001756136,0,0,0,11,0,0.9090909090909091,0.3185840707964602,0.26399924932697,-0.02828740439161221,0.9859808628362383,0.5785657579045886,0.0,0.0848997493734336,0.02834992949308177
324,112,99.11504424778761,113,1,100,12,0,0.008849557522123894,0.9500160525327079,0.945996252892313,0.9628993429762845,0.7484951844385618,0.2446894342546226,0.9464083913845005,6.884955752212389,6.321882890351117,0.35185408032075816,0.008831289144155161,0.0001350960155861727,0.0,0.008831289144155161,-0.0030999283232662897,0,1,0,12,0,0.9230769230769231,0.30973451327433627,0.27786644586164455,-0.029661122113648578,0.982992495266369,0.5924886704911932,0.008849557522123894,0.12030075187969927,0.02840957476272528
325,112,99.11504424778761,113,0,99,14,0,0.0,0.958316471987095,0.9541989490659087,1.0466260760344328,0.7494348675191645,0.2270987779314964,0.9227740870800454,6.884955752212389,6.321882890351117,0.35805602833906414,0.007600866645828584,0.00011984757926132687,0.0,0.007600866645828584,-0.0010388549272420547,0,0,0,14,0,0.9285714285714286,0.3185840707964602,0.2896110705573161,-0.02989959429478024,0.9886939854497072,0.6038502962774396,0.0,0.08489974937343357,0.02848077969194529
326,112,99.11504424778761,113,0,101,12,0,0.0,0.9652787583320207,0.9611286145174609,1.023256879035028,0.7506656132035036,0.23093132506234507,0.8783746145300018,6.884955752212389,6.321882890351117,0.35556124805864986,0.0059528486771732005,0.00011490464577071877,0.0,0.0059528486771732005,-0.0030627476509657997,0,0,0,12,0,1.0,0.336283185840708,0.282496602598854,-0.02763268109600541,0.9788617311316861,0.598162378695891,0.0,0.11560150375939847,0.0285544942740909
327,112,99.11504424778761,113,0,104,9,0,0.0,0.964858717258197,0.9608970704854621,0.9511543528813393,0.7518068422329663,0.24065750236460584,0.8787160095799216,6.884955752212389,6.321882890351117,0.3531032740947391,0.0027018101584431278,0.00012552326217438184,0.0,0.0027018101584431278,0.001081448550188972,0,0,0,9,0,1.0,0.34513274336283184,0.27250840847387353,-0.02713333998966948,0.9862572718476288,0.5944796916760957,0.0,0.08489974937343357,0.028588467650098443
328,112,99.11504424778761,113,0,102,11,0,0.0,0.9584351982244738,0.9543464781466947,0.9339528793019826,0.7525446274786508,0.25373545267855474,0.8962493851480775,6.884955752212389,6.321882890351117,0.35118863365432573,0.006662634966400963,0.00012645917889980422,0.0,0.006662634966400963,-0.0025222708384076294,0,0,0,11,0,0.9090909090909091,0.34513274336283184,0.2703744318616097,-0.02140082250474797,0.9696568505203411,0.5847416117815533,0.0,0.12030075187969924,0.02857967101453706
329,113,100.0,113,0,103,10,0,0.0,0.9663036181422674,0.9622551075556488,0.936608712942029,0.7536357502366937,0.249784924979761,0.8841548558527137,6.884955752212389,6.321882890351117,0.3524480549583251,0.0024580588676170042,9.775450845377846e-05,0.0,0.0024580588676170042,-0.004039386619649979,0,0,0,10,0,1.0,0.3185840707964602,0.2696687296159941,-0.02510381765015149,0.9578394775840801,0.5841637856684203,0.0,0.15570175438596492,0.028653502865602747
330,113,100.0,113,0,101,12,0,0.0,0.9669266340604756,0.9629966914686948,0.876211467077344,0.7546953991449964,0.2506222702861233,0.8993583456610075,6.884955752212389,6.321882890351117,0.35213662805829826,0.006875834408958256,0.0001317238412700917,0.0,0.006875834408958256,-0.004570285870776829,0,0,0,12,0,0.9166666666666666,0.3185840707964602,0.2629033326821878,-0.026460364553804405,0.9705285815629848,0.5859498340789149,0.0,0.12030075187969924,0.028690112826709677
331,113,100.0,113,0,98,15,0,0.0,0.9683300191969821,0.964393810628487,0.8998752942256956,0.7557587176799637,0.24399745009110013,0.8980767789796112,6.884955752212389,6.321882890351117,0.355983570321033,0.00843011848916678,0.00011626994734392383,0.0,0.00843011848916678,0.0009847998473237844,0,0,0,15,0,0.9333333333333333,0.3185840707964602,0.2690308495680554,-0.027011508071315058,0.962265859525998,0.5932214264592103,0.0,0.1557017543859649,0.028730740628658227
332,113,100.0,113,0,99,14,0,0.0,0.9735565933697858,0.9693652353046859,0.9537314946818515,0.7570062445792082,0.23858201880728716,0.8745488673013669,6.884955752212389,6.321882890351117,0.35728856040561374,0.006258341180084064,0.00010755116242159225,0.0,0.006258341180084064,-0.0012959191305740303,0,0,0,14,0,0.9285714285714286,0.2920353982300885,0.2745537821602695,-0.02903471182691657,0.9747672768628204,0.5891783833178158,0.0,0.12030075187969924,0.028796307094320177
333,113,100.0,113,0,97,16,0,0.0,0.9710298761079711,0.9666898894152173,1.0206485641029652,0.7580395985016214,0.23221841332664153,0.8521622688414972,6.884955752212389,6.321882890351117,0.3622080317530303,0.005968372921082786,0.00011262928423248501,0.0,0.005968372921082786,-0.001527554177592429,0,0,0,16,0,0.9375,0.336283185840708,0.28671884879495846,-0.02704062280513427,0.9583035161589595,0.5973765404418651,0.0,0.15570175438596492,0.02881633722042001
334,113,100.0,113,0,100,13,0,0.0,0.9700359373662464,0.9654302652312684,1.0363177268101442,0.7589439194266029,0.2365226045550268,0.8532007231370357,6.884955752212389,6.321882890351117,0.36081723287736445,0.006310094095538852,0.00012633380484595812,0.0,0.006310094095538852,-0.0044347462727712655,0,0,0,13,0,0.9230769230769231,0.30973451327433627,0.2866245774064855,-0.025356346901674612,0.9726339306578393,0.5909016362633169,0.0,0.15570175438596492,0.02883995258162652
335,113,100.0,113,0,101,12,0,0.0,0.9702613634008838,0.9655920586550827,1.10526513009892,0.7597992529543761,0.2274920466815028,0.8509377195727372,6.884955752212389,6.321882890351117,0.36414626771375747,0.00663161571805703,0.00010835881475443672,0.0,0.00663161571805703,-0.0006109577273244992,0,0,0,12,0,0.9166666666666666,0.34513274336283184,0.29667308558809125,-0.028074980798606985,0.9633513221426273,0.5973773679291272,0.0,0.15570175438596492,0.028868116303773575
336,113,100.0,113,0,102,11,0,0.0,0.9646756098785052,0.9598910263302497,1.1008500560820174,0.7603121832285078,0.2401901191960008,0.868703188630815,6.884955752212389,6.321882890351117,0.36204964479909774,0.0070114020262565255,0.00012673655402405587,0.0,0.0070114020262565255,-0.005317198683127971,0,0,0,11,0,0.9090909090909091,0.3274336283185841,0.295954581190335,-0.02471734863458428,0.9557675978710312,0.5918213727388879,0.0,0.1557017543859649,0.02885640096178156
337,113,100.0,113,0,102,11,0,0.0,0.959559596217801,0.9547583279071954,1.188191115331949,0.7605331001046639,0.2424360424937467,0.876103338530808,6.884955752212389,6.321882890351117,0.36305458858608697,0.007817336512422623,0.00011740668686883395,0.0,0.007817336512422623,-0.0006226408468570391,0,0,0,11,0,0.9090909090909091,0.336283185840708,0.30574521561659157,-0.026368362113189624,0.9667873970932831,0.5882161191652452,0.0,0.12030075187969924,0.028837803946575848
338,113,100.0,113,0,101,12,0,0.0,0.9628495421488192,0.9580682079688161,1.1762612535971295,0.7609074482676693,0.23795950987052078,0.8718042965316195,6.884955752212389,6.321882890351117,0.36374446128937055,0.008324899169745943,0.00012952083032535317,0.0,0.008324899169745943,-0.0041603739973349275,0,0,0,12,0,0.9166666666666666,0.3274336283185841,0.30407969742196467,-0.02449546569259945,0.9689493954626218,0.5921522932948562,0.0,0.12030075187969924,0.02886608660246463
339,113,100.0,113,0,103,10,0,0.0,0.9505905334514031,0.9460232521325138,1.0544519347893415,0.7606489561764752,0.253267404366913,0.884347915071566,6.884955752212389,6.321882890351117,0.3566633333628779,0.008213793227419754,0.00011345386329474718,0.0,0.008213793227419754,-0.00207993950356051,0,0,0,10,0,0.9,0.34513274336283184,0.2883014440688304,-0.026534213817588265,0.965116516464842,0.5855788138571817,0.0,0.12030075187969924,0.028796620775334493
340,113,100.0,113,0,105,8,0,0.0,0.9577412806271526,0.9529550223084152,1.1064979964358759,0.7607573803667663,0.2404577497980024,0.8727270870634065,6.884955752212389,6.321882890351117,0.36216672748992584,0.0035398814079043474,8.859162056345444e-05,0.0,0.0035398814079043474,-0.0018619709318976434,0,0,0,8,0,1.0,0.34513274336283184,0.2971161000015678,-0.025716157887341162,0.9534514866792583,0.5955757998168142,0.0,0.1557017543859649,0.02883580173638075
341,113,100.0,113,0,104,9,0,0.0,0.9599701380047404,0.9550574946743183,1.1653021586256578,0.7609652827793417,0.23634310752353707,0.8722084826372859,6.884955752212389,6.321882890351117,0.36182839180283355,0.0032175634400746617,0.00011805293639925631,0.0,0.0032175634400746617,-0.004576275748228202,0,0,0,9,0,1.0,0.35398230088495575,0.3018981290692642,-0.03154057537689542,0.9248691643167528,0.5945082173202964,0.0,0.1557017543859649,0.028853517696793302
342,113,100.0,113,0,103,10,0,0.0,0.9524675509043349,0.947582025901158,1.0697204336023851,0.7607819695397926,0.2482452619010075,0.8894326868570869,6.884955752212389,6.321882890351117,0.35894887412193266,0.008025155856071525,0.00010831754434127805,0.0,0.008025155856071525,-0.006013949530333668,0,0,0,10,0,0.9,0.37168141592920356,0.2912346347163351,-0.029045617990709732,0.950862195618981,0.593720976393673,0.0,0.12030075187969924,0.02881021033712787
343,112,99.11504424778761,113,1,103,9,0,0.008849557522123894,0.9521269260760096,0.9477656843595417,1.1547801731604288,0.7605852754121872,0.24781080500587027,0.9387715389533328,6.884955752212389,6.321882890351117,0.3586850594427007,0.008431573378360303,9.159269931938784e-05,0.0,0.008431573378360303,-0.0032632827363722723,0,1,0,9,0,0.9,0.35398230088495575,0.2988439678958494,-0.02693754901773675,0.9560667769489073,0.5874487802337229,0.008849557522123894,0.09805764411027566,0.028802289826786544
344,112,99.11504424778761,113,0,101,12,0,0.0,0.950432186941115,0.9462116950887373,1.0908175792218098,0.7603566812260272,0.2544509242503682,0.942893287923709,6.884955752212389,6.321882890351117,0.35535675062689775,0.003125822035590158,0.00011913129152852404,0.0,0.003125822035590158,-0.005504947737207476,0,0,0,12,0,1.0,0.36283185840707965,0.29015361899050457,-0.02473356847128651,0.9544218101195905,0.5797992462857172,0.0,0.07988721804511277,0.028786590402740474
345,112,99.11504424778761,113,0,102,11,0,0.0,0.9420437716083452,0.9379932834864443,1.0698766106100193,0.7597268918110552,0.2696637665937893,0.9813814862881755,6.884955752212389,6.321882890351117,0.35032273522307844,0.0020571634517774396,0.0001148599267467194,0.0,0.0020571634517774396,-0.0047740095372485825,0,0,0,11,0,1.0,0.3185840707964602,0.2853117166264745,-0.024537856080501134,0.9406500432056764,0.569739430880059,0.0,0.11090225563909774,0.02872474105144145
346,112,99.11504424778761,113,0,104,9,0,0.0,0.9351800720980433,0.9311198004708393,0.9561992211101913,0.7587892901079658,0.28013350868576464,0.9668570851766664,6.884955752212389,6.321882890351117,0.3458737427674463,0.002450701831636708,0.00011377900308828222,0.0,0.002450701831636708,-0.006383529822459048,0,0,0,9,0,1.0,0.336283185840708,0.2715643091086381,-0.026805676488398565,0.9713855753733812,0.5677434937514543,0.0,0.07988721804511277,0.028660785513066316
347,112,99.11504424778761,113,0,103,10,0,0.0,0.9398882265738701,0.9358068622350219,0.9927373799804412,0.7581480109311074,0.2769385000752934,0.9649734401743926,6.884955752212389,6.321882890351117,0.3480624204933196,0.0019798655776814837,0.00012502402862671016,0.0,0.0019798655776814837,-0.008141068714606504,0,0,0,10,0,1.0,0.30973451327433627,0.27557320562305215,-0.026367787023719582,0.9648732251089994,0.5707119605407354,0.0,0.10244360902255638,0.02866405582616485
348,113,100.0,113,0,103,10,0,0.0,0.9355408301385122,0.931469505918111,0.923475309005711,0.7573279106032966,0.28778883048347015,0.9814535047493329,6.884955752212389,6.321882890351117,0.34579847151255905,0.013145167811513389,0.00013495314378628062,0.0,0.013145167811513389,-0.005836699917761856,0,0,0,10,0,0.9,0.3008849557522124,0.26742921032695033,-0.02561451911432433,0.916854286496652,0.5683200670499519,0.0,0.13784461152882208,0.02861639595283427
349,113,100.0,113,0,101,12,0,0.0,0.9297405863008856,0.925739650775103,0.8188744390361851,0.7562698682722512,0.29619982928229865,1.0219639970534182,6.884955752212389,6.321882890351117,0.34287407626908206,0.015239735932475044,0.00012950081506829967,0.0,0.015239735932475044,-0.003667439852137931,0,0,0,12,0,0.9166666666666666,0.3274336283185841,0.25398836773688704,-0.020384187639290233,0.9455902462959929,0.5614748555089342,0.0,0.13784461152882205,0.028553950635096616
350,112,99.11504424778761,113,1,101,11,0,0.008849557522123894,0.9456381985122494,0.9421504602373624,0.8634900411247702,0.7560865774238781,0.2819919522136492,0.9983579844845613,6.884955752212389,6.321882890351117,0.3468256591352401,0.02056850877398256,0.00013119335086995943,0.0,0.02056850877398256,-0.00586762313541965,0,1,0,11,0,0.8333333333333334,0.30973451327433627,0.2606007722444542,-0.018702261122516384,0.9561844617474609,0.5706168141263251,0.008849557522123894,0.10244360902255638,0.028627644979762
351,112,99.11504424778761,113,0,103,10,0,0.0,0.943739761769212,0.940467884509412,0.7897836059780429,0.7558518920735146,0.29095944099132814,0.9692340428394948,6.884955752212389,6.321882890351117,0.3422811660451812,0.0027943179930451445,0.00014059049808808391,0.0,0.0027943179930451445,-0.0037132752934626615,0,0,0,10,0,1.0,0.2920353982300885,0.2487138128821553,-0.014904064165151549,0.9548970319315437,0.5641596757320648,0.0,0.10244360902255638,0.028610734529541416
352,112,99.11504424778761,113,0,105,8,0,0.0,0.9421156836898548,0.9390139611092867,0.7809417847409338,0.7555585109884249,0.2907820974534019,1.0256483441375241,6.884955752212389,6.321882890351117,0.34305439744840593,0.0021731458768409237,0.00013635203431321756,0.0,0.0021731458768409237,-0.00533996593107362,0,0,0,8,0,1.0,0.2920353982300885,0.24901318126838368,-0.01181804491892222,0.9548923380333861,0.5666110127675071,0.0,0.15068922305764412,0.028593340534833724
353,112,99.11504424778761,113,0,104,9,0,0.0,0.9400267325783559,0.9367378754331316,0.878665561034579,0.7551685639352126,0.2851662299207714,0.9618438477750573,6.884955752212389,6.321882890351117,0.3462794717897748,0.005524776544510977,0.0001447540141833034,0.0,0.005524776544510977,-0.00396569241228783,0,0,0,9,0,1.0,0.3274336283185841,0.26347439437333026,-0.014816157626095816,0.9601453517471842,0.5710862150145147,0.0,0.11528822055137843,0.028570569781257
354,112,99.11504424778761,113,0,105,8,0,0.0,0.945488485818496,0.9420395924922117,0.9680957073438626,0.755071403552961,0.27653264025887475,0.9539200040423207,6.884955752212389,6.321882890351117,0.3483786463815941,0.001259215311927019,0.00014251585709953746,0.0,0.001259215311927019,-0.007054098712126131,0,0,0,8,0,1.0,0.3274336283185841,0.2738527790032005,-0.015875931288166122,0.9720930093941715,0.5711370997215088,0.0,0.11528822055137843,0.028594807364666817
355,113,100.0,113,0,105,8,0,0.0,0.9379197498417823,0.9348502188968167,0.8186983792925022,0.7546167825128905,0.29114794076624134,1.004869282628962,6.884955752212389,6.321882890351117,0.34305630476741844,0.0012376771610624045,0.00012021456445911362,0.0,0.0012376771610624045,-0.010534230095815243,0,0,0,8,0,1.0,0.3008849557522124,0.2546615614940911,-0.016943706227040476,0.966643689090612,0.5692541412756084,0.0,0.15068922305764412,0.02854259337990918
356,113,100.0,113,0,105,8,0,0.0,0.9357961805666033,0.9327745000041713,0.7914655637544004,0.7540859224685474,0.2909509941223148,1.0064709691275135,6.884955752212389,6.321882890351117,0.33883508385449823,0.0010667725045308434,0.00013133154694680322,0.0,0.0010667725045308434,-0.007996152692032792,0,0,0,8,0,1.0,0.3185840707964602,0.24852220119094323,-0.013669193865518191,0.966643689090612,0.5611396650343017,0.0,0.15068922305764412,0.028515195358375763
357,113,100.0,113,0,105,8,0,0.0,0.9425739096806559,0.93965885465807,0.7896106802468003,0.7539367994457004,0.29397175530560976,1.0091447444929453,6.884955752212389,6.321882890351117,0.3394436445795612,0.0013261387289564706,0.00011134732161726028,0.0,0.0013261387289564706,-0.007566973405526669,0,0,0,8,0,1.0,0.30973451327433627,0.24701787962776228,-0.01993683398053181,0.9601725305732169,0.5629183185369834,0.0,0.1506892230576441,0.028544370312512553
358,113,100.0,113,0,104,9,0,0.0,0.9328475171412934,0.9303448197951055,0.6587438803525815,0.7533260459045974,0.3097610200309554,1.024850410368432,6.884955752212389,6.321882890351117,0.3309470056556312,0.002355788331860084,0.00012797192136382654,0.0,0.002355788331860084,-0.00996120352540885,0,0,0,9,0,1.0,0.2831858407079646,0.22611824622181712,-0.02012728930570345,0.9732408773406138,0.5503999994522258,0.0,0.13784461152882205,0.02847643278800714
359,113,100.0,113,0,103,10,0,0.0,0.9358753988044632,0.9335565671459405,0.6393439583030537,0.7529163378121148,0.2987989222292163,1.005085923763785,6.884955752212389,6.321882890351117,0.3341943410982353,0.007168216141370568,0.00011821289322295407,0.0,0.007168216141370568,-0.00430546854549384,0,0,0,10,0,0.9,0.3185840707964602,0.22524740692860842,-0.022699341241274783,0.969416390474897,0.5583804165403656,0.0,0.10244360902255638,0.02847862156342347
360,113,100.0,113,0,104,9,0,0.0,0.9392774283124925,0.9371727902278082,0.6154469704577656,0.752715421696063,0.29864309668526995,1.0243954199768819,6.884955752212389,6.321882890351117,0.33344762790155724,0.008773539513957979,0.00010698260498330868,0.0,0.008773539513957979,-0.0008885733166357428,0,0,0,9,0,0.8888888888888888,0.3008849557522124,0.22124055084154928,-0.01856835779823283,0.970702570997319,0.555117184572525,0.0,0.13784461152882205,0.028489280870181297
361,112,99.11504424778761,113,1,104,8,0,0.008849557522123894,0.9368356304177177,0.9349280798767419,0.5686970181684922,0.7524112831220895,0.30265789452054476,1.0345287026568601,6.884955752212389,6.321882890351117,0.3308072896202092,0.009217963486751031,0.0001318806138716871,0.0,0.009217963486751031,-0.004942888043445121,0,1,0,8,0,0.8888888888888888,0.30973451327433627,0.2140312877484301,-0.02677274875414843,0.9706645518552945,0.5531719519354941,0.008849557522123894,0.13784461152882205,0.028467458238471927
362,112,99.11504424778761,113,0,106,7,0,0.0,0.9394656642383522,0.9374293809261494,0.6002918756618304,0.7522552730628385,0.3004874770282855,1.034820514787103,6.884955752212389,6.321882890351117,0.33328388931863384,0.008891176552946212,0.00017428417456551563,0.0,0.008891176552946212,-0.007071655244984908,0,0,0,7,0,0.8571428571428571,0.3008849557522124,0.21975020207867993,-0.026514869816346518,0.9683389274458146,0.5566855567098408,0.0,0.10244360902255638,0.02847567702095359
363,112,99.11504424778761,113,0,106,7,0,0.0,0.9436267858755587,0.9416268793839265,0.5970644849483185,0.7523214145262905,0.30331755530809307,1.0274412727554039,6.884955752212389,6.321882890351117,0.33192510061725433,0.008375967659142487,0.00013453551115442003,0.0,0.008375967659142487,-0.008915334176230203,0,0,0,7,0,0.8571428571428571,0.30973451327433627,0.21776637609610824,-0.027710078586228128,0.9625401556406672,0.5555523849180886,0.0,0.1331453634085213,0.028498573322070325
364,111,98.23008849557522,113,1,103,9,0,0.008849557522123894,0.9413794901764804,0.9388269534958893,0.5618083476883124,0.7522781612666124,0.30717322836127986,1.0510974657333771,6.884955752212389,6.321882890351117,0.33289874977554,0.010444436465869908,0.0001421871118778193,0.0,0.010444436465869908,-0.004522865643316798,0,1,0,9,0,0.9,0.3008849557522124,0.21384036153700636,-0.023061968468468745,0.9657777386684393,0.5590571157473191,0.008849557522123894,0.15100250626566417,0.02848596963336338
365,111,98.23008849557522,113,0,106,7,0,0.0,0.946725454970605,0.9441253724078664,0.5894408140388049,0.7524692172070239,0.30017738859655413,1.0400546997774118,6.884955752212389,6.321882890351117,0.33156995416944834,5.447913041599717e-05,0.000157839363153338,0.0,5.447913041599717e-05,-0.012734541874968244,0,0,0,7,0,1.0,0.3008849557522124,0.2157111716712757,-0.029568818786314753,0.9660819439839924,0.5590502441150403,0.0,0.11560150375939847,0.02851873862373794
366,112,99.11504424778761,113,0,107,6,0,0.0,0.9350449891085992,0.9325463977279228,0.5213258461485029,0.7520625874392918,0.31277206395561297,1.0487909370682358,6.884955752212389,6.321882890351117,0.32470913197418594,0.007686751891194787,0.0001781100236927443,0.0,0.007686751891194787,-0.013812486576617128,0,0,0,6,0,1.0,0.2920353982300885,0.20307532904995473,-0.027204237713300945,0.9661228569754898,0.5470967619084139,0.0,0.08489974937343357,0.028447482965571244
367,112,99.11504424778761,113,0,107,6,0,0.0,0.9470793617596919,0.9445315986752889,0.5550344170805992,0.7522878166237256,0.2918510838033066,1.0243477793440061,6.884955752212389,6.321882890351117,0.3319985362022517,0.0026626325894187736,0.00013403324930870937,0.0,0.0026626325894187736,-0.009517830440753461,0,0,0,6,0,1.0,0.3008849557522124,0.2117706997880686,-0.0274002306237103,0.9661228569754898,0.5633843196475313,0.0,0.08489974937343357,0.028514774191464108
368,112,99.11504424778761,113,0,106,7,0,0.0,0.9521712092126314,0.9496154645635405,0.5721462225898964,0.7527559239210908,0.2846239194044288,1.0087571243417517,6.884955752212389,6.321882890351117,0.3333522808318239,0.0007265030968711544,0.00016206058653243845,0.0,0.0007265030968711544,-0.01471940951508358,0,0,0,7,0,1.0,0.3185840707964602,0.21441286918119654,-0.02572156983020293,0.9545231223320338,0.5641544927752561,0.0,0.08489974937343357,0.028555030026299114
369,113,100.0,113,0,107,6,0,0.0,0.9508506119587272,0.9483937919907254,0.5478960162323416,0.7531326518558301,0.28470820019647786,1.001073202613734,6.884955752212389,6.321882890351117,0.33197056235718114,0.022416937610342514,0.000137839517869757,0.0,0.022416937610342514,-0.0014039752449065597,0,0,0,6,0,0.8333333333333334,0.3185840707964602,0.21045223475162445,-0.020073713901211498,0.9637975836264235,0.5646173461510335,0.0,0.08489974937343357,0.02856033518945432
370,113,100.0,113,0,107,6,0,0.0,0.9475960680141922,0.9449608602313042,0.5273902173616073,0.7533119427512909,0.2860760962998337,0.9916412205554108,6.884955752212389,6.321882890351117,0.33015117782184467,0.023211714929105797,0.00011346600333144681,0.0,0.023211714929105797,0.002374390111244582,0,0,0,6,0,0.8333333333333334,0.3274336283185841,0.2068675260748576,-0.020135045065270925,0.9655209677557608,0.5579349634098306,0.0,0.08489974937343357,0.028549729749953692
371,113,100.0,113,0,108,5,0,0.0,0.9460217121272206,0.9433758074342081,0.5063447504661238,0.7533997349410413,0.2872100584275022,0.9689490218137695,6.884955752212389,6.321882890351117,0.3308919533738943,0.02507726786318441,0.00010571069608268351,0.0,0.02507726786318441,0.0034653339163598696,0,0,0,5,0,0.8,0.30973451327433627,0.20421989944598296,-0.02047527180107181,0.9699139628945923,0.5583241781700548,0.0,0.08489974937343357,0.028544633030230283
372,113,100.0,113,0,107,6,0,0.0,0.9459568249435887,0.9431511034344956,0.5144319260048458,0.7534706125923994,0.27570120407768844,0.9172516159710045,6.884955752212389,6.321882890351117,0.3356648056497886,0.02095599291250228,0.0001156041958992917,0.0,0.02095599291250228,-0.0027076917550903634,0,0,0,6,0,0.8333333333333334,0.3185840707964602,0.20857092896640375,-0.019959702469210194,0.9480459222231774,0.5666070939589499,0.0,0.08489974937343357,0.02854654899536927
373,113,100.0,113,0,106,7,0,0.0,0.9489781391667726,0.9461719118663392,0.519304106545097,0.7536897870187657,0.2820565091589136,0.9124165151602943,6.884955752212389,6.321882890351117,0.33496778160838003,0.020030276642851785,0.0001279551297432876,0.0,0.020030276642851785,-0.006026640688059665,0,0,0,7,0,0.8571428571428571,0.3008849557522124,0.2084986481719476,-0.02126671932941964,0.9395999744504524,0.5667657256547499,0.0,0.15100250626566417,0.028568583541765426
374,113,100.0,113,0,106,7,0,0.0,0.9536874867313726,0.9507451356054823,0.524710174820462,0.7541263965738534,0.28478313337300093,0.9184640473210588,6.884955752212389,6.321882890351117,0.33627675600733653,0.0035477847397420276,0.0001335806442039528,0.0,0.0035477847397420276,-0.006053798077738696,0,0,0,7,0,1.0,0.30973451327433627,0.20962476713106432,-0.012739860362235579,0.9699139628945923,0.5631698324138491,0.0,0.12030075187969924,0.02860593125196879
375,113,100.0,113,0,104,9,0,0.0,0.9530974312932537,0.9502518070831959,0.5364002179798633,0.7545104540630255,0.2840594270196174,0.908915142931946,6.884955752212389,6.321882890351117,0.3370183459501719,0.018822357375818347,0.00013149452674685735,0.0,0.018822357375818347,-0.004303894892601277,0,0,0,9,0,0.8888888888888888,0.3185840707964602,0.2117420917658358,-0.017824885413753083,0.96754552526839,0.5672851974614915,0.0,0.08489974937343357,0.028615120807126738
376,113,100.0,113,0,105,8,0,0.0,0.9516626304020933,0.9488126999252302,0.535660515011041,0.754797448952146,0.2861698268846668,0.9098536687270606,6.884955752212389,6.321882890351117,0.3379911513316529,0.004842316398437242,0.00015986549240270222,0.0,0.004842316398437242,-0.007322759273092123,0,0,0,8,0,1.0,0.336283185840708,0.21238822036367636,-0.020488840868237438,0.9650079755241457,0.5700480697743968,0.0,0.08489974937343357,0.02861701854306668
377,113,100.0,113,0,106,7,0,0.0,0.9654951328302119,0.9621422744977497,0.681406965651327,0.7557404444358802,0.2637636926607712,0.896320882409886,6.884955752212389,6.321882890351117,0.3493265386452762,0.00549136800399467,0.00013445495650730364,0.0,0.00549136800399467,-0.005397192025246467,0,0,0,7,0,1.0,0.336283185840708,0.2377208939250107,-0.020838300379864123,0.9573325045252012,0.5876585898715013,0.0,0.11560150375939847,0.02871598859027876
378,113,100.0,113,0,107,6,0,0.0,0.9712278821068472,0.9677660934670328,0.662703659157767,0.7569082498488341,0.2638757019488184,0.8975151144285987,6.884955752212389,6.321882890351117,0.34663649947465336,0.00474906991223789,0.00011627217692043838,0.0,0.00474906991223789,-0.004741788844115635,0,0,0,6,0,1.0,0.34513274336283184,0.2325570353933311,-0.013551754960245658,0.9625261592799409,0.581732251159611,0.0,0.08489974937343357,0.028781565981959002
379,113,100.0,113,0,106,7,0,0.0,0.982643712051795,0.9790127384807835,0.741211608012347,0.7585710277526843,0.2523073499867399,0.8928343190223318,6.884955752212389,6.321882890351117,0.35276843591343865,0.00467820513530018,9.626942844101492e-05,0.0,0.00467820513530018,-0.008586653885769676,0,0,0,7,0,1.0,0.34513274336283184,0.24512278130707663,-0.012589721426212092,0.9671247187338075,0.5896072579449897,0.0,0.08489974937343357,0.02889120456758776
380,113,100.0,113,0,107,6,0,0.0,0.9882230416129713,0.9846593885873514,0.6912670198550701,0.7604142664702984,0.2552091146550661,0.8836981580712271,6.884955752212389,6.321882890351117,0.3494687256480289,0.0018174347756777865,0.00010477985932275292,0.0,0.0018174347756777865,-0.011753094294570688,0,0,0,6,0,1.0,0.30973451327433627,0.23564252778902328,-0.007812537244400935,0.9641462834594771,0.585128462039875,0.0,0.12030075187969924,0.02897736491195223
381,113,100.0,113,0,105,8,0,0.0,0.9916182714243276,0.9883038893758889,0.6758925265627783,0.7623252986522269,0.2510372517821291,0.8682400937322108,6.884955752212389,6.321882890351117,0.3507727447477611,0.0021292640417023057,0.00012523161969417679,0.0,0.0021292640417023057,-0.008660235873116703,0,0,0,8,0,1.0,0.336283185840708,0.23387865639792124,-0.007105520076667814,0.9303626756348806,0.5894686183015523,0.0,0.08489974937343357,0.029054747669278232
382,113,100.0,113,0,105,8,0,0.0,0.9921518705590339,0.9890243875135468,0.6431381514834776,0.7641519568564088,0.25043158265451304,0.8650192736818637,6.884955752212389,6.321882890351117,0.34961935154239154,0.0021860624823390267,0.00012291766189400085,0.0,0.0021860624823390267,-0.007713519568091763,0,0,0,8,0,1.0,0.336283185840708,0.22942931588019955,-0.007490969124528937,0.9508061471656566,0.5901844279424705,0.0,0.12030075187969924,0.02911515526118945
383,113,100.0,113,0,103,10,0,0.0,1.0023382126903484,0.9988805497403087,0.6673085764452596,0.7663616118948824,0.24988138763265577,0.8742885013809463,6.884955752212389,6.321882890351117,0.35063000419631063,0.003316384887561236,0.0001034522782159916,0.0,0.003316384887561236,-0.005828080967009486,0,0,0,10,0,1.0,0.336283185840708,0.23215024442146107,-0.003943519628010223,0.9610194137184073,0.5892197705647144,0.0,0.12030075187969924,0.029235932873752545
384,113,100.0,113,0,106,7,0,0.0,1.0102846509423977,1.006675995493519,0.7274240946709738,0.768825830290582,0.2400152728237005,0.8528246083341094,6.884955752212389,6.321882890351117,0.3557988978631541,0.008114935220195161,9.916897246754033e-05,0.0,0.008114935220195161,-0.0005123020370188723,0,0,0,7,0,1.0,0.30973451327433627,0.2414785981222578,-0.009035422784609472,0.9554441308358272,0.5958358075796832,0.0,0.08489974937343357,0.029353557565582104
385,113,100.0,113,0,106,7,0,0.0,1.0066858000796768,1.0030541418867789,0.719678758173407,0.7709510882103607,0.23793900831170833,0.8510652315319654,6.884955752212389,6.321882890351117,0.3573987718740539,0.010238010520319318,0.00013228719780933158,0.0,0.010238010520319318,0.0005370872675779435,0,0,0,7,0,0.8571428571428571,0.30973451327433627,0.2429039442548233,-0.005512780395859643,0.9590837531938918,0.5965394852516346,0.0,0.11560150375939847,0.02940274146967166
386,113,100.0,113,0,105,8,0,0.0,1.0058513444256045,1.002188865415756,0.6754825748706188,0.7728982284011923,0.24694623039799113,0.8588823540453306,6.884955752212389,6.321882890351117,0.35320019181652773,0.0019414085122617187,0.0001246430612151176,0.0,0.0019414085122617187,-0.0034975311000042184,0,0,0,8,0,1.0,0.3185840707964602,0.23426010779160356,-0.0060494677097520325,0.9615541362603522,0.5916221056151767,0.0,0.11560150375939847,0.02946011715268896
387,113,100.0,113,0,105,8,0,0.0,0.9974634836361274,0.9937946565059759,0.671775014478633,0.7742977350239703,0.24737095939843376,0.8626471649793309,6.884955752212389,6.321882890351117,0.35635054163073066,0.0013217181904882536,0.00010710595164954093,0.0,0.0013217181904882536,-0.0037650624758167467,0,0,0,8,0,1.0,0.3274336283185841,0.237577403851075,0.002276260175453861,0.9495382954914384,0.5906053673142574,0.0,0.11560150375939847,0.02946241543360894
388,113,100.0,113,0,107,6,0,0.0,0.9997553234994636,0.9961135369973948,0.671739739600921,0.7757260440042413,0.2518129297857609,0.8706260454785982,6.884955752212389,6.321882890351117,0.3554126237680597,0.00411760983058268,0.00012074787135641823,0.0,0.00411760983058268,-0.004248014512030783,0,0,0,6,0,1.0,0.34513274336283184,0.23598570102763622,0.0020424737143191546,0.9589325092474743,0.5871049787394416,0.0,0.08489974937343357,0.029519022643448172
389,113,100.0,113,0,106,7,0,0.0,0.9999056883726306,0.9965270706847922,0.6379961270528989,0.7770849714558109,0.2600728036546958,0.8750824879042425,6.884955752212389,6.321882890351117,0.35339486600917835,0.006817803116967962,0.0001343597979177738,0.0,0.006817803116967962,-0.0043212399073618525,0,0,0,7,0,1.0,0.336283185840708,0.2302500563675821,0.0017697069063122087,0.9615541362603522,0.584473972024519,0.0,0.11560150375939847,0.02956272936884054
390,113,100.0,113,0,105,8,0,0.0,0.9960587843890931,0.9927924678226324,0.6252469108443657,0.7781691113298351,0.2690374139457918,0.8898737399631408,6.884955752212389,6.321882890351117,0.35274017949725534,0.0047282587029130315,0.0001101799856681101,0.0,0.0047282587029130315,-0.006187810118298286,0,0,0,8,0,1.0,0.35398230088495575,0.2283926309677512,-0.00031881984078283433,0.969185369518454,0.583109014915264,0.0,0.08489974937343357,0.029577763875524556
391,113,100.0,113,0,106,7,0,0.0,0.9900974158313856,0.986730231082817,0.647229285563755,0.7788781151448742,0.27217462880848525,0.9156333376996914,6.884955752212389,6.321882890351117,0.3542353446346391,0.009735852296930523,0.00012936490689805503,0.0,0.009735852296930523,-0.002606836147461667,0,0,0,7,0,0.8571428571428571,0.35398230088495575,0.23289510882998335,-0.0020113507334537047,0.969185369518454,0.5856377175783646,0.0,0.08489974937343357,0.029570368228173466
392,113,100.0,113,0,106,7,0,0.0,0.9934341053140173,0.9901175378982362,0.6235868998763581,0.7797136098250445,0.2679366904920143,0.8663886901208069,6.884955752212389,6.321882890351117,0.353509951416781,0.0046832936932892175,0.00010325213297080862,0.0,0.0046832936932892175,-0.002458292960463313,0,0,0,7,0,1.0,0.34513274336283184,0.228948720169669,-0.001457767671738648,0.9673171152863429,0.585734311849055,0.0,0.08489974937343357,0.02961346117320436
393,113,100.0,113,0,104,9,0,0.0,0.9940624613306488,0.9909936948562537,0.5614324183426672,0.7805405972034367,0.2780569407894281,0.8787408339947443,6.884955752212389,6.321882890351117,0.34879439723292127,0.0016937409077511585,9.671704255114589e-05,0.0,0.0016937409077511585,-0.004000266952182283,0,0,0,9,0,1.0,0.34513274336283184,0.21725751145223288,-0.000646946679439381,0.97019830552954,0.5815481649966753,0.0,0.08489974937343357,0.029642743540077496
394,113,100.0,113,0,105,8,0,0.0,0.9989422397974419,0.9960429601169827,0.5539627403129812,0.781570670317534,0.28821860420580997,0.8837750937185563,6.884955752212389,6.321882890351117,0.34456173068192153,0.0037677376642605612,0.00015109474645718927,0.0,0.0037677376642605612,-0.007874597469708033,0,0,0,8,0,1.0,0.336283185840708,0.21228368001635475,0.00011083010328136208,0.9669073830045289,0.5739786099496834,0.0,0.08489974937343357,0.029699702440390573
395,113,100.0,113,0,104,9,0,0.0,1.0042198592900542,1.001154119656996,0.5655492029618635,0.7827941206320401,0.281387232488392,0.8608700227950118,6.884955752212389,6.321882890351117,0.34525910325730447,0.0037486053338325193,0.00011426225566085155,0.0,0.0037486053338325193,-0.006749077149979941,0,0,0,9,0,1.0,0.34513274336283184,0.21394573774545528,0.005584382017606262,0.9653306860300117,0.5733428973756359,0.0,0.12030075187969924,0.029764763085905987
396,113,100.0,113,0,105,8,0,0.0,1.0067440687650093,1.0033084659036433,0.5995994857173873,0.7840491820478541,0.2769690795400433,0.8978841166277582,6.884955752212389,6.321882890351117,0.34761098443264005,0.007397897919055824,0.00015042647417366078,0.0,0.007397897919055824,-0.0066885787210641395,0,0,0,8,0,0.875,0.34513274336283184,0.21956514506246824,0.011932311805397186,0.9580649473128813,0.574220952569041,0.0,0.12030075187969924,0.029817055889735634
397,113,100.0,113,0,105,8,0,0.0,1.022106867743768,1.018109892982093,0.7245346808445643,0.7859734830595585,0.2527097544756588,0.8933104360108982,6.884955752212389,6.321882890351117,0.3597691731650239,0.0016863540482569364,0.00012590635560767485,0.0,0.0016863540482569364,-0.008770095677367834,0,0,0,8,0,1.0,0.336283185840708,0.24182658696406112,0.013049003825763884,0.9653306860300117,0.5914002424044781,0.0,0.12030075187969924,0.029954695912838322
398,113,100.0,113,0,104,9,0,0.0,1.022454366041412,1.0184734296950715,0.7349236894302571,0.7877945179070516,0.25406044729002836,0.8886584354616758,6.884955752212389,6.321882890351117,0.3594781633741395,0.008605975704924412,0.00014417674394504582,0.0,0.008605975704924412,-0.005892639300199666,0,0,0,9,0,0.8888888888888888,0.3185840707964602,0.2429259304591455,0.009006612407170456,0.9653306860300117,0.5941567840326247,0.0,0.12030075187969924,0.030013995249552044
399,113,100.0,113,0,104,9,0,0.0,1.0342164894064512,1.0299832997063132,0.7710625135534659,0.7900825414664474,0.2340624585736447,0.8555122675547129,6.884955752212389,6.321882890351117,0.36591433897823,0.005387204312366142,0.00010586501595934413,0.0,0.005387204312366142,-0.0036334074568153377,0,0,0,9,0,1.0,0.34513274336283184,0.25067312272378156,0.01602588034676656,0.9704848857359993,0.6052391059883936,0.0,0.12030075187969924,0.03014512895134156
400,113,100.0,113,0,105,8,0,0.0,1.0371934973451935,1.032926455602839,0.7783305031227499,0.7923747691511618,0.2362886780213712,0.866038065960984,6.884955752212389,6.321882890351117,0.36596252472123614,0.0031155206744908877,8.435500291591586e-05,0.0,0.0031155206744908877,0.0009152830808933088,0,0,0,8,0,1.0,0.34513274336283184,0.2511244532218108,0.013572807981170979,0.9669901334807083,0.6068135757433236,0.0,0.12030075187969924,0.030232469965939198
401,113,100.0,113,0,104,9,0,0.0,1.0544809666962447,1.049856674365909,0.8475963689013946,0.7953783317686933,0.2225496739593463,0.867438550707854,6.884955752212389,6.321882890351117,0.37013771154629094,0.004635113482178999,8.726379647349807e-05,0.0,0.004635113482178999,-0.0005084497008911079,0,0,0,9,0,1.0,0.36283185840707965,0.25933463258156403,0.015326175981931157,0.972093576737791,0.6127709485504749,0.0,0.12030075187969924,0.03041384816830381
402,113,100.0,113,0,105,8,0,0.0,1.0710915319791112,1.0666262621484943,0.8877381851779084,0.799040135635654,0.21660941110806567,0.856698850520195,6.884955752212389,6.321882890351117,0.36885985846982017,0.01123743352665128,0.00011113592029024287,0.0,0.01123743352665128,-0.0007908925455128585,0,0,0,8,0,0.875,0.37168141592920356,0.2593174399692135,0.013217529014510447,0.9621357171384727,0.611620233780269,0.0,0.1557017543859649,0.03061264847078994
403,113,100.0,113,0,103,10,0,0.0,1.0819913538437793,1.0776930147751427,0.8734825575268937,0.8030301462631283,0.20891679124725254,0.8372647781427416,6.884955752212389,6.321882890351117,0.36989842058969624,0.003301109975985893,8.037820917308134e-05,0.0,0.003301109975985893,0.0028681226978354846,0,0,0,10,0,1.0,0.37168141592920356,0.25726488209302556,0.0074894683816610595,0.9569661862342009,0.6200283940296369,0.0,0.1557017543859649,0.030793269479704028
404,113,100.0,113,0,105,8,0,0.0,1.0810634096869915,1.0771026490760287,0.8090769311978184,0.8067380553089231,0.22553821153650344,0.8378997321874767,6.884955752212389,6.321882890351117,0.36786667604500356,0.0017140099835590528,6.985338531464278e-05,0.0,0.0017140099835590528,-6.967152262360443e-05,0,0,0,8,0,1.0,0.336283185840708,0.249091798319478,0.006978488844085281,0.9651221632233427,0.6163971608900044,0.0,0.12030075187969924,0.030905834592698026
405,112,99.11504424778761,113,1,102,9,1,0.008849557522123894,1.1035218534532316,1.098448940786223,0.9521953699883787,0.8113412309964817,0.21008707339497454,0.7872026970926703,6.884955752212389,6.321882890351117,0.3786751647550335,0.011983313463816713,8.247740465416882e-05,0.0,0.011983313463816713,0.0023019228996754544,0,2,0,9,0,0.9090909090909091,0.36283185840707965,0.2686561985127786,0.009011494502534682,0.9644985392719508,0.6282136701177246,0.008849557522123894,0.12030075187969924,0.031163630499631514
406,112,99.11504424778761,113,0,103,10,0,0.0,1.1071436151538063,1.1018458173195633,0.9744979444288402,0.815775110294291,0.21876681722398625,0.806406438890038,6.884955752212389,6.321882890351117,0.37845559835613884,0.00365571477626584,6.118344424005635e-05,0.0,0.00365571477626584,0.005218651159685356,0,0,0,10,0,1.0,0.35398230088495575,0.27012752888176234,0.014009608959356271,0.963745166491184,0.6253734116323756,0.0,0.12030075187969924,0.0313218916364879
407,112,99.11504424778761,113,0,104,9,0,0.0,1.116112246446721,1.1108615165154319,1.0859686543927793,0.8203846544913204,0.19816882511617295,0.765238581302338,6.884955752212389,6.321882890351117,0.38266640856149214,0.0038187423566903144,7.16761487066159e-05,0.0,0.0038187423566903144,0.007026029605474902,0,0,0,9,0,1.0,0.34513274336283184,0.2834139240975129,0.00837407840953754,0.9670360890161953,0.6357251468450944,0.0,0.12030075187969924,0.03151243978591006
408,112,99.11504424778761,113,0,104,9,0,0.0,1.1064427723113273,1.1012546712753655,1.0133614713307741,0.8242169218980073,0.2267426728908308,0.8218784359483183,6.884955752212389,6.321882890351117,0.37879969752385834,0.0032999670604664023,9.755537740844797e-05,0.0,0.0032999670604664023,0.0038683257357238396,0,0,0,9,0,1.0,0.35398230088495575,0.2740141114592943,0.0013456102701251396,0.9668135273646037,0.6286522304902472,0.0,0.08489974937343357,0.031585228143981015
409,112,99.11504424778761,113,0,103,10,0,0.0,1.1015573387035802,1.0966385997855241,0.9226234089242666,0.8275734597402202,0.24500072043032403,0.8732669156112212,6.884955752212389,6.321882890351117,0.37554093599771354,0.022990268138032982,0.00011288146393443566,0.0,0.022990268138032982,0.0015851175006818096,0,0,0,10,0,0.9,0.34513274336283184,0.2636188094677002,-0.0026724654305924694,0.9711635978409194,0.6276894296039357,0.0,0.08489974937343357,0.03166689917171979
410,113,100.0,113,0,104,9,0,0.0,1.0938382707779373,1.0888745238088127,0.9037141389972219,0.8303251325582658,0.26642536177993903,0.8832786834705684,6.884955752212389,6.321882890351117,0.3694045617390962,0.004188491919531755,0.0001177383555957995,0.0,0.004188491919531755,-0.003972077283372831,0,0,0,9,0,1.0,0.35398230088495575,0.25723548154564274,-0.0049604198509763265,0.9682807093589171,0.6154364072731148,0.0,0.08489974937343357,0.03171528259863281
411,113,100.0,113,0,105,8,0,0.0,1.1064925584087848,1.1011009497775732,0.9796077757301627,0.8335212001083651,0.25673192491490693,0.8625280183759011,6.884955752212389,6.321882890351117,0.371615943048375,0.02727980311677481,7.484371812331628e-05,0.0,0.02727980311677481,-0.0001489231204494755,0,0,0,8,0,0.875,0.35398230088495575,0.26486335801780636,-0.0028583325985068095,0.9688486097482667,0.6161773191152727,0.0,0.12030075187969924,0.03187957986059394
412,113,100.0,113,0,105,8,0,0.0,1.118653388426482,1.1128730168187055,1.0754453804925477,0.8371105890445419,0.25534132522597597,0.9094641029799483,6.884955752212389,6.321882890351117,0.37251286249715965,0.02897503977304727,0.00012395591215389555,0.0,0.02897503977304727,0.0015531662082624229,0,0,0,8,0,0.875,0.34513274336283184,0.27224510207949226,0.0011447912419610296,0.9611235394783061,0.610267843517422,0.0,0.12030075187969924,0.03205384249319458
413,113,100.0,113,0,105,8,0,0.0,1.1229052815918343,1.1171097044463896,1.0577962935686305,0.8406873317598962,0.2624596593543242,0.9205986471654228,6.884955752212389,6.321882890351117,0.36886724288279127,0.03030280196771412,9.826508956696831e-05,0.0,0.03030280196771412,0.004210613899131115,0,0,0,8,0,0.875,0.34513274336283184,0.2669508826467745,0.010898857454597973,0.9722233599892938,0.6030222527265762,0.0,0.11560150375939847,0.032188160701898276
414,113,100.0,113,0,106,7,0,0.0,1.1051551048586075,1.0998315934738856,0.8920293628645022,0.8431641154364192,0.287960389045384,0.9881303851935012,6.884955752212389,6.321882890351117,0.36032266051103545,0.03030253920402526,8.524189821922155e-05,0.0,0.03030253920402526,0.006051473733741287,0,0,0,7,0,0.8571428571428571,0.336283185840708,0.24784578746002997,0.013072438025304035,0.9752078931466974,0.589708354656314,0.0,0.11560150375939847,0.0321776994999707
415,113,100.0,113,0,105,8,0,0.0,1.1091064454681607,1.103779608397982,0.8780196728617223,0.8456839908534612,0.2828948563541387,0.9723049054313647,6.884955752212389,6.321882890351117,0.36205941446042345,0.025401830357609734,0.00014266077815392432,0.0,0.025401830357609734,-0.0025893595258598065,0,0,0,8,0,0.875,0.336283185840708,0.24732119111081854,0.018568060489287656,0.9715209839534915,0.5949699132942372,0.0,0.15100250626566414,0.03227710798944254
416,113,100.0,113,0,105,8,0,0.0,1.1279300206736058,1.1220357116049917,1.0522462038263924,0.848967866269726,0.2685395874364593,0.9313561199756581,6.884955752212389,6.321882890351117,0.366857476216776,0.024671312930938195,9.106128292975452e-05,0.0,0.024671312930938195,2.651203340761632e-05,0,0,0,8,0,0.875,0.3274336283185841,0.26403504661135024,0.012365770026144135,0.9711940025545961,0.5996564910469034,0.0,0.15100250626566414,0.03247502724451041
417,113,100.0,113,0,105,8,0,0.0,1.1218134843488783,1.1158529077563335,1.0887757165421932,0.8517314432329878,0.27509235297267365,0.9355015529561965,6.884955752212389,6.321882890351117,0.36497034129928463,0.02706747772770671,0.00010748875381482931,0.0,0.02706747772770671,0.001471712943885848,0,0,0,8,0,0.875,0.336283185840708,0.2662290995382926,0.009666461582039793,0.9747953877311556,0.5937828383047267,0.0,0.15100250626566414,0.03253179961248784
418,112,99.11504424778761,113,1,105,7,0,0.008849557522123894,1.1282050460316881,1.1251183214756153,1.1284667956815133,0.8546359955743436,0.27570506540055517,0.9543697778098507,6.884955752212389,6.321882890351117,0.36630572382700244,0.006018366210012873,0.000134681441494085,0.0,0.006018366210012873,-0.0026417917303359663,0,1,0,7,0,1.0,0.336283185840708,0.26892856029895185,0.005669628274960432,0.9713602736627401,0.5968504827177963,0.008849557522123894,0.11560150375939847,0.03265556861965662
419,112,99.11504424778761,113,0,97,16,0,0.0,1.145506302783851,1.1423083271587762,1.250618636634594,0.8583792245471126,0.26203667354119203,0.9194428763029358,6.884955752212389,6.321882890351117,0.3690791512247984,0.04439433183945697,3.526220152958473e-05,0.0,0.04439433183945697,0.027239124577422953,0,0,0,16,0,0.75,0.3274336283185841,0.2774399036126088,0.0021463201897175656,0.9659656468027403,0.603066199856126,0.0,0.12030075187969924,0.032860396179405504
420,111,98.23008849557522,113,1,99,13,0,0.008849557522123894,1.1563735235102328,1.1502297394138121,1.3523581693069213,0.8624306582968252,0.2710155796635865,0.9601415524281285,6.884955752212389,6.321882890351117,0.369473701261263,0.051865880394475615,3.3165116880976115e-05,0.0,0.051865880394475615,0.027137632337617013,0,1,0,13,0,0.7142857142857143,0.336283185840708,0.2853175928421919,-0.0035690304689553324,0.9700684039418148,0.6057048208142004,0.008849557522123894,0.10275689223057644,0.03304279573155591
421,111,98.23008849557522,113,0,107,6,0,0.0,1.148123141993522,1.1424665461474668,1.150869904330682,0.8656891197559213,0.2913857608807908,0.9745392694991895,6.884955752212389,6.321882890351117,0.36434496552553886,0.0018461025508376963,7.136573593165107e-05,0.0,0.0018461025508376963,0.002520567140074833,0,0,0,6,0,1.0,0.336283185840708,0.2665094506602613,-0.0008532922295663616,0.9717649199865047,0.59594179635033,0.0,0.10275689223057644,0.033104541882708005
422,111,98.23008849557522,113,0,105,8,0,0.0,1.1506067935342774,1.1449889393439783,1.146497063051571,0.8688691552926802,0.2851604129502771,0.9585635380088238,6.884955752212389,6.321882890351117,0.36648518809722797,0.019799442224866345,0.00010930624144065573,0.0,0.019799442224866345,0.0015761957234850972,0,0,0,8,0,0.875,0.34513274336283184,0.26719523561192116,0.0011033792952294616,0.9772258140264488,0.6000063099920424,0.0,0.11560150375939848,0.0332174792016645
423,112,99.11504424778761,113,0,106,7,0,0.0,1.1563456890231563,1.1508763993354352,1.1408489499940204,0.8721459113676348,0.2913122844640671,0.9068001175782695,6.884955752212389,6.321882890351117,0.3656399718024608,0.002114097547258462,0.00014363947047578364,0.0,0.002114097547258462,0.0014800159455125225,0,0,0,7,0,1.0,0.336283185840708,0.26587532092455635,0.0025671933483755087,0.9801258640394443,0.5984677868716652,0.0,0.06735588972431077,0.03334975001993944
424,112,99.11504424778761,113,0,106,7,0,0.0,1.1578940519997172,1.15252315001596,1.097617963149423,0.8752987992805432,0.3006058815904781,0.9111171116782111,6.884955752212389,6.321882890351117,0.3621299784687373,0.009289639504908093,6.304370339750828e-05,0.0,0.009289639504908093,0.0028425976866633673,0,0,0,7,0,0.8571428571428571,0.336283185840708,0.25891980035179474,0.005123511520149307,0.9731866598458374,0.5913873807096088,0.0,0.11090225563909774,0.0334571527755813
425,113,100.0,113,0,106,7,0,0.0,1.1638342623663203,1.1581727620698181,1.1525617541888538,0.8785380947981768,0.3016244788742916,0.914196387408707,6.884955752212389,6.321882890351117,0.3646126979673405,0.009247083168527495,9.93432753536356e-05,0.0,0.009247083168527495,0.004874403417620783,0,0,0,7,0,0.8571428571428571,0.336283185840708,0.26466591618311097,0.01209925505001898,0.9709022994882686,0.5927838902698868,0.0,0.11560150375939851,0.03358924606196291
426,113,100.0,113,0,106,7,0,0.0,1.1716078741626372,1.1657079001864377,1.256226456805422,0.8819536959326003,0.28408700858364755,0.8886066485742301,6.884955752212389,6.321882890351117,0.37148336011388805,0.009175296642032026,9.335800435726219e-05,0.0,0.009175296642032026,0.0031574364675719907,0,0,0,7,0,0.8571428571428571,0.336283185840708,0.27713191409590193,0.015056352104175556,0.9731866598458374,0.6002759617830884,0.0,0.11090225563909774,0.03373607927280438
427,113,100.0,113,0,107,6,0,0.0,1.1879063468267343,1.1815355549709115,1.44311714527957,0.8859538514031149,0.2747879510983267,0.8557689343169629,6.884955752212389,6.321882890351117,0.3747494073632447,0.0021775020123862908,7.167994699127896e-05,0.0,0.0021775020123862908,0.0036269790393122503,0,0,0,6,0,1.0,0.34513274336283184,0.29122968724645715,0.015961944012793754,0.9680076452216143,0.6019201696686658,0.0,0.07550125313283206,0.03394401420826382
428,112,99.11504424778761,113,1,106,6,0,0.008849557522123894,1.2062098098314833,1.1981517908804706,1.7019740192683483,0.8905962063697952,0.2553352830437209,0.8374496881896734,6.884955752212389,6.321882890351117,0.38346904593662523,0.04750562707074799,0.0001305663027284417,0.0,0.04750562707074799,0.0034631885356444,0,1,0,6,0,0.8571428571428571,0.336283185840708,0.31339181030731744,0.0159245355883055,0.9810127059069632,0.6112386729382765,0.008849557522123894,0.11560150375939851,0.034182273645461524
429,112,99.11504424778761,113,0,106,7,0,0.0,1.1987142094569752,1.1907025215497749,1.6916092752278327,0.8945136123650547,0.26434792731747037,0.8886803080226877,6.884955752212389,6.321882890351117,0.3791375345087338,0.0023274652356126313,6.963500189665065e-05,0.0,0.0023274652356126313,0.0020066994854104386,0,0,0,7,0,1.0,0.336283185840708,0.310661527687049,0.015145998824665352,0.9724797527734838,0.6020668083652652,0.0,0.11560150375939851,0.03426862255326893
430,112,99.11504424778761,113,0,105,8,0,0.0,1.190914306279167,1.183372356273195,1.511772608626393,0.8978126409693907,0.2829032201298652,0.9048666359757616,6.884955752212389,6.321882890351117,0.37258676566008075,0.030610493665693406,8.248113225627765e-05,0.0,0.030610493665693406,0.006760600605520129,0,0,0,8,0,0.875,0.3274336283185841,0.29447040046829837,0.014815603265630974,0.9783302860599451,0.5978178182194009,0.0,0.11560150375939851,0.03433390339982254
431,112,99.11504424778761,113,0,105,8,0,0.0,1.2033303177479473,1.195093835657877,1.7756784249696553,0.9014959234086142,0.2603506327668427,0.8441588917917369,6.884955752212389,6.321882890351117,0.3802092745323935,0.03403797570266108,7.908640408966084e-05,0.0,0.03403797570266108,0.006304156416549338,0,0,0,8,0,0.875,0.30973451327433627,0.31682625857721786,0.01678672300211133,0.9670378628507608,0.6078903717557987,0.0,0.15100250626566417,0.034512409858330734
432,111,98.23008849557522,113,1,107,5,0,0.008849557522123894,1.1941879440621204,1.1888209598884414,1.6508764313336861,0.9044882964442426,0.27813674357311774,0.8639905630698678,6.884955752212389,6.321882890351117,0.3752971973047674,0.0024009050863682047,6.038237817048575e-05,0.0,0.0024009050863682047,0.002732663314018562,0,1,0,5,0,1.0,0.3008849557522124,0.30497381141353563,0.02230029227024452,0.9624904251118755,0.5974767165754413,0.008849557522123894,0.13815789473684212,0.034561285149379034
433,111,98.23008849557522,113,1,99,12,1,0.008849557522123894,1.1760245752992362,1.1715907497078024,1.431871916674296,0.9065308903103629,0.32751042874796776,0.8981545512229179,6.884955752212389,6.321882890351117,0.36593912779869453,0.09165179840844097,2.2061082789422125e-05,0.0,0.09165179840844097,0.0245957317364274,0,2,0,12,0,0.6428571428571429,0.30973451327433627,0.28666251837377216,0.021982669602858437,0.9654648042889135,0.5829330991760374,0.008849557522123894,0.13345864661654136,0.03453503350163543
434,111,98.23008849557522,113,0,107,6,0,0.0,1.1636078097783586,1.1589871162399248,1.4985873661162235,0.9078369156224411,0.3297234319832901,0.9091705167837831,6.884955752212389,6.321882890351117,0.36382319681513464,0.0018047724490585606,7.663029861839286e-05,0.0,0.0018047724490585606,0.0027667952616688835,0,0,0,6,0,1.0,0.30973451327433627,0.29249224662944956,0.02206549564105498,0.9747553401332935,0.5767408262927752,0.0,0.11560150375939851,0.034514232369405
435,111,98.23008849557522,113,0,106,7,0,0.0,1.1710999608015982,1.166566188894995,1.441766995405433,0.9094436876217136,0.33578830761167966,0.9118980114507867,6.884955752212389,6.321882890351117,0.36168986695699124,0.02007161854706883,7.03879440554223e-05,0.0,0.02007161854706883,0.011561889270845156,0,0,0,7,0,0.8571428571428571,0.30973451327433627,0.2869267248114648,0.027647792099455157,0.9667654076842926,0.5717481141560632,0.0,0.15100250626566417,0.03460248224657567
436,111,98.23008849557522,113,0,107,6,0,0.0,1.172267173754582,1.1679636707774381,1.3844585632211452,0.9110195591112947,0.33579848710910637,0.9106931775155671,6.884955752212389,6.321882890351117,0.3603907857010511,0.0033233143199428252,0.0001224956463774638,0.0,0.0033233143199428252,0.0033269612764572354,0,0,0,6,0,1.0,0.30973451327433627,0.2805809367117925,0.02397788948700474,0.9598761653184308,0.5725070195663892,0.0,0.11560150375939848,0.03465813068637747
437,112,99.11504424778761,113,0,106,7,0,0.0,1.1695904803022352,1.165474011293205,1.3011409427436984,0.9123698911652328,0.33894919445345023,0.9590439042058275,6.884955752212389,6.321882890351117,0.359839584741692,0.0294253502489955,0.00013804721248239943,0.0,0.0294253502489955,0.0012732237099787244,0,0,0,7,0,0.8571428571428571,0.3185840707964602,0.27439214044944116,0.022270563586635966,0.9480733003936379,0.5776119073480184,0.0,0.11560150375939848,0.034687430424656156
438,113,100.0,113,0,103,10,0,0.0,1.1697920384979676,1.1656552609796282,1.2640784273215264,0.913644023522422,0.33889116986691414,0.9203796037155018,6.884955752212389,6.321882890351117,0.36091199445042665,0.029200170799744796,0.0001435231654049553,0.0,0.029200170799744796,0.0031657529351142243,0,0,0,10,0,0.9,0.336283185840708,0.2729536461959051,0.022544381198461257,0.947188513085573,0.5824713242987597,0.0,0.11560150375939848,0.03472871279337961
439,113,100.0,113,0,104,9,0,0.0,1.1744239259486229,1.170086094332729,1.350707288152421,0.9150616964006412,0.3395139072526283,0.9491731543861428,6.884955752212389,6.321882890351117,0.3586711101324189,0.027206049847309052,7.157318573416973e-05,0.0,0.027206049847309052,0.013254243182026674,0,0,0,9,0,0.8888888888888888,0.336283185840708,0.27732804679678724,0.02864268531913405,0.941537839213878,0.5711725383454705,0.0,0.15100250626566414,0.03479668404019753
440,113,100.0,113,0,104,9,0,0.0,1.174754371160607,1.1703639880783923,1.3129698589515113,0.9164038001534595,0.3520780004813296,0.9984465720600674,6.884955752212389,6.321882890351117,0.3536428857343794,0.00798643651976252,7.98118720302366e-05,0.0,0.00798643651976252,0.0102393776706148,0,0,0,9,0,1.0,0.336283185840708,0.2700969549617767,0.029422657316272326,0.9521303122409488,0.5624746108664526,0.0,0.15100250626566414,0.03484075938001754
441,113,100.0,113,0,105,8,0,0.0,1.1716168914119125,1.1673174920937819,1.2365138339548984,0.9175069809520325,0.3525540892012138,0.9466076775456829,6.884955752212389,6.321882890351117,0.3524079900320869,0.006014580836099976,0.00010464058944085626,0.0,0.006014580836099976,0.004474539926390707,0,0,0,8,0,1.0,0.34513274336283184,0.2641900514364187,0.03698476694622869,0.9601248314559881,0.5589173596193094,0.0,0.15100250626566417,0.03485994288035138
442,113,100.0,113,0,104,9,0,0.0,1.1736278003194818,1.16927283813206,1.3019844689995326,0.9186393117017637,0.35158809437664235,0.9855285374428311,6.884955752212389,6.321882890351117,0.352010979461719,0.008380767427198458,0.00012312231084472635,0.0,0.008380767427198458,0.006098462261293393,0,0,0,9,0,1.0,0.34513274336283184,0.26807633277605575,0.032745656452928075,0.9575032044431103,0.5583735018398313,0.0,0.11560150375939848,0.034905789736853945
443,113,100.0,113,0,105,8,0,0.0,1.1764616526304927,1.172211381493896,1.2513492069749548,0.9198486748435796,0.36480651651533486,0.9515842408770985,6.884955752212389,6.321882890351117,0.34903061144949166,0.004726544631796922,9.212009964852602e-05,0.0,0.004726544631796922,0.009265607482505357,0,0,0,8,0,1.0,0.3274336283185841,0.26228001406425017,0.03464803997888606,0.9520379775195515,0.555860667083736,0.0,0.22180451127819548,0.03495818625918133
444,113,100.0,113,0,105,8,0,0.0,1.1669929301475124,1.1628065887001104,1.24291741478959,0.9205059354746481,0.36469486178543,1.0109229275778926,6.884955752212389,6.321882890351117,0.35255614157881676,0.004159940970298071,0.00012001101682524848,0.0,0.004159940970298071,0.00654722689439723,0,0,0,8,0,1.0,0.34513274336283184,0.26603588685132834,0.0420844146854202,0.949930947468078,0.5592279198834551,0.0,0.18640350877192982,0.034931618270456696
445,113,100.0,113,0,105,8,0,0.0,1.1692492377766808,1.1646525707185778,1.3992629070347191,0.9212150055154436,0.3575572675925929,1.01067466082942,6.884955752212389,6.321882890351117,0.3570236867435974,0.005767487259856167,0.0001488106316696525,0.0,0.005767487259856167,0.003963567679548089,0,0,0,8,0,1.0,0.3274336283185841,0.28095023749739917,0.04356947662971196,0.9384419059573103,0.5599070826926474,0.0,0.18640350877192982,0.034965313097397366
446,113,100.0,113,0,106,7,0,0.0,1.1719416423553395,1.167236278842058,1.490491518689479,0.9220099201800852,0.347275070268139,0.9394079094300452,6.884955752212389,6.321882890351117,0.3585568492565956,0.007251520348389939,0.00011096054453575321,0.0,0.007251520348389939,0.005785631432293619,0,0,0,7,0,1.0,0.35398230088495575,0.2875753316501579,0.042307873534135086,0.9571928025879358,0.5606607174131973,0.0,0.18640350877192982,0.0350039019073791
447,113,100.0,113,0,106,7,0,0.0,1.1725557688365869,1.1675836463679439,1.5954087935341708,0.9227721494050988,0.3428968266853722,0.9469429157114216,6.884955752212389,6.321882890351117,0.36122117739707815,0.03134704815590977,0.00016135116745300362,0.0,0.03134704815590977,0.0013667220759481752,0,0,0,7,0,0.8571428571428571,0.336283185840708,0.2974634226679752,0.039436985299387745,0.9397126511929669,0.5600220718757843,0.0,0.22180451127819548,0.03503106615926603
448,112,99.11504424778761,113,1,104,8,0,0.008849557522123894,1.1785556304581346,1.1745049640800573,1.8158560101784107,0.9237729567046744,0.3386749788063134,1.0113650256498556,6.884955752212389,6.321882890351117,0.36494088595639806,0.04909030634572305,0.00012817321858526974,0.0,0.04909030634572305,0.0017269193171052675,0,1,0,8,0,0.7777777777777778,0.35398230088495575,0.313193979710574,0.03338419414030503,0.9348886630272224,0.5668788423979426,0.008849557522123894,0.18640350877192982,0.035092700400092394
449,112,99.11504424778761,113,0,103,10,0,0.0,1.1907098271577974,1.1867029601587287,1.9269293766451052,0.9253906893271228,0.3230387197822633,1.0171322614426208,6.884955752212389,6.321882890351117,0.36939727106043185,0.042549983281498144,0.00014334669377577265,0.0,0.042549983281498144,3.4867855599884924e-05,0,0,0,10,0,0.8,0.336283185840708,0.32167042451409944,0.034470792426630335,0.9414522000246859,0.5746063902994539,0.0,0.18640350877192982,0.035204606964525806
450,112,99.11504424778761,113,0,103,10,0,0.0,1.1852057320327969,1.1812870688381745,1.8613688673362363,0.9266322417422977,0.329895958139897,1.0460402264893751,6.884955752212389,6.321882890351117,0.36878468438411893,0.03965364392478785,0.00021175214288436547,0.0,0.03965364392478785,-0.0035186507080533476,0,0,0,10,0,0.8,0.34513274336283184,0.3175717433191422,0.03773546983971386,0.9467541740633274,0.5729197174879936,0.0,0.18640350877192982,0.03521633123375565
451,112,99.11504424778761,113,0,103,10,0,0.0,1.202729979511185,1.198396678808799,2.213783427500031,0.9286606242720341,0.3081993231964356,1.0117768346099194,6.884955752212389,6.321882890351117,0.3750279052147525,0.04328422865343812,0.00016071966767402995,0.0,0.04328422865343812,0.0022578929448751144,0,0,0,10,0,0.8,0.336283185840708,0.3414371281132445,0.038838998941962466,0.9469510009930282,0.5742338522309864,0.0,0.15100250626566417,0.03536806845519672
452,111,98.23008849557522,113,1,101,11,0,0.008849557522123894,1.2186870210129814,1.2172779880860274,2.527508503024887,0.9313711684808057,0.29281938860584333,1.0411380537698158,6.884955752212389,6.321882890351117,0.3786862346477706,0.04333783466205283,0.00017376217754966488,0.0,0.04333783466205283,0.0009391345459087592,0,1,0,11,0,0.8333333333333334,0.336283185840708,0.3576129151375972,0.03984452399216377,0.9502016226032752,0.5765488762075762,0.008849557522123894,0.16854636591478697,0.035533532377990576
453,111,98.23008849557522,113,1,101,11,0,0.008849557522123894,1.2391969344637577,1.236134017327383,2.7893383418017037,0.935092025642881,0.28228012793848767,1.0353520222628296,6.884955752212389,6.321882890351117,0.3838015776131043,0.09708387321537311,5.458998284081898e-05,0.0,0.09708387321537311,0.03318922666932287,0,1,0,11,0,0.5,0.336283185840708,0.37285112942718546,0.03527705612263916,0.9463218064596803,0.5861401036755214,0.008849557522123894,0.15601503759398497,0.03575369606139627
454,111,98.23008849557522,113,0,107,6,0,0.0,1.2411197890658554,1.2379936146065225,2.9885950383155038,0.9385882080690854,0.2741691253627918,1.0232927894758979,6.884955752212389,6.321882890351117,0.3859333331884054,0.007571643924657992,0.0001717700786316482,0.0,0.007571643924657992,-0.0013215883251070555,0,0,0,6,0,1.0,0.336283185840708,0.3845691417965825,0.031171868086591278,0.9443772432604435,0.5908363577647494,0.0,0.18640350877192982,0.035873822613715606
455,111,98.23008849557522,113,0,107,6,0,0.0,1.2419477291386973,1.2388437446958596,2.9902062970331316,0.9419063613196028,0.27649819306490536,1.0000889653578053,6.884955752212389,6.321882890351117,0.38741124471103694,0.004204181809904626,0.00016055056792933328,0.0,0.004204181809904626,-0.009090848008030833,0,0,0,6,0,1.0,0.37168141592920356,0.38510091660541484,0.033594923937290355,0.944642035508826,0.5946751988349402,0.0,0.18640350877192982,0.035982847195389855
456,111,98.23008849557522,113,0,107,6,0,0.0,1.2438916948937981,1.2406755023116522,2.779051160059277,0.9451073860645446,0.2915254502423002,1.0224482326352375,6.884955752212389,6.321882890351117,0.3849842531112502,0.008039181163137045,0.00014919648683802623,0.0,0.008039181163137045,-0.006272500010452865,0,0,0,6,0,1.0,0.3274336283185841,0.37241430170547346,0.0363771707142704,0.9323845905280919,0.5946763004369497,0.0,0.15601503759398497,0.03609374954199855
457,112,99.11504424778761,113,0,106,7,0,0.0,1.2446997641621516,1.2417452871502976,2.683128164799338,0.9481601502095622,0.3012662379742807,1.0744438176928102,6.884955752212389,6.321882890351117,0.3838686346405573,0.007288347034797585,0.0002166389809466092,0.0,0.007288347034797585,-0.010717120064330945,0,0,0,7,0,1.0,0.3185840707964602,0.36700626084693416,0.036690238033751606,0.9369147951316907,0.5978829199159974,0.0,0.15601503759398497,0.036194285975423644
458,113,100.0,113,0,107,6,0,0.0,1.2417414048832995,1.2388575681110232,2.8073338995674297,0.9508738756077211,0.3099772194435835,1.1104181815757823,6.884955752212389,6.321882890351117,0.3813786990803665,0.008722317148538234,0.0001973968941076139,0.0,0.008722317148538234,-0.004637436792896271,0,0,0,6,0,1.0,0.3185840707964602,0.3710499929201978,0.033953122811697364,0.9341911885672692,0.5895665041842852,0.0,0.18671679197994986,0.03626527344984804
459,113,100.0,113,0,106,7,0,0.0,1.252834700034745,1.2497127495048868,3.010824897897003,0.9539650439484467,0.308749737638769,1.1120238116907974,6.884955752212389,6.321882890351117,0.38581893844485493,0.012675571296796407,0.00022935935795419894,0.0,0.012675571296796407,-0.003776093352909214,0,0,0,7,0,1.0,0.3185840707964602,0.3815973539341444,0.038812016661867114,0.9464299247072389,0.5912003101036359,0.0,0.18671679197994986,0.03641844994682741
460,113,100.0,113,0,107,6,0,0.0,1.268358823252997,1.2650037453606606,3.2258136890094766,0.9576341353273444,0.2971800359598894,1.0879455710916945,6.884955752212389,6.321882890351117,0.3908136809306779,0.011373138073800776,0.00019907142446429473,0.0,0.011373138073800776,-0.003139271392783897,0,0,0,6,0,1.0,0.30973451327433627,0.393568983731408,0.03530907926682302,0.956475587895888,0.6019152804216171,0.0,0.18170426065162906,0.03661204839297561
461,113,100.0,113,0,108,5,0,0.0,1.2777957853443314,1.274457542171279,3.1883274281358163,0.9615493974165756,0.2975664377319674,1.0882233513643458,6.884955752212389,6.321882890351117,0.39204575629188065,0.007140991970908006,0.00023843313720933856,0.0,0.007140991970908006,-0.011686211148135894,0,0,0,5,0,1.0,0.336283185840708,0.3911703503927347,0.04110188283175803,0.952027575676351,0.6071180505343887,0.0,0.21710526315789472,0.03678299234549804
462,113,100.0,113,0,105,8,0,0.0,1.2861540006170205,1.2826361046412913,3.55202715525979,0.9656307725348499,0.29183048610213647,1.0891015616991226,6.884955752212389,6.321882890351117,0.39441477830446847,0.01356366880686546,0.00020036815274685518,0.0,0.01356366880686546,0.001227318877727153,0,0,0,8,0,1.0,0.3274336283185841,0.4102567785935269,0.037395651924107626,0.9544390055987254,0.6059641164725718,0.0,0.21710526315789472,0.0369537932995081
463,112,99.11504424778761,113,1,106,6,0,0.008849557522123894,1.2825218551099782,1.2847016923993613,3.488241048059721,0.9692525037924492,0.31242151419030556,1.040880334420318,6.884955752212389,6.321882890351117,0.39299852820468306,0.04201390956431351,0.0001628101851773694,0.0,0.04201390956431351,-0.0018231631052441713,0,1,0,6,0,0.8571428571428571,0.336283185840708,0.4026530371701601,0.04957364338338152,0.941208674964081,0.584764051551871,0.008849557522123894,0.23934837092731828,0.03705011337632722
464,111,98.23008849557522,113,1,105,5,2,0.008849557522123894,1.2805635802365938,1.2785115633618023,3.1312038311042194,0.9728361819997438,0.35201659694477855,1.1540736282502901,6.884955752212389,6.321882890351117,0.38729720422954395,0.24116197259293082,0.00015440989388689126,0.375,0.16937787833761353,0.021120700869999592,0,3,0,5,0,0.5,0.3185840707964602,0.38452672536427734,0.06666002402022883,0.944058460033697,0.5881481985393551,0.008849557522123894,0.23934837092731828,0.037153599971676395
465,111,98.23008849557522,113,0,108,5,0,0.0,1.2801218525473448,1.278386676729494,2.9107989321979155,0.9759891047297089,0.35632200382527085,1.1925327637731566,6.884955752212389,6.321882890351117,0.38730799526279847,0.00798577259754019,0.0002717948107600671,0.0,0.00798577259754019,-0.013785975938501126,0,0,0,5,0,1.0,0.3274336283185841,0.37288948565470087,0.07365890732426253,0.9415587469865904,0.5885627199843949,0.0,0.20394736842105263,0.037251053374535985
466,111,98.23008849557522,113,0,107,6,0,0.0,1.2892683585169402,1.2873337824221474,2.9785686641519122,0.9793952038122351,0.3548531033051603,1.1833692401113465,6.884955752212389,6.321882890351117,0.3884052245762133,0.006935757245743787,0.0002590741197761712,0.0,0.006935757245743787,-0.012459404237078642,0,0,0,6,0,1.0,0.336283185840708,0.37542909093948146,0.07302307009993815,0.9519997302075851,0.5941304746818236,0.0,0.20394736842105263,0.03740445070194728
467,111,98.23008849557522,113,0,106,7,0,0.0,1.300598375669794,1.2988715364948082,3.129960640414749,0.9831694959401545,0.35137535964891936,1.0951465115987646,6.884955752212389,6.321882890351117,0.3890496111151751,0.005185718471348819,0.00025500744396638803,0.0,0.005185718471348819,-0.011539300834513695,0,0,0,7,0,1.0,0.3185840707964602,0.3799087094651639,0.0731549627423305,0.9504080250340787,0.589793293217384,0.0,0.20394736842105263,0.03758040395184495
468,112,99.11504424778761,113,0,106,7,0,0.0,1.3052830313683519,1.3037434828918566,2.9470685540181774,0.986951580736369,0.35764460384340324,1.109466416001669,6.884955752212389,6.321882890351117,0.3883449428782402,0.005624247617673638,0.00026564670685002293,0.0,0.005624247617673638,-0.007046101174754785,0,0,0,7,0,1.0,0.30973451327433627,0.37008813094951626,0.08193555428438262,0.9493915712961919,0.5882768164309653,0.0,0.23934837092731828,0.037723376716152966
469,113,100.0,113,0,107,6,0,0.0,1.3206593578971442,1.3190809697008994,2.9746039281402803,0.9912702609244658,0.34512392362246014,1.0901164211593475,6.884955752212389,6.321882890351117,0.3917851872769367,0.007909015178794632,0.00023105880879184447,0.0,0.007909015178794632,-0.007180032418735743,0,0,0,6,0,1.0,0.30973451327433627,0.3713809133792077,0.08594847914777272,0.9528546471046555,0.5917934996539459,0.0,0.23934837092731828,0.03793676930074706
470,113,100.0,113,0,106,7,0,0.0,1.3243373122974451,1.322663838453968,2.9327853484241664,0.9954971230220093,0.34921578880283816,1.0947146775723984,6.884955752212389,6.321882890351117,0.39024262526232634,0.0050634572832229776,0.0001964185830243739,0.0,0.0050634572832229776,-0.007200357758923296,0,0,0,7,0,1.0,0.2920353982300885,0.36657145632184945,0.09046371747060866,0.9635855890196335,0.5859752922050572,0.0,0.20394736842105263,0.038088767708620234
471,113,100.0,113,0,106,7,0,0.0,1.338943824181378,1.3373120121471882,3.2638826212128236,1.0001976001569777,0.3367434935246001,1.0848961313301635,6.884955752212389,6.321882890351117,0.3944463887534191,0.006845849450410812,0.00021752549870695937,0.0,0.006845849450410812,-0.0028330163554324272,0,0,0,7,0,1.0,0.30973451327433627,0.3819328966838094,0.08450547650252939,0.955063896057952,0.5915909660056872,0.0,0.23934837092731828,0.038310379597920115
472,113,100.0,113,0,105,8,0,0.0,1.341378337329199,1.33990292637263,3.1193056563072514,1.0047319542826836,0.3424018168406799,1.0840868173257023,6.884955752212389,6.321882890351117,0.3954554995504451,0.01739169799187972,0.00020499886697709273,0.0,0.01739169799187972,-0.0034589562389083714,0,0,0,8,0,0.875,0.34513274336283184,0.3757438410886243,0.09266731239777883,0.9588571528647345,0.5951083619487028,0.0,0.20394736842105263,0.03846588044248969
473,113,100.0,113,0,106,7,0,0.0,1.3453689422842308,1.3441582394535398,3.058240070586131,1.0091948645784026,0.35149164229530133,1.0968626795443541,6.884955752212389,6.321882890351117,0.3936363853122826,0.009586352251420778,0.00022960371542136095,0.0,0.009586352251420778,-0.0018308440636788461,0,0,0,7,0,1.0,0.3008849557522124,0.3697318525006085,0.09528648432049727,0.9599221826020642,0.5930897067710538,0.0,0.20394736842105263,0.038626903448463236
474,113,100.0,113,0,107,6,0,0.0,1.3327957033159423,1.3315588302112125,2.856283096757497,1.012738418993984,0.36735646515035014,1.1130009195101267,6.884955752212389,6.321882890351117,0.38819892102639586,0.006393278949072083,0.00024969740355556847,0.0,0.006393278949072083,-0.008905657589848681,0,0,0,6,0,1.0,0.2920353982300885,0.35799580862543684,0.10062761721577046,0.9506629956426748,0.5838860504101396,0.0,0.20394736842105263,0.038676046933776256
475,113,100.0,113,0,106,7,0,0.0,1.3553934356107282,1.3538987318063938,3.330704704040081,1.0171877959825906,0.34652458961063626,1.0999581904403624,6.884955752212389,6.321882890351117,0.3955548521733083,0.010254773889488132,0.0002502923400897141,0.0,0.010254773889488132,-0.008161550967201827,0,0,0,7,0,1.0,0.2920353982300885,0.3813262089292412,0.09420182286406993,0.9522237292716043,0.5905402773276132,0.0,0.20394736842105263,0.03892967779653515
476,113,100.0,113,0,107,6,0,0.0,1.3512092218710152,1.349598597433536,3.1476091446997727,1.021138409001283,0.3575862194443739,1.1101654271052466,6.884955752212389,6.321882890351117,0.3945877074052846,0.00647604792432175,0.00032601240189959513,0.0,0.00647604792432175,-0.010372556504164548,0,0,0,6,0,1.0,0.3185840707964602,0.3726054481347064,0.09380812129952984,0.9496793086111428,0.5902273862020464,0.0,0.20394736842105263,0.03903363329208293
477,113,100.0,113,0,105,8,0,0.0,1.3614176231235524,1.3598369655924738,3.2643711967524838,1.0253570750073955,0.3432210226311747,1.0914537403480773,6.884955752212389,6.321882890351117,0.39989198199522136,0.01114103587420654,0.00029608281098750884,0.0,0.01114103587420654,-0.010575428959791897,0,0,0,8,0,1.0,0.336283185840708,0.3793958743219669,0.09232981403384259,0.9441562952318798,0.5990031813838449,0.0,0.23934837092731828,0.039218024860566365
478,113,100.0,113,0,106,7,0,0.0,1.3616239435181605,1.3597927130352934,3.1873136059683236,1.0293068038131938,0.34018462902050356,1.0854163906004015,6.884955752212389,6.321882890351117,0.4001515580378969,0.006016101719108237,0.00023623509937508117,0.0,0.006016101719108237,-0.004298846161686409,0,0,0,7,0,1.0,0.336283185840708,0.37689896290457336,0.0933722833342402,0.9363245033632497,0.6019661730993172,0.0,0.27474937343358397,0.03934390507733392
479,113,100.0,113,0,107,6,0,0.0,1.3706259544564394,1.3687600281092214,3.1426628303685753,1.0334603579153092,0.3417807905133746,1.088009382690047,6.884955752212389,6.321882890351117,0.3982230516105272,0.006258717523791328,0.00020696195363622766,0.0,0.006258717523791328,-0.00709541718010262,0,0,0,6,0,1.0,0.336283185840708,0.37230814009989044,0.09164445068074703,0.9225194001473901,0.6024420312006529,0.0,0.3101503759398496,0.039520206545086874
480,113,100.0,113,0,107,6,0,0.0,1.3880824238674758,1.3860714111011543,3.269148190607863,1.0382268534788617,0.3336039781484886,1.0748833330286294,6.884955752212389,6.321882890351117,0.40166982360700754,0.006501041307028226,0.00028926081204013544,0.0,0.006501041307028226,-0.004949490884765558,0,0,0,6,0,1.0,0.336283185840708,0.37641703202812393,0.09267081645931234,0.9376901129996866,0.6093598969712934,0.0,0.27474937343358397,0.03975815502589284
481,113,100.0,113,0,106,7,0,0.0,1.3734233587671167,1.3715338693088448,3.1160150375853486,1.041956779681116,0.3532454754838004,1.0982404683246616,6.884955752212389,6.321882890351117,0.39766425775200465,0.010205914805396177,0.0003062233999880413,0.0,0.010205914805396177,-0.0038346346032587636,0,0,0,7,0,0.8571428571428571,0.336283185840708,0.369352038818836,0.09313665333474648,0.9358616529793032,0.6033400336818047,0.0,0.23934837092731828,0.03980276048359256
482,113,100.0,113,0,108,5,0,0.0,1.3632361092922485,1.3613420723027112,2.885228590885865,1.0449354535400472,0.36812201638436143,1.1220753959927308,6.884955752212389,6.321882890351117,0.3935374456078149,0.033279798810918484,0.00026336506124919186,0.0,0.033279798810918484,-0.010617573621837028,0,0,0,5,0,0.8,0.336283185840708,0.35773088453631974,0.09823155053641469,0.9445585236955465,0.5976998729987021,0.0,0.23934837092731828,0.03984597837274179
483,113,100.0,113,0,109,4,0,0.0,1.3742449706991895,1.3720324104240005,2.761959643648132,1.0482664836512197,0.3703478849785433,1.1161195163318236,6.884955752212389,6.321882890351117,0.3906432672594762,0.007605934470374198,0.0002828442763184731,0.0,0.007605934470374198,-0.01865827671106278,0,0,0,4,0,1.0,0.34513274336283184,0.3472717011763764,0.09933869059782754,0.9408116268385085,0.5965843404472424,0.0,0.19924812030075187,0.04000631459111183
484,113,100.0,113,0,105,8,0,0.0,1.3853275839764976,1.3833280766835276,3.160840597710516,1.051958208973811,0.3577200012659142,1.1222012243284925,6.884955752212389,6.321882890351117,0.3970798168571916,0.011029239325169566,0.00024341812579569007,0.0,0.011029239325169566,-0.0037180189733846195,0,0,0,8,0,1.0,0.35398230088495575,0.36910774348158853,0.08518114743388135,0.9338267478307327,0.6112522167638156,0.0,0.2700501253132832,0.040178420933262196
485,113,100.0,113,0,106,7,0,0.0,1.3672326607695617,1.365513321883307,2.8365340970576405,1.0545155653963365,0.3864280888908515,1.1558324927043981,6.884955752212389,6.321882890351117,0.38825405396094936,0.006315342782859973,0.0002736301970098868,0.0,0.006315342782859973,-0.009999522756384953,0,0,0,7,0,1.0,0.336283185840708,0.35034698834343,0.08516253375589128,0.9355685298832139,0.5997264773317378,0.0,0.2700501253132832,0.04016878285628798
486,113,100.0,113,0,108,5,0,0.0,1.3616445417781562,1.360078355449959,2.8188000490064637,1.0566363749703038,0.38039633731723405,1.1431950652776968,6.884955752212389,6.321882890351117,0.3895420150268116,0.00530331070506736,0.00035363733061272265,0.0,0.00530331070506736,-0.02047908833277583,0,0,0,5,0,1.0,0.3274336283185841,0.3515076921314447,0.08699768392027755,0.9559877303498228,0.6017221647017675,0.0,0.19924812030075187,0.04020787981012774
487,113,100.0,113,0,107,6,0,0.0,1.371464620214548,1.3700683368316386,3.0115724535859565,1.0591283533856521,0.38132605558901067,1.1630367178004895,6.884955752212389,6.321882890351117,0.38906302260855297,0.0119600172389928,0.00026065625507549404,0.0,0.0119600172389928,-0.012073176960550483,0,0,0,6,0,0.8333333333333334,0.3008849557522124,0.3585791644351721,0.08590707828768365,0.9480107471877169,0.5955859060850633,0.0,0.23464912280701752,0.04033575018084527
488,113,100.0,113,0,105,8,0,0.0,1.3711617815453216,1.3700205432467951,2.9773440122261436,1.0614603746803588,0.37147495569035766,1.1501863112119606,6.884955752212389,6.321882890351117,0.38757263131346376,0.0118487656188575,0.0002706747876709657,0.0,0.0118487656188575,-0.011712153430533612,0,0,0,8,0,0.875,0.3185840707964602,0.3551519211722712,0.08269743276280472,0.956728625421922,0.5976558790662652,0.0,0.23464912280701752,0.04040794981511384
489,113,100.0,113,0,105,8,0,0.0,1.3675823450082414,1.3664119316732717,2.8964393510805433,1.0634624625617193,0.3778412489042712,1.144884921823009,6.884955752212389,6.321882890351117,0.3865750142838147,0.012890111773270534,0.00029865959743991465,0.0,0.012890111773270534,-0.012444906570925514,0,0,0,8,0,0.875,0.3185840707964602,0.3503332813331261,0.08013050363554636,0.9572906410912128,0.6015364692943833,0.0,0.23464912280701752,0.0404533374580392
490,113,100.0,113,0,105,8,0,0.0,1.380083012745478,1.3788979355413666,3.1038849832918656,1.065969461225639,0.3600207759099951,1.0855757363913765,6.884955752212389,6.321882890351117,0.39032685554896474,0.013617964111592919,0.00028723497674448573,0.0,0.013617964111592919,-0.015245983402858841,0,0,0,8,0,0.875,0.3185840707964602,0.35913332034602174,0.07146107730819577,0.9526630693270168,0.6081494792111093,0.0,0.23464912280701752,0.04059508555652322
491,113,100.0,113,0,106,7,0,0.0,1.3621429754013912,1.361234848922346,2.9923960293706444,1.0674246586492622,0.36514830524114283,1.0926541370043252,6.884955752212389,6.321882890351117,0.3919671176129249,0.012761190475372235,0.00029790548639028954,0.0,0.012761190475372235,-0.019508451438366665,0,0,0,7,0,0.8571428571428571,0.34513274336283184,0.35879173679432863,0.07696843516292212,0.940701380149578,0.6094904054360926,0.0,0.2700501253132832,0.040551383308275214
492,113,100.0,113,0,106,7,0,0.0,1.3569913074256992,1.3565514376200853,3.053747765950704,1.0685509963736985,0.3752752500755073,1.2007300421588145,6.884955752212389,6.321882890351117,0.3928266283493269,0.0162046653991837,0.00027643448565885356,0.0,0.0162046653991837,-0.01580484770617471,0,0,0,7,0,0.8571428571428571,0.3185840707964602,0.36373840957681447,0.0818400273033255,0.9490869761956439,0.6051777335576753,0.0,0.2700501253132832,0.040561227844341116
493,113,100.0,113,0,105,8,0,0.0,1.3606713643882524,1.3603983674889288,2.726605324097975,1.069800687067192,0.37887479075362585,1.1782518926880379,6.884955752212389,6.321882890351117,0.3922108035605709,0.04319113111448119,0.00037719626530007184,0.0,0.04319113111448119,-0.021377932610459748,0,0,0,8,0,0.75,0.3185840707964602,0.3478188904502488,0.08659716985438647,0.9658267590278455,0.609953059454201,0.0,0.19924812030075187,0.04061913012022101
494,113,100.0,113,0,105,8,0,0.0,1.370189026780305,1.3696787393543743,3.028169855890231,1.0714407291714496,0.3618787123996151,1.125899153691407,6.884955752212389,6.321882890351117,0.393311239956869,0.07496858735626477,0.00036276369272244326,0.0,0.07496858735626477,-0.016356843188818325,0,0,0,8,0,0.625,0.30973451327433627,0.3599678950237497,0.08531411690885254,0.9522796457904897,0.6049690298667221,0.0,0.23464912280701752,0.04071855920277309
495,113,100.0,113,0,103,10,0,0.0,1.3605270196205044,1.3598812648788547,2.879848985086597,1.0724815818444797,0.37536509538087637,1.1332153908596332,6.884955752212389,6.321882890351117,0.3901306557336712,0.048722766297128565,0.0003183544033370929,0.0,0.048722766297128565,-0.010500432701634787,0,0,0,10,0,0.7,0.336283185840708,0.351912351732492,0.08701593492215359,0.9610058085714146,0.6009831671468714,0.0,0.23464912280701752,0.04070314991049911
496,113,100.0,113,0,104,9,0,0.0,1.3546628691098836,1.3540750191005884,2.882033019539783,1.0731629817837176,0.37403664409477944,1.1547116752201232,6.884955752212389,6.321882890351117,0.39046030787659025,0.08564886749537785,0.000518525035326721,0.0,0.08564886749537785,-0.023954283215360014,0,0,0,9,0,0.5555555555555556,0.3274336283185841,0.35347566166677685,0.08722059887978349,0.9584918032720546,0.6047622375893105,0.0,0.23464912280701752,0.04069536781103278
497,111,98.23008849557522,113,2,102,9,0,0.017699115044247787,1.363372401043654,1.3595522081308717,2.7465568831798963,1.0742386810289346,0.37797132656225935,1.1574201086010756,6.884955752212389,6.321882890351117,0.39360510083896183,0.06747353419158106,0.0004265120914212261,0.0,0.06747353419158106,-0.0167539018770176,0,2,0,9,0,0.6363636363636364,0.336283185840708,0.34932465892160286,0.09329679443496233,0.9506838619480964,0.6077120047591124,0.017699115044247787,0.2521929824561403,0.04077291769396914
498,110,97.34513274336283,113,1,102,9,1,0.008849557522123894,1.363245280776808,1.3558304058849577,2.7297534857901384,1.0750826367550792,0.4135369944272657,1.220682392039219,6.884955752212389,6.321882890351117,0.3906967539642827,0.2642760416045598,0.00015513040504761387,0.2727272727272727,0.10349926444728763,0.027120444131114304,0,2,0,9,0,0.6363636363636364,0.3274336283185841,0.3474932134500676,0.09763026394252634,0.9433328087691139,0.5882476151547934,0.008849557522123894,0.2700501253132832,0.04079895903896154
499,110,97.34513274336283,113,0,107,6,0,0.0,1.3689869465606388,1.3614415048463393,2.957432461716737,1.07597216153054,0.3990626895250189,1.1806948524733556,6.884955752212389,6.321882890351117,0.394065631561324,0.0018777988083989233,0.00016685585305244958,0.0,0.0018777988083989233,-0.011387381291683965,0,0,0,6,0,1.0,0.34513274336283184,0.35948447129173805,0.09721163456650524,0.9544852321201343,0.5913555650090672,0.0,0.23464912280701752,0.040855784725173344
500,110,97.34513274336283,113,0,107,6,0,0.0,1.3797161652415713,1.3719637889035101,3.2211985495570374,1.0773376167718025,0.3856810644321255,1.20341764151144,6.884955752212389,6.321882890351117,0.3967363927205292,0.0020697736676411286,0.0001892922360200801,0.0,0.0020697736676411286,-0.012345265692217841,0,0,0,6,0,1.0,0.34513274336283184,0.3707460349825537,0.08896451353550335,0.9578812271476875,0.592058106146779,0.0,0.23464912280701752,0.040952592059214386
501,110,97.34513274336283,113,0,105,8,0,0.0,1.3734560838115295,1.365898840159115,3.25885838488735,1.0783100143662083,0.3976980182960845,1.2115096350726489,6.884955752212389,6.321882890351117,0.39237372019305705,0.057488954488684,0.000247137450006325,0.0,0.057488954488684,-0.015264057549641469,0,0,0,8,0,0.75,0.35398230088495575,0.3695202684954084,0.08725265591538447,0.941869532037356,0.581769164777062,0.0,0.2700501253132832,0.04095202857063764
502,112,99.11504424778761,113,0,105,8,0,0.0,1.3879909893741191,1.380187669129188,3.345676098447836,1.0799435965505795,0.3793799695574821,1.1671248711808087,6.884955752212389,6.321882890351117,0.3927025904666126,0.021558198793990388,0.00021952906281784797,0.0,0.021558198793990388,-0.013632987660741017,0,0,0,8,0,0.875,0.35398230088495575,0.3706735094022301,0.08677350008075001,0.9534922073948259,0.5840730963757337,0.0,0.23464912280701752,0.041076339674757385
503,113,100.0,113,0,103,10,0,0.0,1.3934548399220088,1.385627788551749,3.362565483572025,1.081749039965529,0.36945810804079954,1.1581205963981058,6.884955752212389,6.321882890351117,0.3937249875417903,0.01791491502833433,0.00021810313933601474,0.0,0.01791491502833433,-0.00686077093866837,0,0,0,10,0,0.9,0.35398230088495575,0.37147604956075064,0.08722454017899003,0.9545709700592069,0.5869630291829888,0.0,0.2700501253132832,0.04116072793666917
504,113,100.0,113,0,107,6,0,0.0,1.3785242484205036,1.3708112360459188,3.0596031231267276,1.0826909972838887,0.39253549765404594,1.2300866773162649,6.884955752212389,6.321882890351117,0.3880061890330695,0.027364609024737196,0.00022747874200206668,0.0,0.027364609024737196,-0.015151342312297839,0,0,0,6,0,0.8333333333333334,0.34513274336283184,0.3568253434895403,0.0973058927786914,0.9393761423638964,0.5734070370124994,0.0,0.30545112781954886,0.04111584969843354
505,113,100.0,113,0,106,7,0,0.0,1.3720227184328244,1.3645712391797618,2.755394391961105,1.0832578169283125,0.4045246404787828,1.2345726746280703,6.884955752212389,6.321882890351117,0.38193233874484234,0.02246407049539788,0.0002556302709690182,0.0,0.02246407049539788,-0.014177426875816182,0,0,0,7,0,0.8571428571428571,0.34513274336283184,0.3386421336735034,0.09898984781153464,0.9399517419399365,0.5703274720821373,0.0,0.30545112781954886,0.04110125888555513
506,113,100.0,113,0,106,7,0,0.0,1.3812941398333112,1.3741285641596386,2.812259940756139,1.0842721652127594,0.4074187360096892,1.2341324110926353,6.884955752212389,6.321882890351117,0.3829331956308337,0.028825960545081148,0.00020710477665250294,0.0,0.028825960545081148,-0.014709969535993564,0,0,0,7,0,0.8571428571428571,0.30973451327433627,0.3406952079219842,0.09545227621220662,0.930830796465176,0.572389410981065,0.0,0.30545112781954886,0.04117967894787907
507,113,100.0,113,0,106,7,0,0.0,1.39753954285888,1.3902427589556265,3.0722177321788955,1.0860373640055432,0.38472853238018373,1.2093202172863242,6.884955752212389,6.321882890351117,0.3864328480402657,0.03072816362725946,0.00018082364263958777,0.0,0.03072816362725946,-0.009141298314435664,0,0,0,7,0,0.8571428571428571,0.3274336283185841,0.35279628036459376,0.0920129064061102,0.9428068457493887,0.5768957641607212,0.0,0.2700501253132832,0.04131670286323776
508,112,99.11504424778761,113,1,103,9,0,0.008849557522123894,1.3940762496898162,1.387503977055645,2.792922745351715,1.0875140881687417,0.40038378279217857,1.171797464938185,6.884955752212389,6.321882890351117,0.3831072533850557,0.031048516720340334,0.00019871898657485915,0.0,0.031048516720340334,-0.005681808342451378,0,1,0,9,0,0.8,0.336283185840708,0.33856573609906115,0.09945099719360981,0.939138511872892,0.5757362949976678,0.008849557522123894,0.27005012531328315,0.0413460647834979
509,112,99.11504424778761,113,0,101,12,0,0.0,1.3786808535305772,1.372833035460489,2.2160927555133494,1.0881938385241356,0.42795290616460385,1.1796566337184073,6.884955752212389,6.321882890351117,0.3712734566055744,0.023508569573024617,0.0001631415779816297,0.0,0.023508569573024617,0.0014131750422127914,0,0,0,12,0,0.8333333333333334,0.30973451327433627,0.30315020080888083,0.11078671378594519,0.9435635172257574,0.5647444671470567,0.0,0.2700501253132832,0.04129057431340908
510,112,99.11504424778761,113,1,103,9,0,0.008849557522123894,1.3771354347127653,1.3702996270623318,2.0587908926274388,1.0887663198511568,0.42928607601016144,1.2184484286806943,6.884955752212389,6.321882890351117,0.3710969318154831,0.02103180849984259,0.0001287042567351698,0.0,0.02103180849984259,-0.0005111590467343496,0,1,0,9,0,0.9,0.336283185840708,0.2959714261007521,0.1227621679113268,0.9498656583189506,0.56286303644869,0.008849557522123894,0.28790726817042606,0.04130094301885173
511,112,99.11504424778761,113,0,107,6,0,0.0,1.370755163276788,1.3641963642523602,1.8187549851878526,1.0889301053945502,0.4409930697034341,1.1719806130838755,6.884955752212389,6.321882890351117,0.36576296973095657,0.00014555085619601666,0.00023248221716214013,0.0,0.00014555085619601666,-0.01164662891158072,0,0,0,6,0,1.0,0.336283185840708,0.279509514852534,0.13460682442074118,0.9463591351983622,0.5553961093724376,0.0,0.28790726817042606,0.04127421882679417
512,112,99.11504424778761,113,0,106,7,0,0.0,1.3585103474787714,1.3523929853403216,1.6385472021865795,1.0884865799741608,0.4484400684295592,1.167102810879001,6.884955752212389,6.321882890351117,0.3639142319642379,0.0009735352934054939,0.0002197692224807552,0.0,0.0009735352934054939,-0.006984684705552365,0,0,0,7,0,1.0,0.336283185840708,0.2697230093925136,0.1360704666772101,0.9484580973985461,0.5600746663535225,0.0,0.287907268170426,0.04119897516897111
513,112,99.11504424778761,113,0,104,9,0,0.0,1.3677367421067863,1.361521965156354,1.768785240724798,1.0885327924418795,0.4539672145192771,1.2516133652379626,6.884955752212389,6.321882890351117,0.36242632029275623,0.0037029504953540637,0.00020859680892095324,0.0,0.0037029504953540637,-0.006175523849094379,0,0,0,9,0,1.0,0.3274336283185841,0.2748459145699085,0.12313802655432236,0.9412243079548671,0.5566203703550181,0.0,0.287907268170426,0.04124656789115615
514,112,99.11504424778761,113,0,104,9,0,0.0,1.3733870956230592,1.36706893334975,1.7954916541881616,1.08885662167803,0.4423896757090126,1.209632499856508,6.884955752212389,6.321882890351117,0.36449162416793746,0.006135102408750877,0.0002083032114853562,0.0,0.006135102408750877,-0.007353689733802188,0,0,0,9,0,1.0,0.30973451327433627,0.2779588813368258,0.12576269786077482,0.9463053330717301,0.5597727165076484,0.0,0.287907268170426,0.04128505571127458
515,113,100.0,113,0,103,10,0,0.0,1.3801407144937596,1.3738729660362716,1.8937242085363106,1.0895040931917166,0.43055641472070444,1.2020456612177568,6.884955752212389,6.321882890351117,0.36832732883722286,0.004379062680867664,0.00020723678065566733,0.0,0.004379062680867664,-0.006619163413895901,0,0,0,10,0,1.0,0.3185840707964602,0.2857234458639625,0.1252194044912198,0.9391371836495063,0.5651345211885843,0.0,0.28790726817042606,0.04133929000104991
516,113,100.0,113,0,103,10,0,0.0,1.3901558471425743,1.3833027804317033,2.112212364452004,1.0905875457728447,0.4204626917383714,1.206807790060183,6.884955752212389,6.321882890351117,0.37040909206245765,0.00799922031450762,0.0002440176790608988,0.0,0.00799922031450762,-0.006702678465111645,0,0,0,10,0,1.0,0.3008849557522124,0.29805012515148793,0.1272001051119922,0.9322797922119577,0.5602791988619593,0.0,0.28790726817042606,0.041423612965969685
517,112,99.11504424778761,113,1,101,11,0,0.008849557522123894,1.3873147968136343,1.3793802696643513,1.9694922988904378,1.0914812114990304,0.4339864170864152,1.2126245390379686,6.884955752212389,6.321882890351117,0.3671156589994411,0.032580466646353716,0.0002712757673356888,0.0,0.032580466646353716,-0.004930279487587105,0,1,0,11,0,0.9166666666666666,0.3185840707964602,0.2888507283689138,0.12798500006915656,0.9343842310470567,0.5547531824937673,0.008849557522123894,0.28790726817042606,0.041437655964645326
518,112,99.11504424778761,113,0,107,6,0,0.0,1.3774929286326165,1.3696926790742883,2.015455204957084,1.0917513412409077,0.4438792004522752,1.2278644526348248,6.884955752212389,6.321882890351117,0.3678183581287804,0.0013776129433423526,0.0002044119370153567,0.0,0.0013776129433423526,-0.00467920275242073,0,0,0,6,0,1.0,0.3274336283185841,0.2928777302791208,0.11845473891295095,0.9296581651990798,0.5616272153994665,0.0,0.3233082706766917,0.041397085266706976
519,112,99.11504424778761,113,0,107,6,0,0.0,1.3681976667510583,1.3610610129966474,1.716218458073261,1.0915678466401197,0.45410912880744136,1.2158533842991721,6.884955752212389,6.321882890351117,0.3617136767816602,0.0014291562383532046,0.00022912697778428923,0.0,0.0014291562383532046,-0.006356644010260111,0,0,0,6,0,1.0,0.35398230088495575,0.27281412660688975,0.12569049522844758,0.9336678096848636,0.5566016697821874,0.0,0.28790726817042606,0.04134480880041322
520,112,99.11504424778761,113,0,106,7,0,0.0,1.3784746981068807,1.3703192131825255,2.0067710383893775,1.091864186411908,0.4443878819981594,1.2015236820110085,6.884955752212389,6.321882890351117,0.36850757281810864,0.04258882299154051,0.0002990943518703651,0.0,0.04258882299154051,-0.013013892176171429,0,0,0,7,0,0.8571428571428571,0.34513274336283184,0.292498203555052,0.1228027105575606,0.9336678096848636,0.5634607898496253,0.0,0.28790726817042606,0.04140556108385733
521,111,98.23008849557522,113,1,107,5,0,0.008849557522123894,1.3718822816852183,1.3630069579610036,1.8796893565462962,1.091821822739365,0.4437747451795818,1.211167465526839,6.884955752212389,6.321882890351117,0.3644104466614855,0.0002731551667545838,0.0002261403599060454,0.0,0.0002731551667545838,-0.01329052285684206,0,1,0,5,0,1.0,0.34513274336283184,0.28396593674712717,0.12665081415324633,0.929453248068132,0.5493911631150383,0.008849557522123894,0.287907268170426,0.041371259910865904
522,112,99.11504424778761,113,0,107,6,0,0.0,1.3646975160503154,1.3561379930270674,1.6378184295773797,1.0913848903350687,0.4509472918338563,1.206570666428052,6.884955752212389,6.321882890351117,0.3580342355949362,0.022037309651882813,0.00024528302347034953,0.0,0.022037309651882813,-0.005047688277359297,0,0,0,6,0,0.8333333333333334,0.35398230088495575,0.2667704430819903,0.14129811898507208,0.9171932924959407,0.5419815052336208,0.0,0.2913533834586466,0.041321524905236585
523,112,99.11504424778761,113,0,105,8,0,0.0,1.3608809252815166,1.3523084884468621,1.6444298115009126,1.0907819028498091,0.45069601118312325,1.1902237158555422,6.884955752212389,6.321882890351117,0.35847591625021025,0.01671751060360613,0.0002700031033921888,0.0,0.01671751060360613,-0.014422353406845216,0,0,0,8,0,0.875,0.35398230088495575,0.26760679091768885,0.14283088982765205,0.9232020577054995,0.5399692847405797,0.0,0.25595238095238093,0.0412833818700618
524,112,99.11504424778761,113,0,104,9,0,0.0,1.3671038947590475,1.3585594432191717,1.6671582509625205,1.0905331779593985,0.45142599311209036,1.1866131071011718,6.884955752212389,6.321882890351117,0.3608856496083699,0.04668919058671614,0.0002658989124689792,0.0,0.04668919058671614,-0.008064454264262937,0,0,0,9,0,0.7777777777777778,0.34513274336283184,0.27078118534920287,0.14185165640810987,0.9204124048145631,0.5418535371853311,0.0,0.25595238095238093,0.041306634669303996
525,112,99.11504424778761,113,0,107,6,0,0.0,1.3669607153864418,1.3583334319954905,1.7083655552755872,1.0902887466333744,0.45138873445743616,1.1881223739889333,6.884955752212389,6.321882890351117,0.3598935723379275,0.0001924551511308667,0.0002084811390423145,0.0,0.0001924551511308667,-0.0008373883149847087,0,0,0,6,0,1.0,0.336283185840708,0.2714173220657309,0.13690274167685354,0.9193382052897675,0.5427687636735083,0.0,0.25250626566416035,0.04129819244135168
526,113,100.0,113,0,108,5,0,0.0,1.375167125334638,1.3662245865080966,1.8933868891372576,1.0904588636071164,0.43926671840659326,1.1884247824630176,6.884955752212389,6.321882890351117,0.3646812713404286,0.0016072530817286142,0.00022608874823659215,0.0,0.0016072530817286142,-0.0040684001778005015,0,0,0,5,0,1.0,0.34513274336283184,0.2846833235867857,0.1342426809247664,0.9258458042971192,0.5462270151786245,0.0,0.25250626566416035,0.04134460178902095
527,113,100.0,113,0,108,5,0,0.0,1.386374416930232,1.3771670231271782,2.065206685292419,1.0911716404077287,0.42123231764367053,1.166924673008878,6.884955752212389,6.321882890351117,0.3702394371354334,0.0008514014811358802,0.00018186205246760613,0.0,0.0008514014811358802,-0.0053839362570262,0,0,0,5,0,1.0,0.336283185840708,0.29624612286018426,0.13582636040945756,0.9361421784462222,0.5515845980774251,0.0,0.25250626566416035,0.04142316870430107
528,113,100.0,113,0,107,6,0,0.0,1.3891811702384054,1.37980606496567,2.1161700465854634,1.0919728260013022,0.4220171834070583,1.165657082562721,6.884955752212389,6.321882890351117,0.37209654437942175,0.0017024191369740067,0.00023497794029951242,0.0,0.0017024191369740067,-0.0016872480366631564,0,0,0,6,0,1.0,0.336283185840708,0.3011628969572574,0.1406950762090752,0.9361421784462222,0.5531644470060133,0.0,0.25250626566416035,0.04146252747832198
529,113,100.0,113,0,107,6,0,0.0,1.3987090340554638,1.389054810919284,2.0823741285971815,1.0931911174903266,0.4199580001167405,1.158986434291581,6.884955752212389,6.321882890351117,0.3737363795845978,0.0009123868155223078,0.0002430186683789732,0.0,0.0009123868155223078,-0.003952911877552867,0,0,0,6,0,1.0,0.36283185840707965,0.29920129460583633,0.15249953353724294,0.9383341997031232,0.5536420139751075,0.0,0.287907268170426,0.04154867627800689
530,113,100.0,113,0,106,7,0,0.0,1.4036116152533151,1.393810249048403,2.229327462935848,1.0945728966017085,0.4257708771770542,1.1884960327777163,6.884955752212389,6.321882890351117,0.3737162636487581,0.001318600298605192,0.00024077129187503543,0.0,0.001318600298605192,-0.013952827525812212,0,0,0,7,0,1.0,0.36283185840707965,0.3054562441613557,0.13868200321874566,0.9310246961124133,0.552128578237011,0.0,0.287907268170426,0.041616866412608595
531,113,100.0,113,0,106,7,0,0.0,1.407838508246734,1.3982348114164314,2.1254570949884766,1.096091093776919,0.4260308891401714,1.1903512549742377,6.884955752212389,6.321882890351117,0.37275221723589524,0.0011054910926706193,0.00023250341584107092,0.0,0.0011054910926706193,-0.015218471335981143,0,0,0,7,0,1.0,0.34513274336283184,0.29835797310451734,0.13764654713110544,0.9421557734875278,0.5573039714676457,0.0,0.287907268170426,0.0416859902013064
532,113,100.0,113,0,105,8,0,0.0,1.4101859130058336,1.4002467851570228,2.3651155262498147,1.0976150680036005,0.4231811606653764,1.198956317162721,6.884955752212389,6.321882890351117,0.3774674333805903,0.0022098964079761796,0.0002573667072278417,0.0,0.0022098964079761796,-0.008539296636036316,0,0,0,8,0,1.0,0.34513274336283184,0.3139458405246639,0.13250410872257906,0.9261127181852068,0.5607427511431012,0.0,0.287907268170426,0.04174589915804687
533,113,100.0,113,0,103,10,0,0.0,1.412822400572699,1.4031756954984498,2.1470462021163876,1.0991908281897906,0.4337061436755217,1.2146756837897839,6.884955752212389,6.321882890351117,0.37755862512928884,0.0017855477109786349,0.00026567063441094963,0.0,0.0017855477109786349,-0.005776766600385258,0,0,0,10,0,1.0,0.34513274336283184,0.3029810505102788,0.1465270450926658,0.9253333670326893,0.5645448090804441,0.0,0.25250626566416035,0.04180889045268306
534,113,100.0,113,0,108,5,0,0.0,1.4301848063396971,1.4206456418075346,2.091563950121388,1.1015505142997108,0.43661571528235893,1.1871236079584204,6.884955752212389,6.321882890351117,0.3792263212277318,0.0010685909656194654,0.0001765873815251214,0.0,0.0010685909656194654,0.003151669994448525,0,0,0,5,0,1.0,0.34513274336283184,0.2989938248697858,0.153722359843606,0.9192580331883496,0.5673126962851284,0.0,0.25250626566416035,0.041970290777742565
535,113,100.0,113,0,108,5,0,0.0,1.4323901490718052,1.4227126006740114,2.1136581433609924,1.1038655603923264,0.4307087929574837,1.1731538811044162,6.884955752212389,6.321882890351117,0.3793760107108122,0.0014506249949489737,0.00023241039806913915,0.0,0.0014506249949489737,0.0008364667622937971,0,0,0,5,0,1.0,0.336283185840708,0.30133082018253665,0.15956161582176145,0.9219365307735773,0.5620293085034016,0.0,0.25250626566416035,0.042054494742819505
536,113,100.0,113,0,107,6,0,0.0,1.4432367531227381,1.433195815076941,2.2753949241356604,1.1065644412122677,0.43075240558028544,1.192451338255442,6.884955752212389,6.321882890351117,0.37910048826293363,0.001071778313663952,0.0002580438673228832,0.0,0.001071778313663952,0.0013389076148933958,0,0,0,6,0,1.0,0.3274336283185841,0.3076490125503158,0.1571429133397315,0.9195158435727494,0.5546624022532661,0.0,0.25250626566416035,0.04219403780546759
537,113,100.0,113,0,108,5,0,0.0,1.4405746274218465,1.4304643225426876,2.169541020320181,1.1089545565400822,0.437396540201949,1.2024067255109143,6.884955752212389,6.321882890351117,0.37687421891207595,0.0015351099087289617,0.000314060833940844,0.0,0.0015351099087289617,-0.00977352677190948,0,0,0,5,0,1.0,0.3274336283185841,0.30206140064144354,0.17248405563514932,0.917810854546723,0.5488622842060409,0.0,0.287907268170426,0.04225627732294752
538,113,100.0,113,0,108,5,0,0.0,1.4378547525253607,1.4279720239247038,2.0999794263038973,1.111067523416003,0.4445915638092093,1.2019676109474537,6.884955752212389,6.321882890351117,0.3756492795873556,0.00140778491319588,0.0002928601971506551,0.0,0.00140778491319588,-0.008925313802021795,0,0,0,5,0,1.0,0.3274336283185841,0.2976403611000265,0.17234122994754794,0.9277258512486175,0.5490786241634521,0.0,0.287907268170426,0.0423094675941689
539,113,100.0,113,0,108,5,0,0.0,1.4359089205546107,1.4259018976504076,2.2356253755901507,1.1129422142335208,0.4331418080466419,1.191851014674889,6.884955752212389,6.321882890351117,0.37831357035964874,0.0014210774982665402,0.00023681974041286886,0.0,0.0014210774982665402,-0.0124530330666895,0,0,0,5,0,1.0,0.3185840707964602,0.30654290659465794,0.15911447768292783,0.9184839280113528,0.5559447738967638,0.0,0.2525062656641604,0.04235899631333497
540,113,100.0,113,0,109,4,0,0.0,1.4257804872585649,1.41617454762551,2.0970275198498767,1.1142064279514727,0.44275148059241914,1.1975895333760787,6.884955752212389,6.321882890351117,0.37435266616169605,0.0003501794331470868,0.0002587531558837609,0.0,0.0003501794331470868,-0.004681961223133774,0,0,0,4,0,1.0,0.3274336283185841,0.2972210728437295,0.15491003124076622,0.9207891456281422,0.5550241629985583,0.0,0.3233082706766917,0.04234831520222107
541,113,100.0,113,0,107,6,0,0.0,1.4528791169220252,1.4428582321482453,2.416645607207818,1.1167402485877782,0.4233331048966011,1.1969993399441854,6.884955752212389,6.321882890351117,0.38132458715923034,0.027459233494904742,0.00025082229762675955,0.0,0.027459233494904742,-0.009079835985351531,0,0,0,6,0,0.8333333333333334,0.36283185840707965,0.31447623232676697,0.14551639284315548,0.9327577658396607,0.5647817638589805,0.0,0.28790726817042606,0.04256390093717777
542,113,100.0,113,0,106,7,0,0.0,1.4411200929504988,1.4314584483773392,2.2986310663895257,1.118537339267005,0.42864151059921823,1.1836400632842032,6.884955752212389,6.321882890351117,0.3790161804050567,0.021428319641818964,0.0002847277578385878,0.0,0.021428319641818964,-0.001729733029865724,0,0,0,7,0,0.8571428571428571,0.34513274336283184,0.30925348048492657,0.1464059005612666,0.9392284072361682,0.5660734882359073,0.0,0.287907268170426,0.042561910801407206
543,113,100.0,113,0,104,9,0,0.0,1.4573231731157605,1.446841728616289,2.7245226355383587,1.1209988303471785,0.4100027336071032,1.1763129585501706,6.884955752212389,6.321882890351117,0.3820634425005782,0.018661859459477015,0.0003105506955167882,0.0,0.018661859459477015,-0.002121670716343418,0,0,0,9,0,0.8888888888888888,0.336283185840708,0.32885223278864745,0.13345597014983793,0.9130534965746837,0.5670972551582254,0.0,0.3233082706766917,0.04272073249395601
544,113,100.0,113,0,105,8,0,0.0,1.46048055480439,1.4497162331323,2.7815703312360065,1.1234500870912507,0.4066970052793762,1.180698381663573,6.884955752212389,6.321882890351117,0.38626278108466905,0.020418315498056984,0.00020487467074890945,0.0,0.020418315498056984,0.005483065928224687,0,0,0,8,0,0.875,0.3274336283185841,0.33514238597045454,0.14092248130107157,0.929015258876677,0.5707813324101134,0.0,0.287907268170426,0.0428140021927502
545,113,100.0,113,0,103,10,0,0.0,1.4523838308606323,1.4413398960062334,2.80453716357926,1.1253227444757323,0.4131685645659574,1.1849495813288433,6.884955752212389,6.321882890351117,0.3869495354188046,0.01134202722319408,0.0002585170204482437,0.0,0.01134202722319408,-0.0032565492027541165,0,0,0,10,0,0.9,0.3185840707964602,0.3390596351080158,0.15019184422996576,0.9416731286782795,0.5669510028293123,0.0,0.287907268170426,0.042832712176423635
546,113,100.0,113,0,106,7,0,0.0,1.4299677298142786,1.4195510763727726,2.6192895675428733,1.1259750437250962,0.43531148101210343,1.2029774612653856,6.884955752212389,6.321882890351117,0.38239382027638014,0.025084287873489732,0.0002433199083015683,0.0,0.025084287873489732,-0.0070235637426139174,0,0,0,7,0,0.8571428571428571,0.3185840707964602,0.3299970303554457,0.14540073600004333,0.93569170067777,0.5614085279181502,0.0,0.25250626566416035,0.04274125046851158
547,113,100.0,113,0,106,7,0,0.0,1.4129374729928061,1.4028257781922175,2.4661077715359547,1.1257402223685904,0.4558960287892368,1.2014613139982817,6.884955752212389,6.321882890351117,0.37716212390372394,0.02098359732712576,0.00026174309878509083,0.0,0.02098359732712576,-0.008305696006090515,0,0,0,7,0,0.8571428571428571,0.36283185840707965,0.32044581012245016,0.1434362693052978,0.9024058162607091,0.5508517869410091,0.0,0.3233082706766917,0.0426486766188243
548,113,100.0,113,0,104,9,0,0.0,1.4081250379427082,1.3978429058793114,2.3642634530268642,1.125268237061487,0.4585573218717665,1.2001237516526795,6.884955752212389,6.321882890351117,0.3766585286050508,0.012368648994239163,0.0002369211750721231,0.0,0.012368648994239163,-0.001893282627423745,0,0,0,9,0,0.8888888888888888,0.35398230088495575,0.31582225107447337,0.15666336879889395,0.9201559914329858,0.544724310493387,0.0,0.3233082706766917,0.04260969526438644
549,112,99.11504424778761,113,1,105,7,0,0.008849557522123894,1.4126529070089624,1.4016560307933528,2.3951956632164415,1.1250439706763866,0.45630096155550026,1.207438932997115,6.884955752212389,6.321882890351117,0.37625276581343914,0.018906563657950515,0.00030665865763757327,0.0,0.018906563657950515,-0.004860115893026554,0,1,0,7,0,0.875,0.336283185840708,0.3159263876157228,0.15543664537122784,0.9291604982610463,0.5457955115764138,0.008849557522123894,0.3233082706766917,0.042625245680603475
550,112,99.11504424778761,113,0,106,7,0,0.0,1.4375429187700426,1.4260427067632266,2.767067192359172,1.1260422082956407,0.4364166108902144,1.1968128318933606,6.884955752212389,6.321882890351117,0.3824405115844578,0.0015088315346777795,0.000267764599919459,0.0,0.0015088315346777795,-0.007134395390312338,0,0,0,7,0,1.0,0.30973451327433627,0.33306928681515696,0.1427969603654754,0.9309859021784305,0.5512390195881193,0.0,0.3233082706766917,0.042781249446037214
551,112,99.11504424778761,113,0,105,8,0,0.0,1.4287138971710212,1.4175771765795144,2.598940360840972,1.1265491937782288,0.45808946949297263,1.2045971524487449,6.884955752212389,6.321882890351117,0.37581699544504654,0.0016614371442160722,0.00027326362069838856,0.0,0.0016614371442160722,-0.009955189208643786,0,0,0,8,0,1.0,0.336283185840708,0.32004007663964196,0.14212070110328096,0.9397208673219707,0.5436040301257998,0.0,0.3233082706766917,0.04275312985228226
552,112,99.11504424778761,113,0,104,9,0,0.0,1.4502815702189897,1.438509280491417,2.843922666856996,1.1280827707089744,0.4434096975365594,1.2253819302202504,6.884955752212389,6.321882890351117,0.3787658421294027,0.0030116285892205445,0.0002727885510974623,0.0,0.0030116285892205445,-0.006789380074837346,0,0,0,9,0,1.0,0.3185840707964602,0.32950179800199547,0.1404844818850312,0.9351840559918394,0.5446423114439191,0.0,0.32330827067669166,0.04290944368631969
553,112,99.11504424778761,113,0,104,9,0,0.0,1.4547660595727199,1.4426158966946512,3.032417664182072,1.1297270890758244,0.4318384197777563,1.2141811160423255,6.884955752212389,6.321882890351117,0.3816996793785741,0.0034982813092059323,0.00021245133713769328,0.0,0.0034982813092059323,-0.0025841074987773736,0,0,0,9,0,1.0,0.3274336283185841,0.3393149688761946,0.13847974298807736,0.9305289678970929,0.5435324205201262,0.0,0.32330827067669166,0.04298384207383673
554,113,100.0,113,0,104,9,0,0.0,1.4465743919183573,1.4347894690968679,2.7146488404515194,1.1308716334913937,0.44068593302132786,1.199445897558665,6.884955752212389,6.321882890351117,0.37601916438308636,0.0023761189359463456,0.0002603770252662988,0.0,0.0023761189359463456,-0.007553421841344067,0,0,0,9,0,1.0,0.3274336283185841,0.32257663606803894,0.14652453384391362,0.9263308140836839,0.5338245138591738,0.0,0.3233082706766917,0.0429790621143551
555,113,100.0,113,0,105,8,0,0.0,1.4572480449642826,1.445725903773979,2.7044918603934582,1.1324969320235163,0.44394108871304266,1.1547209485413779,6.884955752212389,6.321882890351117,0.37631270046732346,0.002921662184317445,0.00017665069179479217,0.0,0.002921662184317445,0.005931919341154487,0,0,0,8,0,1.0,0.3008849557522124,0.32024145873639237,0.13837050503618264,0.9384529529394539,0.5362915891380486,0.0,0.32330827067669166,0.04308380511449441
556,113,100.0,113,0,104,9,0,0.0,1.4679324392096325,1.4565257718296933,2.5898558366838964,1.134565685094455,0.4328702275847227,1.1438357032974469,6.884955752212389,6.321882890351117,0.37664723485642093,0.0025922542736496828,0.000203360829650524,0.0,0.0025922542736496828,0.0012303388823020622,0,0,0,9,0,1.0,0.3008849557522124,0.3136511818896475,0.13873730718689953,0.927505848717323,0.5416273242379898,0.0,0.3233082706766917,0.043202619158938804
557,113,100.0,113,0,103,10,0,0.0,1.4827116738102692,1.4706386065897377,3.0369110606798357,1.1372174115277895,0.41246330211030713,1.186094457356089,6.884955752212389,6.321882890351117,0.38202965275652523,0.015951185717381567,0.00020917631799275863,0.0,0.015951185717381567,0.0022053647906162765,0,0,0,10,0,0.9,0.2831858407079646,0.3341823379084125,0.1322861666029232,0.9471482771407906,0.5445944573105386,0.0,0.287907268170426,0.043360334851785934
558,113,100.0,113,0,103,10,0,0.0,1.478946527026664,1.4671372162679985,2.9567917883062913,1.1395244158848965,0.4268983879682444,1.2283655898266272,6.884955752212389,6.321882890351117,0.3771456176127608,0.004270801101300728,0.00025809752655858216,0.0,0.004270801101300728,-0.002616818398791576,0,0,0,10,0,1.0,0.3008849557522124,0.32740360002021085,0.12901930289648902,0.9373495411082392,0.5389376902240137,0.0,0.32330827067669166,0.04341443217473371
559,113,100.0,113,0,103,10,0,0.0,1.4695608049448616,1.45810008042268,2.754423247911749,1.1412285204124455,0.4311895421182643,1.204127099996883,6.884955752212389,6.321882890351117,0.3780955111946498,0.0036226116983420265,0.0002089193699274207,0.0,0.0036226116983420265,0.005296600917229799,0,0,0,10,0,1.0,0.2920353982300885,0.3221781455539633,0.1300070222459307,0.9219365307735773,0.5454078788619009,0.0,0.287907268170426,0.043421369310605105
560,113,100.0,113,0,103,10,0,0.0,1.488265700290318,1.4762111052796636,3.1905669378858135,1.1437408596727943,0.4019829301759207,1.1317952009429117,6.884955752212389,6.321882890351117,0.38407408455942793,0.0036974538017457543,0.0002261137475918509,0.0,0.0036974538017457543,0.0013275417960693036,0,0,0,10,0,1.0,0.30973451327433627,0.3422145597255395,0.11692418401113056,0.9378411097676795,0.5542719318942931,0.0,0.3233082706766917,0.04359430736025617
561,113,100.0,113,0,101,12,0,0.0,1.5036893493751562,1.4913928094815627,3.4038862755993975,1.1468621874356186,0.3925087987361119,1.1228093718395848,6.884955752212389,6.321882890351117,0.3854291517168409,0.004590188571300197,0.00019570366688047213,0.0,0.004590188571300197,0.008797516205898645,0,0,0,12,0,1.0,0.30973451327433627,0.3501804650114224,0.11184641895599685,0.9371442518490282,0.5567713973707765,0.0,0.287907268170426,0.04377008894857525
562,113,100.0,113,0,100,13,0,0.0,1.5109874732397608,1.498719527551974,3.2919740301953953,1.1501567377415474,0.3990872064799705,1.142246667258213,6.884955752212389,6.321882890351117,0.38402186767210833,0.006302629208915665,0.00016251427075224923,0.0,0.006302629208915665,0.008843795893877906,0,0,0,13,0,1.0,0.3274336283185841,0.3432808031353398,0.1151676328284337,0.9353126030529525,0.5551085222745686,0.0,0.287907268170426,0.04391071837395053
563,113,100.0,113,0,102,11,0,0.0,1.5154643750000347,1.5031904736879058,3.469442127770827,1.153469128818415,0.3972800330406195,1.148159999661181,6.884955752212389,6.321882890351117,0.3851723786471113,0.004497328419305482,0.00023093890787007638,0.0,0.004497328419305482,0.005250257760616924,0,0,0,11,0,1.0,0.336283185840708,0.34986281195213614,0.1071878179905624,0.9293374975133986,0.5562544256129943,0.0,0.3233082706766917,0.04403780562512691
564,113,100.0,113,0,102,11,0,0.0,1.513443991141137,1.5013859626209822,3.437303569391472,1.156480851149417,0.4090202492975599,1.1658358356365917,6.884955752212389,6.321882890351117,0.3855026172355569,0.0047277106116344735,0.0002536949014655817,0.0,0.0047277106116344735,0.0018105019923760598,0,0,0,11,0,1.0,0.3185840707964602,0.3493197286203657,0.10547978219997658,0.9198404741732117,0.5589744016470025,0.0,0.28790726817042606,0.044122902485206665
565,113,100.0,113,0,100,13,0,0.0,1.5150292475399831,1.5023792399263287,3.7361346610061257,1.1593524109840865,0.39873663947649113,1.161349248981481,6.884955752212389,6.321882890351117,0.39206943540266703,0.01448495125563876,0.0002088280488780634,0.0,0.01448495125563876,0.004131954127401061,0,0,0,13,0,0.9230769230769231,0.3185840707964602,0.36594312551453656,0.10088724616118931,0.9258869797262043,0.5615945422841663,0.0,0.287907268170426,0.04422159709213798
566,112,99.11504424778761,113,1,101,11,0,0.008849557522123894,1.5116163935583395,1.5000126571897228,3.684180930843565,1.161884850193091,0.41162184231921545,1.173371124078234,6.884955752212389,6.321882890351117,0.3909919961577084,0.007831280195652211,0.00022965468560612662,0.0,0.007831280195652211,0.005984864188195829,0,1,0,11,0,1.0,0.3185840707964602,0.3632829709532362,0.10558776232845961,0.9155214228950039,0.5603719730422981,0.008849557522123894,0.3233082706766917,0.04428458174276106
567,112,99.11504424778761,113,0,101,12,0,0.0,1.5059348324729167,1.4945942755806492,3.5525263579326793,1.1640210504736324,0.4221553317539566,1.2148747221181055,6.884955752212389,6.321882890351117,0.3888804723991468,0.004171231125128364,0.0002599851493227891,0.0,0.004171231125128364,0.0016364999017150033,0,0,0,12,0,1.0,0.3274336283185841,0.35785172608410204,0.10196753977897517,0.8886074443115792,0.5593977226879528,0.0,0.394110275689223,0.04432369797735354
568,111,98.23008849557522,113,1,99,13,0,0.008849557522123894,1.5091443076960107,1.5009958223010729,3.6240807838416376,1.1661734595520397,0.4203935780838359,1.1804884707690533,6.884955752212389,6.321882890351117,0.3918816619579153,0.012654870743425611,0.00024484968841654745,0.0,0.012654870743425611,0.008766935872871378,0,1,0,13,0,0.9285714285714286,0.3274336283185841,0.3623001757507272,0.10345700614534223,0.893651452163236,0.5609148678432039,0.008849557522123894,0.394110275689223,0.04440778174409811
569,111,98.23008849557522,113,0,101,12,0,0.0,1.5069643031261153,1.4987415127242925,3.889873648161762,1.1682482857516088,0.4276402739880243,1.1938056073114434,6.884955752212389,6.321882890351117,0.39364394350230403,0.013116939794073924,0.00027810735162823655,0.0,0.013116939794073924,0.006108545421960256,0,0,0,12,0,0.9166666666666666,0.34513274336283184,0.37509663567978563,0.0989588601094623,0.9226141595552441,0.5596348987672171,0.0,0.35870927318295737,0.04446246576250617
570,111,98.23008849557522,113,0,102,11,0,0.0,1.5204077453301128,1.5118390586201083,4.036448423744525,1.1708543530790978,0.4070780572027202,1.1762922007754961,6.884955752212389,6.321882890351117,0.39750983362250336,0.0031576593990681827,0.00027011774101658674,0.0,0.0031576593990681827,0.0020865492135415968,0,0,0,11,0,1.0,0.336283185840708,0.3814537751841066,0.09926271711512193,0.9084013606801822,0.5663120504857169,0.0,0.35870927318295737,0.044612059235769934
571,112,99.11504424778761,113,0,100,13,0,0.0,1.5042341636049856,1.496026077781755,3.5894481933933573,1.1724959253780394,0.43399858871005426,1.180717052238659,6.884955752212389,6.321882890351117,0.39207674224209166,0.012769304303331704,0.0002648787250420639,0.0,0.012769304303331704,0.004503248971624714,0,0,0,13,0,0.9230769230769231,0.3274336283185841,0.3633079342255159,0.09891052477511567,0.9191109433426796,0.5605372656087761,0.0,0.32330827067669166,0.04458308046629406
572,112,99.11504424778761,113,0,98,15,0,0.0,1.5122040703169186,1.5040426761830548,3.773903363021808,1.174439159368858,0.4268628813739671,1.1781324232344712,6.884955752212389,6.321882890351117,0.3946200133021742,0.012681220014175983,0.0002623258103860109,0.0,0.012681220014175983,0.008087992178563427,0,0,0,15,0,0.9333333333333333,0.34513274336283184,0.3719319406967676,0.0915093761466375,0.9148185105898572,0.5673244819030765,0.0,0.32330827067669166,0.04468435448844625
573,113,100.0,113,0,99,14,0,0.0,1.5272859373862187,1.5188774862158139,4.148987272120793,1.1770098158363125,0.42019035014871997,1.146469504400504,6.884955752212389,6.321882890351117,0.3990574258847126,0.0031901999282980516,0.00023518339062626766,0.0,0.0031901999282980516,0.0036083854848545766,0,0,0,14,0,1.0,0.37168141592920356,0.3849193112172663,0.08897784614423741,0.9012017604434308,0.5712609033243866,0.0,0.287907268170426,0.04484102076948561
574,113,100.0,113,0,101,12,0,0.0,1.5368028562245384,1.5282798248736607,4.213421847204461,1.1798934822835045,0.4123214220727842,1.1559076025853472,6.884955752212389,6.321882890351117,0.40163843696123447,0.005101932651312385,0.00028433444055914913,0.0,0.005101932651312385,0.006708617434156701,0,0,0,12,0,1.0,0.336283185840708,0.38680007803474153,0.0869600568478484,0.9282269353714417,0.5769369218753144,0.0,0.287907268170426,0.04497975637154712
575,113,100.0,113,0,99,14,0,0.0,1.5648006332757851,1.5557978065631473,5.603853138126487,1.1839865703759145,0.34022811772985256,1.1215038871081338,6.884955752212389,6.321882890351117,0.41634525991829685,0.016040732989764654,0.00026382671042859035,0.0,0.016040732989764654,0.006916910276049931,0,0,0,14,0,0.9285714285714286,0.3893805309734513,0.43863442188852,0.0717688990258639,0.9075041911991266,0.591315112263798,0.0,0.287907268170426,0.045249125374703894
576,113,100.0,113,0,97,16,0,0.0,1.5631181942067542,1.5543186171087242,5.112191792585903,1.1877460881324955,0.3682866206530376,1.138941700039268,6.884955752212389,6.321882890351117,0.41005095107950895,0.013832228039902167,0.00023055831953411673,0.0,0.013832228039902167,0.009587378194175634,0,0,0,16,0,0.9375,0.36283185840707965,0.4187634464205306,0.07727512786310976,0.9177192949968606,0.5794296991370596,0.0,0.287907268170426,0.04535954933426524
577,113,100.0,113,0,97,16,0,0.0,1.5528605880077981,1.544063928900815,5.0662450296424755,1.190749302075843,0.3875419464375474,1.1557303111925978,6.884955752212389,6.321882890351117,0.40745701213292707,0.018376250591955738,0.00028078576762261367,0.0,0.018376250591955738,0.006719792811997735,0,0,0,16,0,0.875,0.3274336283185841,0.41778419365687547,0.0750701281715838,0.9134607123448824,0.5687727193625083,0.0,0.287907268170426,0.045403191137493026
578,113,100.0,113,0,98,15,0,0.0,1.5604195113219752,1.5516501953789088,5.207419958810176,1.1939463322567425,0.3813337074805499,1.1449418604906327,6.884955752212389,6.321882890351117,0.4124977709750681,0.008772837406661098,0.00020882849462164932,0.0,0.008772837406661098,0.007974437185440912,0,0,0,15,0,1.0,0.34513274336283184,0.4268092595094172,0.07302690794746665,0.9332090676548414,0.574631561627653,0.0,0.287907268170426,0.04554204200606673
579,113,100.0,113,0,100,13,0,0.0,1.566463314349094,1.5575244295297612,5.275194796759204,1.1972383396966135,0.3840963334453598,1.150202247947101,6.884955752212389,6.321882890351117,0.41113776351430875,0.011265842149055651,0.00026290562242824053,0.0,0.011265842149055651,0.0057176848411428696,0,0,0,13,0,1.0,0.34513274336283184,0.42591015958596473,0.07668349033408921,0.9111889169945089,0.5652081842248796,0.0,0.32330827067669166,0.04567631944874747
580,113,100.0,113,0,99,14,0,0.0,1.5712345174343099,1.5621174107613776,5.345063483317083,1.200554520597105,0.3838199316625664,1.144263767742477,6.884955752212389,6.321882890351117,0.41464916612218916,0.014185918481554139,0.0002463855635338258,0.0,0.014185918481554139,0.004528924610099984,0,0,0,14,0,0.8571428571428571,0.36283185840707965,0.43250028584374683,0.0798794422564789,0.9220722431484673,0.5652317883854893,0.0,0.287907268170426,0.045804998000654185
581,113,100.0,113,0,99,14,0,0.0,1.5495160113944222,1.5407961517975546,4.857369227151836,1.2025827324066822,0.42132163235779524,1.1729939770423752,6.884955752212389,6.321882890351117,0.4062386229518946,0.024170270428572872,0.00023643518914066532,0.0,0.024170270428572872,0.0060865426334164785,0,0,0,14,0,0.7857142857142857,0.3805309734513274,0.4132333919261144,0.07538326390368448,0.9161245009685527,0.5586216109585084,0.0,0.32330827067669166,0.04576051605813961
582,113,100.0,113,0,99,14,0,0.0,1.5623753985191602,1.5535071998544183,5.156936709816541,1.2051255850987224,0.4025388550447805,1.2009936598743483,6.884955752212389,6.321882890351117,0.4106217910264738,0.030806454816941727,0.000235539368760284,0.0,0.030806454816941727,0.00822111852812619,0,0,0,14,0,0.7857142857142857,0.36283185840707965,0.4244397221930402,0.07241460462167316,0.9142194730780017,0.5638862283173167,0.0,0.25250626566416035,0.04590519107839576
583,113,100.0,113,0,98,15,0,0.0,1.5713526538395635,1.5622011239651759,5.589217152027199,1.2079473773821845,0.3910699837235542,1.2190019900858675,6.884955752212389,6.321882890351117,0.41041626973476597,0.031367026643942496,0.00028483720937349323,0.0,0.031367026643942496,0.0011519918473135381,0,0,0,15,0,0.7333333333333333,0.34513274336283184,0.43425041928897873,0.06773731932974152,0.9293209232744422,0.5614647129204393,0.0,0.25250626566416035,0.0460392725567825
584,113,100.0,113,0,101,12,0,0.0,1.5643951504884173,1.5549830578956834,5.626533524531848,1.2102257251149877,0.39020722857393286,1.2411402428551679,6.884955752212389,6.321882890351117,0.41170404657603155,0.027499532307267895,0.0003135878397420012,0.0,0.027499532307267895,0.0035004068993654317,0,0,0,12,0,0.8333333333333334,0.37168141592920356,0.43737275277126997,0.07113607500994282,0.9181179490078709,0.5586547891188417,0.0,0.287907268170426,0.04607650227777817
585,113,100.0,113,0,101,12,0,0.0,1.5925165733364204,1.582681810875036,6.331542447396281,1.213760904552642,0.37450555698592153,1.2245436970580355,6.884955752212389,6.321882890351117,0.41505344310871206,0.019610427816187617,0.0003230185321575451,0.0,0.019610427816187617,0.00020525434535395107,0,0,0,12,0,0.9166666666666666,0.3805309734513274,0.45371693136419294,0.06818552439375623,0.9187345404086856,0.5565277505037535,0.0,0.287907268170426,0.04632885434402432
586,113,100.0,113,0,103,10,0,0.0,1.6006589727470237,1.5906579817185802,6.80654857661316,1.2174759894301745,0.3613190130992073,1.2535995598398522,6.884955752212389,6.321882890351117,0.4203321707303118,0.040257083736600294,0.0002512389292096648,0.0,0.040257083736600294,0.00831197496737055,0,0,0,10,0,0.8,0.3805309734513274,0.4693942153550278,0.06816200800044588,0.9097753586377578,0.5619042854633287,0.0,0.287907268170426,0.04648699799869471
587,112,99.11504424778761,113,1,102,10,0,0.008849557522123894,1.6030180300259134,1.5889414248603355,7.243943180488583,1.2210622924237344,0.36046400611634183,1.2752445968090207,6.884955752212389,6.321882890351117,0.4256821905394643,0.05780714801928819,0.00033541230822015165,0.0,0.05780714801928819,0.006506715297710499,0,1,0,10,0,0.7272727272727273,0.3893805309734513,0.4872640489108751,0.06763068608789964,0.9107510441087622,0.5662123182474941,0.008849557522123894,0.2525062656641604,0.04661215422276216
588,112,99.11504424778761,113,0,102,11,0,0.0,1.6032319935302775,1.5892639912039819,6.586847158399258,1.224245290952418,0.38877954630434003,1.284690642022827,6.884955752212389,6.321882890351117,0.4217317999914416,0.026896457837487894,0.0002775914561293807,0.0,0.026896457837487894,0.011456340337789443,0,0,0,11,0,0.9090909090909091,0.3893805309734513,0.4641852810966186,0.07504698532974859,0.9189266326515498,0.5660866939866175,0.0,0.2525062656641604,0.046713836759976465
589,112,99.11504424778761,113,0,105,8,0,0.0,1.5900639936080867,1.5764321318109713,5.949709377926209,1.2265780919429319,0.41553385213485666,1.299243574479745,6.884955752212389,6.321882890351117,0.4153104785074495,0.023212554885043823,0.00032860519397764757,0.0,0.023212554885043823,0.005492612780466741,0,0,0,8,0,0.875,0.3805309734513274,0.4429112096387256,0.08088953124453227,0.9205733042537875,0.5603283731548186,0.0,0.28790726817042606,0.046721735233708137
590,112,99.11504424778761,113,0,104,9,0,0.0,1.5956251196941278,1.581830572286215,5.979682413685391,1.2290364424545608,0.4047281113773207,1.275298142260561,6.884955752212389,6.321882890351117,0.41419171878099914,0.023913514684545698,0.0003080818105369852,0.0,0.023913514684545698,0.005680764586575484,0,0,0,9,0,0.8888888888888888,0.34513274336283184,0.44081204352506453,0.08188160567348317,0.8830453317559412,0.5593738775038692,0.0,0.28790726817042606,0.046827247884328106
591,112,99.11504424778761,113,0,104,9,0,0.0,1.5978513513849175,1.5842831892863873,5.934733749078505,1.23146342018541,0.4096360622239984,1.3053169295611964,6.884955752212389,6.321882890351117,0.41178693802977984,0.0415237693657355,0.00043741474014364387,0.0,0.0415237693657355,0.002747671391381817,0,0,0,9,0,0.7777777777777778,0.37168141592920356,0.43540124240096545,0.08138374615035532,0.9069645751668982,0.5570041358464396,0.0,0.3233082706766917,0.04691509438774165
592,113,100.0,113,0,106,7,0,0.0,1.576927487077132,1.5636526241594504,5.0439805916140115,1.232693575092786,0.44427708433428037,1.3159822214208456,6.884955752212389,6.321882890351117,0.40342290490120347,0.03193440009736985,0.00035309389775965434,0.0,0.03193440009736985,-0.0019079020276526906,0,0,0,7,0,0.8571428571428571,0.34513274336283184,0.40474091488751657,0.09011742906186727,0.8984905927296905,0.5497543452284757,0.0,0.28790726817042606,0.04684935954250983
593,113,100.0,113,0,104,9,0,0.0,1.592009347907125,1.5786578945399858,5.8464068498121975,1.234604853544218,0.4042146320790858,1.3029557215965075,6.884955752212389,6.321882890351117,0.4092310527153611,0.04292378982103253,0.00031306410877679855,0.0,0.04292378982103253,0.0018548010545631304,0,0,0,9,0,0.7777777777777778,0.36283185840707965,0.43114286723433193,0.07984892262528777,0.8903657097435489,0.5581208137518144,0.0,0.28790726817042606,0.04698518323936382
594,113,100.0,113,0,106,7,0,0.0,1.5955307275872503,1.5821110597514638,5.858850792210013,1.2365699472587859,0.405977903922788,1.3041693393804514,6.884955752212389,6.321882890351117,0.412278627444592,0.02326016955119322,0.00032068154758923363,0.0,0.02326016955119322,-0.0027020180104405417,0,0,0,7,0,0.8571428571428571,0.35398230088495575,0.433970803660114,0.08292262685516372,0.885997053903493,0.5609565693421624,0.0,0.3233082706766917,0.047064905599424764
595,113,100.0,113,0,106,7,0,0.0,1.5915271480753461,1.5784580971826527,5.486007655533216,1.2382260612375304,0.41439986588241023,1.3288216392675956,6.884955752212389,6.321882890351117,0.4064711088471693,0.022114975681012502,0.0003705909674794023,0.0,0.022114975681012502,-0.0023795909314832664,0,0,0,7,0,0.8571428571428571,0.34513274336283184,0.4176919061611825,0.08514733396762689,0.8940206999680749,0.5590492913700745,0.0,0.35870927318295737,0.04709723649499872
596,113,100.0,113,0,106,7,0,0.0,1.5962897263333125,1.5831983104527978,5.861120404177483,1.2400172142153614,0.4007520275333052,1.307426428345498,6.884955752212389,6.321882890351117,0.40882797569274176,0.02052821247407995,0.000260835129544829,0.0,0.02052821247407995,0.002648629742877368,0,0,0,7,0,0.8571428571428571,0.35398230088495575,0.4298041790533248,0.0828399902830705,0.9012046327041187,0.5594511527930296,0.0,0.3233082706766917,0.04717766668311131
597,113,100.0,113,0,103,10,0,0.0,1.6179000912270618,1.6047994652004234,6.44714506842684,1.242787612364433,0.38707896060953845,1.300002059506813,6.884955752212389,6.321882890351117,0.4109940095421789,0.03602033604264448,0.00031149705269024186,0.0,0.03602033604264448,0.004332784881215984,0,0,0,10,0,0.8,0.336283185840708,0.44360529398642007,0.07253748427834895,0.9014119397139189,0.560854488709772,0.0,0.287907268170426,0.04737328917087044
598,113,100.0,113,0,104,9,0,0.0,1.622047515828961,1.6091889866441245,6.6915438239788365,1.2456048695110185,0.3845229690989731,1.3062862082711344,6.884955752212389,6.321882890351117,0.4102358600468814,0.022978309091838834,0.0003518086238819676,0.0,0.022978309091838834,0.004198852841861025,0,0,0,9,0,0.8888888888888888,0.34513274336283184,0.44832248166647104,0.06880918037040859,0.895966649237249,0.5605261242645462,0.0,0.2922932330827067,0.04748307814264352
599,113,100.0,113,0,106,7,0,0.0,1.6437119653353027,1.630446531896365,7.832180954718995,1.2493191246530446,0.3391093777938469,1.271346930548602,6.884955752212389,6.321882890351117,0.41808245917284537,0.03203648193050111,0.00027701569518628704,0.0,0.03203648193050111,0.003140798957085173,0,0,0,7,0,0.8571428571428571,0.34513274336283184,0.4814894704146925,0.06059789712618712,0.9198883321888143,0.5681926100230704,0.0,0.3233082706766917,0.0477088058203391
600,113,100.0,113,0,105,8,0,0.0,1.655113329968775,1.6417541007004746,7.9830927097602755,1.2533704499407763,0.33144511347897015,1.256418029921635,6.884955752212389,6.321882890351117,0.4205987797834263,0.029283819356682863,0.0003305833430032424,0.0,0.029283819356682863,0.0030910971041068352,0,0,0,8,0,0.75,0.336283185840708,0.4842532833220597,0.06167630899666825,0.9192017454682748,0.5701074020143114,0.0,0.35870927318295737,0.047893872663605244
601,113,100.0,113,0,103,10,0,0.0,1.6772717578366507,1.6635681921817378,8.542077184490077,1.2582689042419422,0.31811039840834293,1.2625045028579585,6.884955752212389,6.321882890351117,0.42149213169750666,0.027286841137109896,0.0002478699020731248,0.0,0.027286841137109896,0.008525921145591225,0,0,0,10,0,0.9,0.3274336283185841,0.4933690998447178,0.06179242033648441,0.9075389633722423,0.5625738568355114,0.0,0.3587092731829574,0.048159502075123164
602,112,99.11504424778761,113,1,104,8,0,0.008849557522123894,1.6807866923119004,1.6706375936227669,8.796315515212259,1.2630222079833215,0.321562298683123,1.2804063887307249,6.884955752212389,6.321882890351117,0.4216838959645741,0.0263023071300059,0.00032814049287424086,0.0,0.0263023071300059,0.0011775209454458078,0,1,0,8,0,0.8888888888888888,0.336283185840708,0.4963505316108833,0.05859418133895029,0.8956088135840247,0.5625583816734103,0.008849557522123894,0.3762531328320802,0.04832732589547575
603,111,98.23008849557522,113,1,97,12,3,0.008849557522123894,1.676900599702929,1.6593264088464947,8.353975720105451,1.2674613265257866,0.3446892753516891,1.2830227725557966,6.884955752212389,6.321882890351117,0.4205899889546967,0.2984240795585924,0.0002839360228901876,0.3125,0.0421604948797467,0.030519398407373347,0,4,0,12,0,0.6875,0.35398230088495575,0.4905004649218241,0.06076785713747543,0.8811250446921516,0.5612340767555298,0.008849557522123894,0.3941102756892231,0.04844821337024015
604,111,98.23008849557522,113,0,105,8,0,0.0,1.6675347800078386,1.650085211800672,8.089983028660397,1.270787069527168,0.363537706145136,1.2982819364345686,6.884955752212389,6.321882890351117,0.41996743999498687,0.005665108965484378,0.0002979515435996791,0.0,0.005665108965484378,-0.005518891596613722,0,0,0,8,0,1.0,0.36283185840707965,0.48605929192241726,0.06331017833588352,0.8936836028003454,0.5632840810995176,0.0,0.3941102756892231,0.04850650906065539
605,111,98.23008849557522,113,0,106,7,0,0.0,1.6635134253731294,1.6458822914490259,8.058541637992755,1.2736899999886837,0.37051085630235653,1.3077906514758375,6.884955752212389,6.321882890351117,0.419953659971648,0.031995631150137184,0.00039148134915565084,0.0,0.031995631150137184,-0.0016970019513560253,0,0,0,7,0,0.8571428571428571,0.336283185840708,0.4857981934572807,0.06347037833490012,0.8991017134762788,0.560195974777469,0.0,0.3587092731829574,0.04857816221956452
606,111,98.23008849557522,113,0,103,10,0,0.0,1.6804525223381703,1.662607188158409,8.47880458593311,1.2772552732928333,0.35964449464740045,1.3013429841572985,6.884955752212389,6.321882890351117,0.42028112088892144,0.00975089733645972,0.0003260096035953691,0.0,0.00975089733645972,0.0017399995191161588,0,0,0,10,0,1.0,0.36283185840707965,0.49277383143340076,0.060985456218084315,0.8925479099144633,0.5620890667047364,0.0,0.3587092731829574,0.048775553905894366
607,112,99.11504424778761,113,0,104,9,0,0.0,1.6837962260100912,1.6657763989241934,8.624272689514145,1.280755437228503,0.35884230451668564,1.303518698093473,6.884955752212389,6.321882890351117,0.421819113780898,0.007223293351465344,0.0002699131407879416,0.0,0.007223293351465344,0.0017944718391591137,0,0,0,9,0,1.0,0.3805309734513274,0.497795206731108,0.061933036369977545,0.8925479099144633,0.5612900008513941,0.0,0.3587092731829574,0.04890291055674564
608,113,100.0,113,0,106,7,0,0.0,1.6842208791121538,1.6660981498371297,8.908033625208803,1.2840505974719205,0.3721201772842095,1.3368656974839859,6.884955752212389,6.321882890351117,0.42390304998522343,0.010857658076641852,0.0002996090894303968,0.0,0.010857658076641852,0.003072889460441121,0,0,0,7,0,1.0,0.35398230088495575,0.5065684154998472,0.0631058165801409,0.8696865536098087,0.5594016101451195,0.0,0.3587092731829574,0.04900919190807509
609,113,100.0,113,0,106,7,0,0.0,1.6658667495130703,1.648294825525555,7.948627084542649,1.286237037292846,0.4035435672603721,1.3466059235017598,6.884955752212389,6.321882890351117,0.41775806690527384,0.012721348219046516,0.00038520215934747214,0.0,0.012721348219046516,-0.0010233615178799457,0,0,0,7,0,1.0,0.35398230088495575,0.48240549478385664,0.06596854883691088,0.8612840477432767,0.5562357536258549,0.0,0.3941102756892231,0.048986533342553124
610,111,98.23008849557522,113,2,106,5,0,0.017699115044247787,1.6972320444484965,1.6762238819572328,8.818986550888933,1.28983566216168,0.37373107672755823,1.3252460229990224,6.884955752212389,6.321882890351117,0.4250369236146465,0.03921302026705172,0.00036050664341844734,0.0,0.03921302026705172,-0.0018767147967559486,0,2,0,5,0,0.7142857142857143,0.36283185840707965,0.5050394279730286,0.06288364158371935,0.8675160685016663,0.5662591109751415,0.017699115044247787,0.3800125313283208,0.04925711024216563
611,109,96.46017699115045,113,2,100,10,1,0.017699115044247787,1.6871995147448906,1.6688953473062822,7.746006458609021,1.2925885634978813,0.4396340887255549,1.3501594133499828,6.884955752212389,6.321882890351117,0.41634945455576045,0.23875203104190476,0.0002328649956158175,0.23076923076923078,0.07477719239759441,0.03357844508833176,0,3,0,10,0,0.6153846153846154,0.336283185840708,0.4715768403049291,0.06393737070996218,0.8679030169150774,0.5591408216729056,0.017699115044247787,0.3800125313283208,0.04929396519292838
612,109,96.46017699115045,113,0,105,8,0,0.0,1.6903872113839733,1.6722058240774622,7.5189693013521195,1.29544454336652,0.4440532617949373,1.3503973035236925,6.884955752212389,6.321882890351117,0.4143880834416809,0.010234995791866288,0.00035003672335517846,0.0,0.010234995791866288,0.001229933223247985,0,0,0,8,0,1.0,0.34513274336283184,0.4632132195946492,0.0670518881697165,0.8794956364450088,0.556950194551608,0.0,0.34461152882205515,0.04940017952745746
613,109,96.46017699115045,113,0,105,8,0,0.0,1.7119431813168047,1.693016182405547,8.46025309932073,1.2991724567185423,0.41517694428802737,1.3301013216594773,6.884955752212389,6.321882890351117,0.42044449687455754,0.01868050091015547,0.0005228176130682694,0.0,0.01868050091015547,-0.0025545890822240847,0,0,0,8,0,0.75,0.34513274336283184,0.4876259452114014,0.0635469274679781,0.8782140745842136,0.5601608733724146,0.0,0.3800125313283208,0.049625796535305924
614,109,96.46017699115045,113,0,103,10,0,0.0,1.688252645678291,1.6698678067643322,7.276771143058389,1.3014939651949513,0.4398493254378886,1.350188531938509,6.884955752212389,6.321882890351117,0.4129683977375036,0.019961480526849346,0.00042627484836651455,0.0,0.019961480526849346,-3.805619347573841e-05,0,0,0,10,0,0.8,0.34513274336283184,0.45685134384281023,0.07264161417932706,0.8550991522648768,0.552938342495932,0.0,0.3800125313283208,0.04958072538069743
615,111,98.23008849557522,113,0,103,10,0,0.0,1.6894293602725554,1.670988601406294,7.173121149586374,1.303725394883957,0.43530127049693873,1.3458248676350246,6.884955752212389,6.321882890351117,0.41514200991724226,0.033023196828884174,0.00034910050800776517,0.0,0.033023196828884174,-2.314141224019073e-05,0,0,0,10,0,0.8,0.34513274336283184,0.4566193060693313,0.07521406525690262,0.8470735185725138,0.5541063488481179,0.0,0.3800125313283208,0.04965714313952848
616,112,99.11504424778761,113,1,103,9,0,0.008849557522123894,1.6605835980835293,1.639097263134029,5.950332328224025,1.3044028021355376,0.4852541441253548,1.3745523317955555,6.884955752212389,6.321882890351117,0.4056443560388179,0.04222521595947931,0.00041135730003555277,0.0,0.04222521595947931,0.0023126144873083345,0,1,0,9,0,0.7,0.336283185840708,0.42273789266670153,0.08032130947295657,0.8461184876905982,0.5430365996077385,0.008849557522123894,0.43327067669172936,0.0495343267751512
617,112,99.11504424778761,113,0,106,7,0,0.0,1.6427321468108902,1.6218636506285786,5.189979401526039,1.3039658410732002,0.501669367755491,1.3361721969934675,6.884955752212389,6.321882890351117,0.39909619982593214,0.011104014168041415,0.00046682546421254756,0.0,0.011104014168041415,-0.002644650539199465,0,0,0,7,0,0.8571428571428571,0.34513274336283184,0.39876448272098114,0.09316808584882177,0.8488135209151906,0.537639006353742,0.0,0.39786967418546365,0.04943125743546929
618,112,99.11504424778761,113,0,107,6,0,0.0,1.6284955413752982,1.6084038376055,4.286189471165739,1.3028757732842366,0.5343648958543972,1.3438452834012564,6.884955752212389,6.321882890351117,0.38858101183364924,0.004079639927203188,0.00043558904562937133,0.0,0.004079639927203188,-0.0132809380935729,0,0,0,6,0,1.0,0.34513274336283184,0.36455254395339703,0.10408288229952456,0.889798948342759,0.5300951723779878,0.0,0.3978696741854636,0.04932561800376947
619,112,99.11504424778761,113,0,107,6,0,0.0,1.6285508027716427,1.6087031586835787,4.169654956671184,1.3018697564867352,0.5229089951855758,1.3249526688034097,6.884955752212389,6.321882890351117,0.3876569663119209,0.015562793448120107,0.00044098316214038574,0.0,0.015562793448120107,0.00010305947181114365,0,0,0,6,0,0.8333333333333334,0.30973451327433627,0.3599029119243181,0.10760597931845178,0.885333213182033,0.5312078591944405,0.0,0.3978696741854636,0.04929409470885355
620,112,99.11504424778761,113,0,104,9,0,0.0,1.6385705332938532,1.6185235207334665,4.1826692985527005,1.30142400432359,0.5099123457096078,1.289272020359984,6.884955752212389,6.321882890351117,0.39120230048732707,0.022878705188764205,0.0003573476763381019,0.0,0.022878705188764205,-0.0033052470343196507,0,0,0,9,0,0.7777777777777778,0.3185840707964602,0.3612764763291843,0.10778562105465096,0.8555906457491979,0.5399277128217301,0.0,0.36246867167919794,0.04933010339659698
621,113,100.0,113,0,105,8,0,0.0,1.623343856974122,1.603876671899477,3.6977674554598745,1.3002656667858516,0.5401178474747532,1.307871076045623,6.884955752212389,6.321882890351117,0.3829625864632724,0.007078196534123127,0.00039088951990753483,0.0,0.007078196534123127,-0.007685892850076363,0,0,0,8,0,1.0,0.3274336283185841,0.341154438466012,0.11267358492455053,0.8671494029976493,0.5322407210117696,0.0,0.37625313283208023,0.04921735564369292
622,113,100.0,113,0,105,8,0,0.0,1.6193488885829619,1.6001025404806992,3.3774563544506435,1.2989896810559853,0.5445103305125077,1.302141772556455,6.884955752212389,6.321882890351117,0.38025837762579995,0.032441657340647106,0.0004034445824100004,0.0,0.032441657340647106,0.001011353103570374,0,0,0,8,0,0.75,0.34513274336283184,0.32802112005449013,0.11994301920094089,0.885281665299555,0.5312016652006597,0.0,0.3978696741854637,0.049157047639967255
623,113,100.0,113,0,105,8,0,0.0,1.6235444618306645,1.604182934076803,3.4096985566993134,1.2980007278133476,0.5453894089363717,1.3074691550490194,6.884955752212389,6.321882890351117,0.380873648454209,0.016064752246313953,0.0004434698299106633,0.0,0.016064752246313953,-0.006422161928477985,0,0,0,8,0,0.875,0.35398230088495575,0.32841139343891,0.12068436844807841,0.8842635495705853,0.5337731915588972,0.0,0.3978696741854637,0.04914676527328582
624,113,100.0,113,0,106,7,0,0.0,1.6062710521363512,1.5874767810295727,3.2228016149503547,1.2962293802916467,0.5602119058449179,1.3469141546641652,6.884955752212389,6.321882890351117,0.3791869682695215,0.03136063027679249,0.0004335199297328915,0.0,0.03136063027679249,0.0021630614937780085,0,0,0,7,0,0.7142857142857143,0.37168141592920356,0.32250500722375114,0.12239656249806735,0.8695140504276052,0.5303580300522871,0.0,0.43327067669172936,0.04900440696686272
625,113,100.0,113,0,107,6,0,0.0,1.6004462947795255,1.581706970835391,3.1638414291413275,1.2942782067710716,0.5464448653680611,1.3125040215891361,6.884955752212389,6.321882890351117,0.377612704770917,0.025500337104183434,0.00044780813817051876,0.0,0.025500337104183434,-0.0025565999377151947,0,0,0,6,0,0.8333333333333334,0.34513274336283184,0.3197387549156452,0.11979389965354088,0.8590153480725062,0.5302922794310049,0.0,0.468671679197995,0.048913607727599444
626,113,100.0,113,0,105,8,0,0.0,1.5962995326242135,1.5779841065832805,2.789045596373239,1.292262100060907,0.5578870825245682,1.3261201125140343,6.884955752212389,6.321882890351117,0.37339745929936097,0.02506737933708809,0.00044058543140311853,0.0,0.02506737933708809,-0.0010875704654514998,0,0,0,8,0,0.875,0.34513274336283184,0.30351487938925753,0.13686735176108036,0.8507214575732068,0.528098554654786,0.0,0.43327067669172936,0.04882914596424232
627,113,100.0,113,0,107,6,0,0.0,1.5933085391536377,1.5750643605764933,2.701229587213634,1.2902257829173072,0.5491674766949932,1.3484641306095309,6.884955752212389,6.321882890351117,0.37451613164485376,0.0024799199636775294,0.0003884821447519711,0.0,0.0024799199636775294,0.0029418277864291056,0,0,0,6,0,1.0,0.35398230088495575,0.30125886764132004,0.13435437603318848,0.8556630709855251,0.5299118487041609,0.0,0.43327067669172936,0.04874982420434218
628,113,100.0,113,0,106,7,0,0.0,1.6224715818476625,1.603757915026368,2.970315732481124,1.2897693776863222,0.5252912509501838,1.2996869636055244,6.884955752212389,6.321882890351117,0.3792981359173473,0.00255476112546553,0.0003578546135069233,0.0,0.00255476112546553,0.006784568680452773,0,0,0,7,0,1.0,0.336283185840708,0.31067059504986033,0.13235470843623923,0.8573244816772053,0.5361380349928428,0.0,0.3978696741854637,0.04888121271570815
629,113,100.0,113,0,105,8,0,0.0,1.6360382612907003,1.6173688077708603,3.0511987198527666,1.2900301976192559,0.5156514630392671,1.3145514327966497,6.884955752212389,6.321882890351117,0.3801614260562889,0.0021367118786007103,0.0002654323699295007,0.0,0.0021367118786007103,0.007278188634561915,0,0,0,8,0,1.0,0.3274336283185841,0.31223857726065685,0.1342495230874461,0.8663736001278575,0.5387759732320815,0.0,0.36246867167919794,0.04895729047828072
630,113,100.0,113,0,106,7,0,0.0,1.6446698115535208,1.625665920989807,3.4241064170259197,1.2906941558462601,0.5015498216271669,1.2836719147269342,6.884955752212389,6.321882890351117,0.3875710244343453,0.0037777547694353235,0.00031004103032536987,0.0,0.0037777547694353235,0.00940038767710182,0,0,0,7,0,1.0,0.34513274336283184,0.3299085284256356,0.1261144200698805,0.8524844854555746,0.5530471661581379,0.0,0.3978696741854636,0.04902143556037086
631,112,99.11504424778761,113,1,104,8,0,0.008849557522123894,1.645094601037465,1.6216849549709373,3.0370127092048627,1.2913578945730324,0.5301330373852354,1.2941321759237339,6.884955752212389,6.321882890351117,0.38281607590783007,0.017981276347926373,0.0003128413320899378,0.0,0.017981276347926373,0.01395137898005878,0,1,0,8,0,0.7777777777777778,0.3185840707964602,0.3129268976958449,0.1353031601750419,0.8304570412507577,0.5516505995469269,0.008849557522123894,0.4157268170426065,0.049044539900292804
632,112,99.11504424778761,113,0,102,11,0,0.0,1.6489353491258587,1.6254992284405474,2.8208893770938226,1.2919294868672793,0.5460448322066888,1.3015442538330126,6.884955752212389,6.321882890351117,0.377970706671364,0.010436306498280446,0.00023112260152666103,0.0,0.010436306498280446,0.013681026189024914,0,0,0,11,0,0.9090909090909091,0.3185840707964602,0.3007105503297821,0.15002542811655756,0.837942667985208,0.5425026394496026,0.0,0.4157268170426065,0.049081811338461054
633,111,98.23008849557522,113,1,102,10,0,0.008849557522123894,1.6479069344656843,1.6237177042822146,2.8231603475759277,1.2923918456254524,0.5516164840096999,1.3147062155268006,6.884955752212389,6.321882890351117,0.37755422587244447,0.00823991346795763,0.00020785542307412462,0.0,0.00823991346795763,0.012995569086369231,0,1,0,10,0,0.9090909090909091,0.3185840707964602,0.300673007640675,0.15704283444194903,0.8249056015003065,0.5412488630671453,0.008849557522123894,0.5219298245614035,0.04909128415477267
634,111,98.23008849557522,113,0,103,10,0,0.0,1.6642165776544662,1.6392286576213893,3.1396111058383815,1.293592439492483,0.544528154072695,1.307227014807789,6.884955752212389,6.321882890351117,0.38059606889505804,0.0034483517099584506,0.00019008024657173425,0.0,0.0034483517099584506,0.01049009880600143,0,0,0,10,0,1.0,0.3185840707964602,0.3123720804512818,0.14506731864525843,0.8181984497764754,0.5477894157068364,0.0,0.45112781954887216,0.049210782439847785
635,111,98.23008849557522,113,0,103,10,0,0.0,1.6622930365938755,1.6374170433110717,2.992566169564942,1.2946255107131526,0.5250460275208703,1.3070037249421806,6.884955752212389,6.321882890351117,0.3832884587323455,0.004542834555954744,0.0001884780478322445,0.0,0.004542834555954744,0.010859719289736553,0,0,0,10,0,1.0,0.3185840707964602,0.30982214772470995,0.15038097274585605,0.822252302358438,0.5531978871917446,0.0,0.45112781954887216,0.04923381951091716
636,112,99.11504424778761,113,0,104,9,0,0.0,1.66581929893997,1.6405103476607905,2.9151483211779494,1.2957497164438228,0.5388687543465224,1.2944010003596877,6.884955752212389,6.321882890351117,0.3823473720351698,0.002849299438890555,0.00017164089099100315,0.0,0.002849299438890555,0.013651497893103283,0,0,0,9,0,1.0,0.3274336283185841,0.30668230833012045,0.1564321173545689,0.8346503299417237,0.548402800938664,0.0,0.42951127819548873,0.049286986307517426
637,112,99.11504424778761,113,0,104,9,0,0.0,1.6593955428401912,1.6348383012287735,2.484960986869203,1.2965159870984189,0.5605099741053877,1.2852524339948015,6.884955752212389,6.321882890351117,0.3756451815080628,0.012059782809396064,0.00015287052176171995,0.0,0.012059782809396064,0.0105046956491558,0,0,0,9,0,0.8888888888888888,0.3185840707964602,0.2862713833781308,0.18291134293541567,0.8489187735131818,0.5381813084303088,0.0,0.4157268170426065,0.04927908889372187
638,113,100.0,113,0,105,8,0,0.0,1.6549438049757215,1.6306063096795487,2.214979349307964,1.2970197817798705,0.5749181291690298,1.2699816669239958,6.884955752212389,6.321882890351117,0.37312804083852313,0.011844344315784319,0.00024154104447442312,0.0,0.011844344315784319,0.007878137375083041,0,0,0,8,0,0.875,0.34513274336283184,0.274481759686499,0.19819538514754861,0.8235624233034731,0.5342070602859743,0.0,0.45112781954887216,0.049272754859284125
639,113,100.0,113,0,106,7,0,0.0,1.6611268815423306,1.6367877741995647,2.3176284760953223,1.2978043551098444,0.5676808180986452,1.2935617721659138,6.884955752212389,6.321882890351117,0.37597570818159354,0.014394800034978924,0.00021128980980660215,0.0,0.014394800034978924,0.008778207846538424,0,0,0,7,0,0.8571428571428571,0.36283185840707965,0.2802427682560357,0.19403119179940662,0.8388469742981651,0.5424786058224343,0.0,0.45112781954887216,0.04932847014567211
640,113,100.0,113,0,107,6,0,0.0,1.6557109694313181,1.6312928255061454,2.073123511765979,1.298261421255682,0.5747108769934055,1.240644526171725,6.884955752212389,6.321882890351117,0.3728337047108772,0.014354664550514361,0.00022958892523092903,0.0,0.014354664550514361,0.009947655127229477,0,0,0,6,0,0.8333333333333334,0.3274336283185841,0.26882821379732524,0.21092824201629257,0.8356360499244395,0.5352727921257638,0.0,0.45112781954887216,0.04931583817835269
641,113,100.0,113,0,107,6,0,0.0,1.6652256587396592,1.6407710143442236,2.0264101592362502,1.2991689522138241,0.5696310135580679,1.227544380368727,6.884955752212389,6.321882890351117,0.37599680496077625,0.01497614788730045,0.00024964481327734373,0.0,0.01497614788730045,0.010061939768396228,0,0,0,6,0,0.8333333333333334,0.3185840707964602,0.268677110342808,0.20881498262729098,0.8235612470119019,0.5460414664317845,0.0,0.42951127819548873,0.04939209814707811
642,113,100.0,113,0,106,7,0,0.0,1.6671040227081682,1.6425416236619805,2.0569055807611183,1.30010865880561,0.5743629481536106,1.217322813376014,6.884955752212389,6.321882890351117,0.3741920878253244,0.005687441938390498,0.00016712336851649668,0.0,0.005687441938390498,0.016099859377368568,0,0,0,7,0,1.0,0.30973451327433627,0.26854398550904296,0.2243278536038169,0.8209161781778241,0.5377157363574101,0.0,0.42951127819548873,0.04943119354204347
643,113,100.0,113,0,107,6,0,0.0,1.6588384173716049,1.6348061071607576,1.8976865195383454,1.300597734011814,0.5892426705106677,1.241636849151231,6.884955752212389,6.321882890351117,0.3696835866433188,0.005000214816451244,0.0003203558331291886,0.0,0.005000214816451244,0.008555399505880282,0,0,0,6,0,1.0,0.30973451327433627,0.2583761047844768,0.23779331126953512,0.8075067470763326,0.5303265875971737,0.0,0.42951127819548873,0.04940532489625163
644,113,100.0,113,0,106,7,0,0.0,1.6545523597437657,1.6304888044494492,2.066506774392511,1.3008375425990912,0.5791236863583588,1.273277493613838,6.884955752212389,6.321882890351117,0.3725335089420845,0.040961566302475313,0.00025829507093638114,0.0,0.040961566302475313,0.010801531306417977,0,0,0,7,0,0.8571428571428571,0.3274336283185841,0.2675446123306089,0.22110209413763504,0.8100042592171188,0.5363656806466737,0.0,0.45112781954887216,0.049391474817136766
645,112,99.11504424778761,113,1,104,8,0,0.008849557522123894,1.660309515693937,1.6403002999649754,1.9577685800255562,1.3013441557256384,0.5653587256144627,1.2364524975987266,6.884955752212389,6.321882890351117,0.37591435337762635,0.03600178321707926,0.00024844036189807385,0.0,0.03600178321707926,0.007972304086637103,0,1,0,8,0,0.7777777777777778,0.2920353982300885,0.2656769815855251,0.23268881987276976,0.8159630392918714,0.5400793840414231,0.008849557522123894,0.468671679197995,0.04943627434117136
646,112,99.11504424778761,113,0,105,8,0,0.0,1.6575735617897978,1.6373121491433686,1.9976652433388746,1.3018818674949026,0.5651200383470687,1.2044728178784656,6.884955752212389,6.321882890351117,0.377654092600741,0.032150977797354936,0.00028936701251027803,0.0,0.032150977797354936,0.012920213566399205,0,0,0,8,0,0.75,0.3008849557522124,0.2687317033517103,0.2305626707546533,0.8193509926234784,0.546264948062846,0.0,0.468671679197995,0.04943959132582092
647,111,98.23008849557522,113,1,107,5,0,0.008849557522123894,1.6590290424391836,1.637906876011742,1.953598425147179,1.3024717393012846,0.569012703084249,1.24726924218388,6.884955752212389,6.321882890351117,0.3761918070794581,0.010615838866356989,0.00022460584503117718,0.0,0.010615838866356989,0.010548014997157212,0,1,0,5,0,0.8333333333333334,0.2920353982300885,0.2655559007280192,0.23745691836926017,0.8286215843449936,0.5423740384087116,0.008849557522123894,0.5219298245614035,0.04946551423146918
648,111,98.23008849557522,113,0,107,6,0,0.0,1.6717589269207227,1.6503735483023796,2.0311713682666297,1.3035987476443451,0.5444874112047376,1.2287536514683992,6.884955752212389,6.321882890351117,0.37871919280377697,0.006037557420417598,0.00023515179193927648,0.0,0.006037557420417598,0.011872361485319458,0,0,0,6,0,1.0,0.3008849557522124,0.2695129279448093,0.2277588077713324,0.8464218149050573,0.5528769195177878,0.0,0.4865288220551378,0.04956478772768326
649,111,98.23008849557522,113,0,109,4,0,0.0,1.6679458047266678,1.6463857324422644,1.9093375647057367,1.3044528238009456,0.5545647478741161,1.2260212673547959,6.884955752212389,6.321882890351117,0.3776388481691859,0.000556818671346466,0.00025572503915106693,0.0,0.000556818671346466,0.006327770328720006,0,0,0,4,0,1.0,0.30973451327433627,0.26429776277808165,0.24779540665991268,0.7980501189017477,0.5501038719546164,0.0,0.5219298245614035,0.049572718963920334
650,112,99.11504424778761,113,0,109,4,0,0.0,1.6792670859934558,1.6572533171770802,1.9315288505137183,1.3058025350470865,0.5486757883455692,1.2012250741394668,6.884955752212389,6.321882890351117,0.3813406540076927,0.007703479858315049,0.00019338185159710605,0.0,0.007703479858315049,0.002038826312656783,0,0,0,4,0,1.0,0.3185840707964602,0.26741596643996784,0.2546523708232854,0.7930072033469588,0.553947521821695,0.0,0.4865288220551378,0.04967198895242374
651,112,99.11504424778761,113,0,106,7,0,0.0,1.6792028671161652,1.6581038679102116,1.782306032648173,1.3071099357859062,0.550526520573548,1.1685328462897602,6.884955752212389,6.321882890351117,0.3744426865002497,0.005102865264302564,0.00014319748290030613,0.0,0.005102865264302564,0.016014315817364847,0,0,0,7,0,1.0,0.3274336283185841,0.25495016928562464,0.26130555728148497,0.8117707894824295,0.5452301826989769,0.0,0.4865288220551378,0.049712994029845164
652,113,100.0,113,0,106,7,0,0.0,1.683232856893458,1.6618020529979547,1.7518052003530078,1.3085217201253627,0.5434110419196889,1.162003943439844,6.884955752212389,6.321882890351117,0.3753070702158863,0.006581447100480267,0.00019056062995996046,0.0,0.006581447100480267,0.014487317612182539,0,0,0,7,0,1.0,0.3274336283185841,0.2539561307152245,0.264420410185329,0.8117707894824295,0.5483227914828138,0.0,0.4865288220551378,0.04977776965503401
653,113,100.0,113,0,108,5,0,0.0,1.6823888619258165,1.6611155843834686,1.75344949831553,1.3098095349187049,0.5422455080533055,1.1751482082346878,6.884955752212389,6.321882890351117,0.37636073038363116,0.0018603822516397208,0.0001686353986173963,0.0,0.0018603822516397208,0.009913162396849001,0,0,0,5,0,1.0,0.30973451327433627,0.25467594263371124,0.24319347331139285,0.7858280891664288,0.5581691375228859,0.0,0.4865288220551378,0.04981425675173566
654,113,100.0,113,0,106,7,0,0.0,1.7003592459544135,1.6783610598599152,1.7836284039465415,1.3118881265797715,0.5263245863043103,1.1494250921259423,6.884955752212389,6.321882890351117,0.3797740471086888,0.0014066083305580971,0.0001983348750870808,0.0,0.0014066083305580971,0.011360612725084592,0,0,0,7,0,1.0,0.3274336283185841,0.25709671895174413,0.24041782398567837,0.8208149405337841,0.5632907004394123,0.0,0.4865288220551378,0.04996981173716926
655,113,100.0,113,0,105,8,0,0.0,1.7030354173548317,1.6804623035951471,1.8755823885186134,1.3139415826448027,0.5299799549275129,1.207623602013273,6.884955752212389,6.321882890351117,0.38053131112316674,0.009774925582346208,0.00016402194229877247,0.0,0.009774925582346208,0.014370524030056793,0,0,0,8,0,0.875,0.336283185840708,0.2618495045074378,0.23329573915688398,0.7971382019730472,0.5604432491927324,0.0,0.4865288220551378,0.05004810113798939
656,113,100.0,113,0,105,8,0,0.0,1.7004988393369225,1.6782168743507735,1.7592527403419949,1.3157516588964255,0.533650180451187,1.2015720224285789,6.884955752212389,6.321882890351117,0.3780713536289706,0.009970165102566396,0.00020004602703353757,0.0,0.009970165102566396,0.017901405022510256,0,0,0,8,0,0.875,0.3274336283185841,0.2551344589356331,0.23922637359626675,0.7870975587917929,0.5589503130109555,0.0,0.4865288220551378,0.05009263369832667
657,113,100.0,113,0,105,8,0,0.0,1.6651125464038483,1.6429710286301604,1.5656798554777422,1.3156647433750583,0.5659409832163541,1.2305338804966242,6.884955752212389,6.321882890351117,0.3716991150410003,0.015292435624296103,0.00022179983586192786,0.0,0.015292435624296103,0.014185621182963383,0,0,0,8,0,0.875,0.3185840707964602,0.24482775624919945,0.2514978964940979,0.8108196824754443,0.5449159926778395,0.0,0.4865288220551378,0.049912954884924116
658,113,100.0,113,0,105,8,0,0.0,1.6658166434444504,1.6434092061286307,1.5559307331799044,1.3156054834058095,0.5693444574724197,1.2208650716639338,6.884955752212389,6.321882890351117,0.3732226446603175,0.015711231275481137,0.00021540444065160222,0.0,0.015711231275481137,0.009153661757959425,0,0,0,8,0,0.875,0.3274336283185841,0.24580439477551344,0.2615853135973186,0.7846880437107797,0.5445288143558138,0.0,0.5219298245614035,0.049914602197198746
659,113,100.0,113,0,108,5,0,0.0,1.6641014046556866,1.6414355657347595,1.5075908434046192,1.3154501527949152,0.5772889057427998,1.1913421540243594,6.884955752212389,6.321882890351117,0.37326401280330135,0.02583671025071847,0.00013759049329489472,0.0,0.02583671025071847,0.00996819850034995,0,0,0,5,0,0.8,0.3274336283185841,0.24372640009020688,0.27158707832987566,0.8179828435240677,0.5415635929901923,0.0,0.4865288220551378,0.04990111609359812
660,113,100.0,113,0,107,6,0,0.0,1.6609343334575677,1.6386335588179715,1.437631793410785,1.3151629303266479,0.5971042859808532,1.1736300952478473,6.884955752212389,6.321882890351117,0.36973591954552276,0.006904381832714561,0.00024897381727364675,0.0,0.006904381832714561,0.006402690284595179,0,0,0,6,0,1.0,0.336283185840708,0.23737673492939693,0.26591658292372244,0.8123353726397187,0.5392144607748461,0.0,0.45112781954887216,0.04987620180356821
661,113,100.0,113,0,108,5,0,0.0,1.6424395065500537,1.6206581256102943,1.3212078221684627,1.313984757057321,0.6179501377148585,1.222135556731267,6.884955752212389,6.321882890351117,0.3636439253857955,0.001320624173052155,0.00021074931561371698,0.0,0.001320624173052155,0.006453134509434177,0,0,0,5,0,1.0,0.3185840707964602,0.2279826202995106,0.265268950451465,0.8011564594035796,0.527690468770716,0.0,0.5219298245614035,0.04974648630186451
662,113,100.0,113,0,106,7,0,0.0,1.6600812057777963,1.6380277043556886,1.3807120135437212,1.3137595340637913,0.6126295301285123,1.2125596001759884,6.884955752212389,6.321882890351117,0.36460609168859515,0.004821150739415776,0.00024279675229965124,0.0,0.004821150739415776,0.009184060152870432,0,0,0,7,0,1.0,0.3185840707964602,0.23026149114336722,0.260711360510332,0.7902787505762433,0.5317849346190129,0.0,0.45112781954887216,0.04982757563105668
663,113,100.0,113,0,107,6,0,0.0,1.642143386705872,1.6207150672886688,1.3258544615864936,1.312672961691668,0.6249243148043758,1.217556705117738,6.884955752212389,6.321882890351117,0.36055589168147306,0.005127993256969019,0.0002445576150584407,0.0,0.005127993256969019,0.0054942578080318565,0,0,0,6,0,1.0,0.3185840707964602,0.22546203540115872,0.2511593573907841,0.7927453919076778,0.5276233713232558,0.0,0.4865288220551378,0.04970354061925477
664,113,100.0,113,0,105,8,0,0.0,1.6353275833125147,1.6139586689162444,1.2815902291297958,1.3113133758782607,0.627362161289185,1.1936207456947443,6.884955752212389,6.321882890351117,0.359216479137618,0.007852271871175567,0.00022672139168877022,0.0,0.007852271871175567,0.009965061935315305,0,0,0,8,0,1.0,0.3185840707964602,0.2229037876603966,0.25122889662977743,0.8021539009304751,0.5281728289300403,0.0,0.4157268170426065,0.04962648589082927
665,113,100.0,113,0,108,5,0,0.0,1.630274202186427,1.6087822899472823,1.3677118441428129,1.309777945794668,0.6228191553644478,1.2050851303911998,6.884955752212389,6.321882890351117,0.35980451106239175,0.006745182857888844,0.00014653033616161262,0.0,0.006745182857888844,0.005744242884863926,0,0,0,5,0,1.0,0.34513274336283184,0.22807742394505492,0.23499166868497517,0.8057071115209017,0.5308197637553941,0.0,0.4157268170426065,0.04955268493932486
666,113,100.0,113,0,108,5,0,0.0,1.6128169040351057,1.5913753310186298,1.2945821118292107,1.307459225756231,0.6545783871248432,1.2762987057231086,6.884955752212389,6.321882890351117,0.3545813622034908,0.006787874936612942,0.00020060692075350478,0.0,0.006787874936612942,0.0003230308829857309,0,0,0,5,0,1.0,0.34513274336283184,0.22219559440717135,0.23252990774599522,0.8250441417523954,0.5246788029911742,0.0,0.45112781954887216,0.049392105065875706
667,113,100.0,113,0,109,4,0,0.0,1.612446891727497,1.5908905408707819,1.268322603891362,1.3052625741908501,0.6632885936512354,1.2807705687274067,6.884955752212389,6.321882890351117,0.35180272291675574,0.0036257457513952608,0.00017245435220604265,0.0,0.0036257457513952608,-0.0032393860234255986,0,0,0,4,0,1.0,0.3185840707964602,0.2192078328320074,0.2405180156242001,0.8256504975179251,0.5188496937269643,0.0,0.45112781954887216,0.04932082013460144
668,113,100.0,113,0,109,4,0,0.0,1.600934178685423,1.5797090364080237,1.2060727225803256,1.3026392870709298,0.6635150549189829,1.293396994084145,6.884955752212389,6.321882890351117,0.3503565925261978,0.003920966997914428,0.0002906818980296234,0.0,0.003920966997914428,6.187999857223958e-05,0,0,0,4,0,1.0,0.3185840707964602,0.21609253029214606,0.25914807368799386,0.7938526807452919,0.512903503444156,0.0,0.5573308270676691,0.04918033599959156
669,113,100.0,113,0,110,3,0,0.0,1.602730163332706,1.5815465269036628,1.2887609274323146,1.300274772288413,0.6523449787453108,1.3162033331186003,6.884955752212389,6.321882890351117,0.3471649394820615,0.004076561082780779,7.320756839295052e-05,0.0,0.004076561082780779,0.007197000380769443,0,0,0,3,0,1.0,0.3274336283185841,0.21779727253240047,0.24607876291261388,0.7868771903436542,0.5099050401867117,0.0,0.4865288220551378,0.049114574995090095
670,113,100.0,113,0,107,6,0,0.0,1.614093528095285,1.5923081645281996,1.420420107559429,1.2986040098635374,0.6404656325849578,1.3255375130558544,6.884955752212389,6.321882890351117,0.35323221575432195,0.004014903634271761,0.0002103688616460583,0.0,0.004014903634271761,0.009144330444532842,0,0,0,6,0,1.0,0.3274336283185841,0.22837085788599026,0.23683660570867343,0.7922379884461082,0.5175841070245131,0.0,0.5219298245614035,0.04911857999696468
671,113,100.0,113,0,105,8,0,0.0,1.6134507027134928,1.591726000251312,1.383739573773471,1.297009428087487,0.6546422051435826,1.3613684351430044,6.884955752212389,6.321882890351117,0.3512835006002395,0.0037287865962268626,0.00016557268566552496,0.0,0.0037287865962268626,0.004532569052454187,0,0,0,8,0,1.0,0.30973451327433627,0.22523844049700018,0.24737836371320843,0.7916074004922278,0.5108109168856854,0.0,0.5219298245614035,0.04906496207381932
672,113,100.0,113,0,107,6,0,0.0,1.6049117048949206,1.5834619283236655,1.2780666494824628,1.295097697944518,0.6656126637221291,1.3580593730476516,6.884955752212389,6.321882890351117,0.34964981569216613,0.003021621405254567,0.00020568567601461854,0.0,0.003021621405254567,0.006037265868390489,0,0,0,6,0,1.0,0.30973451327433627,0.2188766046940878,0.27354138667507755,0.7876045686744328,0.5043531378790285,0.0,0.5219298245614035,0.04896183841431744
673,112,99.11504424778761,113,1,105,7,0,0.008849557522123894,1.6183749128932037,1.599447921543105,1.2978022074209186,1.29397009149287,0.6543730108271687,1.3066392947343748,6.884955752212389,6.321882890351117,0.3514980529775751,0.004758486515220162,0.00018328022209472157,0.0,0.004758486515220162,0.003396955553524497,0,1,0,7,0,1.0,0.3008849557522124,0.22056168527202802,0.2911989341339232,0.795148295354112,0.4991717061958486,0.008849557522123894,0.4865288220551378,0.04899351147464025
674,112,99.11504424778761,113,0,106,7,0,0.0,1.6147174683063266,1.5956309455535713,1.3078803859013735,1.292865953464601,0.6513951192696834,1.3061137694091216,6.884955752212389,6.321882890351117,0.34991869833175393,0.005040637918919517,0.00021294558454275418,0.0,0.005040637918919517,-0.0006289942647517223,0,0,0,7,0,1.0,0.2920353982300885,0.22029470171210688,0.29590383138325577,0.8086008694134801,0.4941196309424403,0.0,0.4865288220551379,0.04894032309515836
675,112,99.11504424778761,113,0,104,9,0,0.0,1.6283960570196125,1.609089434796215,1.3828262883002238,1.2925122816924108,0.6390715238308237,1.2518309563373282,6.884955752212389,6.321882890351117,0.35298631679743897,0.005660321575920985,0.00023462165397125274,0.0,0.005660321575920985,5.4872078199467524e-05,0,0,0,9,0,1.0,0.3008849557522124,0.2252662160276206,0.28549422056400814,0.8077930331028533,0.50124382147701,0.0,0.45112781954887227,0.04899753668109774
676,112,99.11504424778761,113,0,102,11,0,0.0,1.625972500760103,1.606611463627652,1.4393027263147204,1.2920556450872085,0.6243650793556306,1.2777676283890758,6.884955752212389,6.321882890351117,0.35479841503207776,0.032212990706728915,0.0002449110583932862,0.0,0.032212990706728915,0.007728632148537609,0,0,0,11,0,0.9090909090909091,0.3008849557522124,0.22959488851905735,0.27879137378803187,0.8040033567144792,0.5082521608930045,0.0,0.4865288220551379,0.04897098488409251
677,111,98.23008849557522,113,1,103,9,0,0.008849557522123894,1.6163746676899298,1.5949680235847015,1.3554007624184452,1.2911664072105427,0.6536515653569283,1.3151817633848888,6.884955752212389,6.321882890351117,0.3481949412153962,0.07065389516189848,0.0003452191376442506,0.1,0.04523737589548059,0.004615202481774763,0,1,0,9,0,0.9,0.3008849557522124,0.2208105589914361,0.2641650801404451,0.8083841499118216,0.49895748133012086,0.008849557522123894,0.5219298245614035,0.04889488743015191
678,112,99.11504424778761,113,0,106,7,0,0.0,1.6030643002741538,1.5822342107987184,1.4090957979781986,1.289561974113351,0.6647914023898501,1.3468342449540807,6.884955752212389,6.321882890351117,0.3451457431240912,0.007768742997919126,0.0002448636824676026,0.0,0.007768742997919126,-0.0019396388002481907,0,0,0,7,0,1.0,0.3008849557522124,0.22242107788186613,0.2513285060024125,0.8083841499118216,0.4961501488919737,0.0,0.5219298245614035,0.04877762040234379
679,112,99.11504424778761,113,0,109,4,0,0.0,1.5869846974716166,1.5665232258119626,1.3575961188029093,1.2872643873401914,0.6773790692757299,1.3503907275947404,6.884955752212389,6.321882890351117,0.340603769272408,0.01045961195641118,0.00033484482681712263,0.0,0.01045961195641118,-0.005385132889967725,0,0,0,4,0,1.0,0.30973451327433627,0.2180608354244928,0.2549059597479674,0.7864736947092836,0.4881112915831151,0.0,0.5219298245614035,0.04862459701577943
680,112,99.11504424778761,113,0,106,7,0,0.0,1.6038940833147362,1.5827877301008155,1.4386856067129135,1.2859346296432048,0.6714709635713346,1.2498119838544943,6.884955752212389,6.321882890351117,0.34406167134720556,0.007505069620805977,0.0003584712999532067,0.0,0.007505069620805977,-0.0019260364807541866,0,0,0,7,0,1.0,0.3008849557522124,0.22365327979466695,0.24982811833498889,0.7996977106678604,0.49331382388875117,0.0,0.5219298245614035,0.04866711108283057
681,111,98.23008849557522,113,1,107,5,0,0.008849557522123894,1.6067526470707476,1.5829857134222853,1.4921292348314532,1.2848260333791361,0.6620663844765468,1.3653176583631315,6.884955752212389,6.321882890351117,0.3478694074628301,0.01447061483575243,0.000345342712485136,0.0,0.01447061483575243,0.003562292546685636,0,1,0,5,0,1.0,0.2831858407079646,0.22899955809964445,0.24089983250627942,0.7909560888758389,0.49553411098003586,0.008849557522123894,0.5219298245614035,0.04864636182284001
682,112,99.11504424778761,113,0,109,4,0,0.0,1.5982335311922211,1.5752083641640522,1.391796533410813,1.283267098653337,0.6729401932930366,1.3622952280937857,6.884955752212389,6.321882890351117,0.3460216647504053,0.009127845375878737,0.00021196614901878782,0.0,0.009127845375878737,0.005867283799730463,0,0,0,4,0,1.0,0.2743362831858407,0.22336073582800273,0.25036579353868677,0.8173079125928202,0.4938341760443587,0.0,0.5219298245614035,0.048554489229596355
683,112,99.11504424778761,113,0,109,4,0,0.0,1.6009803722782647,1.5779044077048974,1.40673339159649,1.2819430705275003,0.6697036602621003,1.3992118261335103,6.884955752212389,6.321882890351117,0.3472721707788582,0.003970365085637179,7.459560325217347e-05,0.0,0.003970365085637179,0.019051473646057096,0,0,0,4,0,1.0,0.2831858407079646,0.22441173171314863,0.24133402698309256,0.8060363851043342,0.4966973530754282,0.0,0.5219298245614035,0.04852637168125122
684,112,99.11504424778761,113,0,110,3,0,0.0,1.599876549511017,1.5766438015807005,1.57687316358916,1.2806389906749096,0.6640472012062608,1.3627187954880449,6.884955752212389,6.321882890351117,0.35031666126714267,0.0021199221511008304,0.00018282755083632454,0.0,0.0021199221511008304,0.008128098975593226,0,0,0,3,0,1.0,0.26548672566371684,0.23488852324200593,0.22418569280326275,0.794851495225096,0.49981675492938754,0.0,0.5219298245614035,0.04847963136687626
685,112,99.11504424778761,113,0,109,4,0,0.0,1.6099860855966432,1.586701350140933,1.6405742908805603,1.2799260143766913,0.6573797813362374,1.388449959606796,6.884955752212389,6.321882890351117,0.35078371933403374,0.0021683440944351663,0.00041619566003446064,0.0,0.0021683440944351663,0.0012239450047683842,0,0,0,4,0,1.0,0.25663716814159293,0.23712535080605945,0.21996574054375748,0.8052688740544807,0.501298390490153,0.0,0.45112781954887216,0.04850764228399973
686,113,100.0,113,0,110,3,0,0.0,1.6135502525552232,1.5905145816406894,1.6107518480869054,1.2794509660288844,0.6579418485649028,1.3904470548636798,6.884955752212389,6.321882890351117,0.350146987078491,0.0026317584690734174,0.00040914900792925587,0.0,0.0026317584690734174,-0.0027715154345019735,0,0,0,3,0,1.0,0.25663716814159293,0.23510028378691794,0.22703621631894388,0.8052688740544807,0.5001262171945774,0.0,0.45112781954887216,0.04851044711868218
687,113,100.0,113,0,110,3,0,0.0,1.624943183450715,1.6013416881100604,1.5580235026119713,1.2795535312744237,0.6484758947335587,1.3673348765529223,6.884955752212389,6.321882890351117,0.3540515499072736,0.002112548514259209,0.0002147833301721414,0.0,0.002112548514259209,0.012075576115540313,0,0,0,3,0,1.0,0.26548672566371684,0.23487109025022007,0.23681865470769362,0.8223762723143323,0.5047488179887845,0.0,0.45112781954887216,0.04857065380051424
688,113,100.0,113,0,109,4,0,0.0,1.6305389071556193,1.6066928394570055,1.6237485859133693,1.2799202472824054,0.6341186836165164,1.3188098407538291,6.884955752212389,6.321882890351117,0.3590177140602051,0.002973766236794466,0.00016592701895741069,0.0,0.002973766236794466,0.015648012905864643,0,0,0,4,0,1.0,0.26548672566371684,0.24140242919968366,0.23394400493049747,0.7917479026190315,0.5127663337173476,0.0,0.45112781954887216,0.048610224097321145
689,113,100.0,113,0,108,5,0,0.0,1.619493168663125,1.59601169586653,1.4630521475675253,1.2797235804225109,0.6452524851847151,1.3317221319454298,6.884955752212389,6.321882890351117,0.3554796320272615,0.024767904878851558,9.736773480448987e-05,0.0,0.024767904878851558,0.018228932138966293,0,0,0,5,0,0.8,0.2743362831858407,0.2315510751611847,0.25008938024446875,0.7973285977156606,0.5069088249820476,0.0,0.4865288220551378,0.04854877888057534
690,113,100.0,113,0,108,5,0,0.0,1.6214474849897418,1.597368879987546,1.6296894764895709,1.2796079862837717,0.6404371808711722,1.331798952522676,6.884955752212389,6.321882890351117,0.3594008614461619,0.02607910282869328,0.00010716434810968767,0.0,0.02607910282869328,0.018217801525389786,0,0,0,5,0,0.8,0.2743362831858407,0.24250430990125593,0.24872317324220805,0.8140278310119725,0.5088097551630627,0.0,0.45112781954887216,0.048554896599168826
691,113,100.0,113,0,110,3,0,0.0,1.627785360107783,1.603577948815676,1.593260151357303,1.2798137239190293,0.6494900463024759,1.3328723776832117,6.884955752212389,6.321882890351117,0.357853281598445,0.04129359816890604,0.00015681664419211173,0.0,0.04129359816890604,0.009514120378961913,0,0,0,3,0,0.6666666666666666,0.2920353982300885,0.2401915306780576,0.26539274258689516,0.826788064608753,0.5059360435597471,0.0,0.45112781954887216,0.04859308922094022
692,113,100.0,113,0,109,4,0,0.0,1.6461161672519478,1.6216406013604585,1.777843551925696,1.2809199748545415,0.6254494649787544,1.3427689063088866,6.884955752212389,6.321882890351117,0.36097308597337197,0.03775717093647746,0.00017464753582642283,0.0,0.03775717093647746,0.017347849402746668,0,0,0,4,0,0.75,0.26548672566371684,0.24979279077320138,0.2434187355913301,0.8230534095887514,0.5149185954371264,0.0,0.4865288220551378,0.04871971120096928
693,113,100.0,113,0,110,3,0,0.0,1.6357833430917215,1.6120055623245921,1.6546135987148285,1.2814689971940076,0.6433241155122523,1.341535549345489,6.884955752212389,6.321882890351117,0.35574400219712876,0.002827472468653947,0.0001892656252435019,0.0,0.002827472468653947,0.013051918330996412,0,0,0,3,0,1.0,0.25663716814159293,0.24086150587099908,0.24704199223307619,0.8361053248589776,0.51025260222459,0.0,0.4865288220551378,0.048685401354839605
694,113,100.0,113,0,109,4,0,0.0,1.6404632124976712,1.616627476823421,1.6682412311395098,1.2822170646016575,0.6347680385025114,1.358618956932749,6.884955752212389,6.321882890351117,0.356876783310341,0.010347041951121308,0.0001953214347281243,0.0,0.010347041951121308,0.014312670409448044,0,0,0,4,0,1.0,0.24778761061946902,0.24173389963510505,0.24024911319713957,0.8182351198900583,0.5145584227437654,0.0,0.5219298245614035,0.048732446674595614
695,113,100.0,113,0,106,7,0,0.0,1.6441497698113232,1.6201067593133578,1.7256460338320345,1.2830938049954055,0.6357740651172763,1.3874686660211006,6.884955752212389,6.321882890351117,0.3565286010635367,0.015455518613770926,0.00019141126082839954,0.0,0.015455518613770926,0.009301178338245333,0,0,0,7,0,0.8571428571428571,0.2831858407079646,0.2439229751174921,0.2325556944038014,0.8302316236688327,0.5115338261444067,0.0,0.4865288220551378,0.048778592711636454
696,113,100.0,113,0,107,6,0,0.0,1.6675950081045525,1.6425291713290764,1.9653578162266325,1.285049133791269,0.632465978291373,1.3939335066028493,6.884955752212389,6.321882890351117,0.3596363145915247,0.059740686881649054,0.00031238865009071,0.0,0.059740686881649054,0.006324443064924089,0,0,0,6,0,0.8333333333333334,0.2743362831858407,0.25423838626329465,0.23124365495376611,0.82451989437254,0.508462300808258,0.0,0.4865288220551378,0.048957625701400505
697,112,99.11504424778761,113,1,108,4,0,0.008849557522123894,1.6778104709963126,1.6553691950643583,2.0315198109542503,1.2873871065201654,0.614723338975561,1.3759321447861892,6.884955752212389,6.321882890351117,0.36321527402139253,0.029209374492524476,0.0002208557236671911,0.0,0.029209374492524476,0.0028057228520978806,0,1,0,4,0,0.8,0.2743362831858407,0.258539930685882,0.230567760000824,0.8138953773140564,0.5141283645015751,0.008849557522123894,0.45112781954887216,0.04908260496482389
698,111,98.23008849557522,113,1,107,5,0,0.008849557522123894,1.6839067689815035,1.6587527883500115,2.1125461674953723,1.2900290241820425,0.6139025137332871,1.3446509266119997,6.884955752212389,6.321882890351117,0.3646407304889827,0.062933623799556,0.0003287964407075221,0.0,0.062933623799556,0.006078353933911772,0,1,0,5,0,0.8333333333333334,0.26548672566371684,0.2630100844355209,0.2153710733438528,0.8124801195238178,0.517590470962472,0.008849557522123894,0.45112781954887216,0.04919659592507153
699,111,98.23008849557522,113,0,108,5,0,0.0,1.6899143898382059,1.6650693559780223,2.019401267113747,1.2926858878041574,0.6224415310634837,1.357520880558008,6.884955752212389,6.321882890351117,0.3619333171604866,0.021696856455500495,0.000273135140648338,0.0,0.021696856455500495,0.004798395701107938,0,0,0,5,0,0.8,0.2743362831858407,0.25686987554194823,0.22349552753559293,0.8219093940101126,0.5153014249457547,0.0,0.5219298245614035,0.04931061593272826
700,111,98.23008849557522,113,0,108,5,0,0.0,1.7092459588636875,1.6829733459339198,2.3445713026943498,1.296080283041696,0.6033672449298153,1.3606391124352015,6.884955752212389,6.321882890351117,0.36707465959652974,0.015772348853015757,0.00015504622090499958,0.0,0.015772348853015757,0.010573117115953722,0,0,0,5,0,0.8,0.26548672566371684,0.2719540388938628,0.2040219783934191,0.8182351198900583,0.5183543493471151,0.0,0.5219298245614035,0.049514568623732096
701,111,98.23008849557522,113,0,108,5,0,0.0,1.7108559705400828,1.684466732764218,2.4047969432182303,1.2993356167206906,0.6060918965598461,1.3725833108879442,6.884955752212389,6.321882890351117,0.36661622464335775,0.012313274526689167,0.00014488568294478724,0.0,0.012313274526689167,0.010645384142444148,0,0,0,5,0,1.0,0.2743362831858407,0.2732519133900211,0.19958560001095244,0.8092253298204495,0.51738730721745,0.0,0.5219298245614035,0.04962551787355217
702,112,99.11504424778761,113,0,107,6,0,0.0,1.695079527700346,1.6692212392687753,2.321989550631078,1.301614110220939,0.6026452499366077,1.3749234619143604,6.884955752212389,6.321882890351117,0.36549507697037176,0.0061729480171540145,0.0002233441569002407,0.0,0.0061729480171540145,0.0023525215089105767,0,0,0,6,0,1.0,0.2920353982300885,0.270265549134147,0.19144442898467062,0.8126381374856946,0.5203516904188356,0.0,0.5219298245614035,0.04961865750472848
703,113,100.0,113,0,106,7,0,0.0,1.6953061289181115,1.6688898933693324,2.7129082816527963,1.3037318021906572,0.5845039474362697,1.3790701340697198,6.884955752212389,6.321882890351117,0.36966207755605196,0.006587459346438085,0.00020186893373108522,0.0,0.006587459346438085,0.008861682622673126,0,0,0,7,0,1.0,0.2831858407079646,0.28729976158247306,0.1795856337933142,0.7964696522510334,0.5215751267647786,0.0,0.5573308270676691,0.049686729513969276
704,113,100.0,113,0,105,8,0,0.0,1.6953234951465594,1.6689378780160633,2.6238830672478275,1.3057180429806092,0.5957994335802758,1.3944307194840735,6.884955752212389,6.321882890351117,0.36663600241486227,0.004173500550908508,0.0002130521248074993,0.0,0.004173500550908508,0.004964976989885385,0,0,0,8,0,1.0,0.2831858407079646,0.2816722755693691,0.18675020718277535,0.8074442118560357,0.5156241131464883,0.0,0.5573308270676691,0.04974960025344209
705,113,100.0,113,0,106,7,0,0.0,1.6808512661377106,1.6549050071873692,2.224655684203821,1.3068690026259444,0.6134402605031224,1.396808762908395,6.884955752212389,6.321882890351117,0.36174287156814033,0.00378671037636151,0.00017789480214328084,0.0,0.00378671037636151,0.005293953203870367,0,0,0,7,0,1.0,0.2831858407079646,0.2639103570705741,0.20930511042154906,0.8143783215955998,0.5088637942898488,0.0,0.5573308270676691,0.04971362026884449
706,113,100.0,113,0,105,8,0,0.0,1.6864491801145445,1.66038292939703,2.295757845580556,1.3082242462119218,0.6041995384887022,1.44237349733699,6.884955752212389,6.321882890351117,0.36541711268115096,0.004404924133180268,0.0001685706152194696,0.0,0.004404924133180268,0.007704577141898275,0,0,0,8,0,1.0,0.2920353982300885,0.268939251248467,0.21262539324258836,0.7800962122532165,0.5146960599195767,0.0,0.5573308270676691,0.0497844482949209
707,113,100.0,113,0,107,6,0,0.0,1.682113952512365,1.6557248815567145,2.269466293805637,1.3092582318219612,0.604073790516506,1.4391761215083394,6.884955752212389,6.321882890351117,0.36689885753166274,0.001478005364549675,0.00014650052078486088,0.0,0.001478005364549675,0.00882708972713471,0,0,0,6,0,1.0,0.2831858407079646,0.26950888226330316,0.2230212213901191,0.7994048964138529,0.511764575010507,0.0,0.5573308270676691,0.04979545583659489
708,113,100.0,113,0,107,6,0,0.0,1.684737971037809,1.6586581285047195,2.326339330224379,1.3103751992221817,0.6076870580601936,1.4432643992633845,6.884955752212389,6.321882890351117,0.36388738632256734,0.002147214713163929,0.00025515616806046884,0.0,0.002147214713163929,0.0025867733864109823,0,0,0,6,0,1.0,0.2831858407079646,0.26825033857418473,0.21070100114786447,0.7968697591593079,0.5098872116149832,0.0,0.5219298245614035,0.04984388261470478
709,112,99.11504424778761,113,1,104,8,0,0.008849557522123894,1.6872044283370653,1.6634608852933799,2.31636758226711,1.31156104515936,0.5998723415787218,1.4368743154939996,6.884955752212389,6.321882890351117,0.36402545626492433,0.01037177393765459,0.0001746016455836816,0.0,0.01037177393765459,0.008096910293043368,0,1,0,8,0,0.8888888888888888,0.2831858407079646,0.267992754152437,0.2124451905235019,0.7956977614508604,0.5093145238107978,0.008849557522123894,0.5219298245614035,0.04989369879690526
710,112,99.11504424778761,113,0,107,6,0,0.0,1.7033709796887686,1.6795920109310354,2.5094188407224034,1.313591163822323,0.5741314224243814,1.3634781643645166,6.884955752212389,6.321882890351117,0.3683784556731797,0.0004853717342740872,0.00013680289448135245,0.0,0.0004853717342740872,0.011493695334214807,0,0,0,6,0,1.0,0.2920353982300885,0.27699844075082913,0.2019371222394941,0.7987591046852365,0.5188441315318315,0.0,0.5219298245614035,0.05003870241586762
711,112,99.11504424778761,113,0,106,7,0,0.0,1.7146859277034359,1.6911360431035745,2.3462338389292317,1.3160767809166962,0.5639326519199859,1.3767306327090842,6.884955752212389,6.321882890351117,0.3709472734187822,0.007411429334789818,7.462326823785067e-05,0.0,0.007411429334789818,0.023934433971253447,0,0,0,7,0,1.0,0.3008849557522124,0.27180870873377344,0.22445972622719873,0.8099845975029016,0.5208016797444108,0.0,0.5573308270676691,0.05017384605684536
712,112,99.11504424778761,113,0,108,5,0,0.0,1.7239275571803945,1.7002061234330772,2.540355987492013,1.318863980094454,0.5491229068795755,1.3790750737543818,6.884955752212389,6.321882890351117,0.3733800255131403,0.0016933713119877017,0.00018935775275273598,0.0,0.0016933713119877017,0.002476394506493185,0,0,0,5,0,1.0,0.30973451327433627,0.2810056470404138,0.21121408853602405,0.791087099878639,0.5250130648736089,0.0,0.5927318295739349,0.0503081559381995
713,112,99.11504424778761,113,0,107,6,0,0.0,1.720500344341169,1.6968015049429928,2.3537880005166816,1.3213027870092278,0.5558630182416568,1.382306832333423,6.884955752212389,6.321882890351117,0.3730558743446113,0.010771452180792389,0.0001581954131385517,0.0,0.010771452180792389,0.01451732184779495,0,0,0,6,0,1.0,0.2831858407079646,0.2743098655996901,0.2317525303815483,0.8002054074500355,0.5228222616606222,0.0,0.5573308270676691,0.050368109132540265
714,113,100.0,113,0,105,8,0,0.0,1.7237094723156323,1.6999382040179625,2.406699331439952,1.323746054160642,0.5520730495250161,1.3375792532502853,6.884955752212389,6.321882890351117,0.3757859339905498,0.00884525800729788,0.00019344796292552785,0.0,0.00884525800729788,0.010232046948104982,0,0,0,8,0,1.0,0.3008849557522124,0.27832094983887035,0.23495834048462877,0.7748608332730533,0.5288578872526876,0.0,0.5219298245614036,0.050461385016417996
715,113,100.0,113,0,106,7,0,0.0,1.7104866335500262,1.6873685027974714,2.1391863818748664,1.325399147391384,0.5691580533684608,1.348780087700512,6.884955752212389,6.321882890351117,0.3695994803569811,0.008171802369908816,9.165241867275858e-05,0.0,0.008171802369908816,0.02005137055202135,0,0,0,7,0,1.0,0.2920353982300885,0.2642070796751418,0.2552756755691405,0.7841766414025768,0.5162008885593067,0.0,0.5573308270676692,0.050447524131647874
716,113,100.0,113,0,108,5,0,0.0,1.6934359391610787,1.6709563972374193,2.0034176866489104,1.3261176907293324,0.5943143186296226,1.361787397178768,6.884955752212389,6.321882890351117,0.3656237892404923,0.0011592665787845586,0.00025978995718561464,0.0,0.0011592665787845586,0.00014541547648539989,0,0,0,5,0,1.0,0.2920353982300885,0.2557675729994618,0.25080630019866945,0.7934286668772486,0.5117341750415532,0.0,0.5573308270676692,0.0503849833938739
717,113,100.0,113,0,108,5,0,0.0,1.6918854290528127,1.6689808818468075,1.925180849065959,1.3266908967833588,0.6095681931167539,1.3816695544643884,6.884955752212389,6.321882890351117,0.36377792384187413,0.004305205546473459,0.00014804697461824634,0.0,0.004305205546473459,0.01585859349502604,0,0,0,5,0,1.0,0.2831858407079646,0.25088605137820713,0.26018227507059793,0.8153955133034055,0.5043809016631673,0.0,0.5219298245614035,0.05039534955106054
718,113,100.0,113,0,106,7,0,0.0,1.7032483827336267,1.6802568568688219,1.9355249052772017,1.3277981485704393,0.6005793755445583,1.372302591791882,6.884955752212389,6.321882890351117,0.36312924079688735,0.023526047290438275,0.00024328369144794882,0.0,0.023526047290438275,0.004563823905764264,0,0,0,7,0,0.8571428571428571,0.3008849557522124,0.2497342248726736,0.24963490189236368,0.808365599540747,0.5061249069562692,0.0,0.5219298245614035,0.05048716390010489
719,113,100.0,113,0,106,7,0,0.0,1.7106587613213182,1.687341789532968,2.0681483919669756,1.329193722112949,0.5800540762119473,1.3517695965362329,6.884955752212389,6.321882890351117,0.36579400903828874,0.027398534253500334,0.00015442466080514025,0.0,0.027398534253500334,0.01202274771595713,0,0,0,7,0,0.8571428571428571,0.30973451327433627,0.2567840809338464,0.23735543349165053,0.8002129220965626,0.5118905508539469,0.0,0.5573308270676692,0.050568329055546445
720,112,99.11504424778761,113,1,104,8,0,0.008849557522123894,1.7257217169557069,1.7077585599545666,2.1470755584064976,1.331246815096637,0.5758052324039211,1.3462419709654492,6.884955752212389,6.321882890351117,0.36868840669230596,0.02196403286523916,0.0002295980453387223,0.0,0.02196403286523916,0.0067174698142866696,0,1,0,8,0,0.8888888888888888,0.2743362831858407,0.2603468047520843,0.2426567520862785,0.7850792545523878,0.5103271992942394,0.008849557522123894,0.6102756892230576,0.05070854090074777
721,112,99.11504424778761,113,0,104,9,0,0.0,1.7241887679900985,1.7062919104884298,2.0380458321821497,1.3333827715435893,0.5622504757198292,1.3329699485337865,6.884955752212389,6.321882890351117,0.370533309017806,0.04047909792918812,0.000466155401307438,0.0,0.04047909792918812,-0.0009509908280828218,0,0,0,9,0,0.8888888888888888,0.2743362831858407,0.25749654337001204,0.24539962463286374,0.8070905300211773,0.5163269833932569,0.0,0.5394736842105263,0.05076839248850234
722,110,97.34513274336283,113,2,101,10,0,0.017699115044247787,1.7218640320519731,1.70606764479025,2.142043215653005,1.335289498489118,0.5726332118098115,1.349159708663315,6.884955752212389,6.321882890351117,0.3744577366824873,0.06045650455739491,0.00041435280266697753,0.0,0.06045650455739491,0.00015554674482166678,0,2,0,10,0,0.75,0.3008849557522124,0.26525001111189794,0.24366985341941996,0.8011653723054306,0.5180303342678783,0.017699115044247787,0.5570175438596492,0.050817039331079256
723,110,97.34513274336283,113,0,103,10,0,0.0,1.7210519986282597,1.7052922428664121,2.0668173601395807,1.3371193229732843,0.5642494485221026,1.3420569387299321,6.884955752212389,6.321882890351117,0.375675085969031,0.022107030528780443,0.00035748909417457396,0.0,0.022107030528780443,0.0015068672155140739,0,0,0,10,0,0.9,0.2831858407079646,0.2642852969740124,0.25486155415187167,0.8031287708319388,0.5235344741305907,0.0,0.5570175438596492,0.05087081884445467
724,110,97.34513274336283,113,0,103,10,0,0.0,1.711512156052196,1.6960417201102032,1.934474739888341,1.3383656223241485,0.5882748130304438,1.3611154626922113,6.884955752212389,6.321882890351117,0.37228768971357207,0.02295843916242432,0.00026786851531719207,0.0,0.02295843916242432,0.003156336067683979,0,0,0,10,0,0.9,0.2743362831858407,0.25741655971040645,0.2690814338613957,0.7978449041164183,0.5159161310509568,0.0,0.5570175438596492,0.05086251442428678
725,111,98.23008849557522,113,0,105,8,0,0.0,1.7269298930793826,1.7115019480978289,1.883749757629882,1.3403150340959549,0.603100383221535,1.3853037850047376,6.884955752212389,6.321882890351117,0.36786232557054843,0.0020598018549414085,0.0003525922568733999,0.0,0.0020598018549414085,0.0038135252338340614,0,0,0,8,0,1.0,0.25663716814159293,0.2501885278296042,0.273544010449541,0.7900687429200084,0.5084795408364711,0.0,0.5924185463659148,0.05100122287405487
726,111,98.23008849557522,113,0,104,9,0,0.0,1.7315031575292634,1.7157475491114047,1.942491877677809,1.342355927877753,0.6087012093312233,1.3930244667725578,6.884955752212389,6.321882890351117,0.36868212214063134,0.007555208056271236,0.00030012873236219984,0.0,0.007555208056271236,0.00604945125841919,0,0,0,9,0,1.0,0.26548672566371684,0.2528561533092084,0.27489100141844075,0.7966195994409567,0.5065351994954926,0.0,0.5216165413533835,0.051088600653705143
727,113,100.0,113,0,105,8,0,0.0,1.7301542841040143,1.7145277485027277,2.0508214968598772,1.3442061072519684,0.6073775991470175,1.4045741545185444,6.884955752212389,6.321882890351117,0.3685640286024092,0.028697297403435927,0.0003627476485165758,0.0,0.028697297403435927,-0.0015265265114013868,0,0,0,8,0,0.875,0.2743362831858407,0.2572117147142209,0.2594056225748294,0.7858712138556603,0.5066619897656123,0.0,0.5570175438596492,0.051140339373228566
728,113,100.0,113,0,106,7,0,0.0,1.708638491133887,1.6930466749051918,1.8747201917577572,1.3448529137997436,0.6218388358023345,1.405696756380872,6.884955752212389,6.321882890351117,0.3679100651613325,0.03231112325154593,0.0003879568499561183,0.0,0.03231112325154593,-0.000884667533443422,0,0,0,7,0,0.8571428571428571,0.3008849557522124,0.2521772435899735,0.2795505579125431,0.7827653317476349,0.504697796298402,0.0,0.5924185463659148,0.051053205584616665
729,112,99.11504424778761,113,1,106,6,0,0.008849557522123894,1.6983216291486727,1.6801191461149418,1.9410722179639688,1.344942333636547,0.6285369900869984,1.4275689478266604,6.884955752212389,6.321882890351117,0.3670129917217888,0.030026959981558608,0.0004871430909638258,0.0,0.030026959981558608,-0.003302828531619411,0,1,0,6,0,0.8571428571428571,0.3008849557522124,0.25463314442669066,0.26550397387612634,0.7997741413360416,0.5029572128799484,0.008849557522123894,0.6102756892230577,0.05100444778337232
730,112,99.11504424778761,113,0,108,5,0,0.0,1.7136387017064052,1.6953859015234625,1.9705426058894504,1.3456609033483586,0.6375360207410453,1.4422879421752195,6.884955752212389,6.321882890351117,0.363611270318823,0.0038610148197233463,0.0002434905272362918,0.0,0.0038610148197233463,0.00794051268185506,0,0,0,5,0,1.0,0.2743362831858407,0.25186975286766033,0.2730440164105735,0.8084535814084033,0.49430116074494485,0.0,0.6102756892230576,0.05110374671399411
731,112,99.11504424778761,113,0,107,6,0,0.0,1.7174293742740459,1.699558221052277,1.8152230878515478,1.3465450612480423,0.6399362737333641,1.4328310015396184,6.884955752212389,6.321882890351117,0.36007810999188483,0.027584075982274178,0.00023394439443028033,0.0,0.027584075982274178,0.006438918914560554,0,0,0,6,0,0.8333333333333334,0.2831858407079646,0.24242232420892595,0.28264669734143294,0.8120215394167468,0.4901220245225091,0.0,0.6102756892230576,0.05115064779032421
732,111,98.23008849557522,113,1,106,6,0,0.008849557522123894,1.6987615462558914,1.6805906516802307,1.630486814609104,1.3464641848850754,0.6443750364828512,1.3933289723330524,6.884955752212389,6.321882890351117,0.3538209753260684,0.021607435263624658,0.00024976574338859617,0.0,0.021607435263624658,0.005106075214867199,0,1,0,6,0,0.8571428571428571,0.2920353982300885,0.23092481958018962,0.2724512475720875,0.8312576858804787,0.4891430695475781,0.008849557522123894,0.574874686716792,0.051054752195757065
733,111,98.23008849557522,113,0,108,5,0,0.0,1.7034489598278961,1.6851694127742591,1.65140089062137,1.346569845379805,0.645044411905759,1.4001386361718577,6.884955752212389,6.321882890351117,0.35191889688696043,0.0037118251709506063,0.0002953770237901338,0.0,0.0037118251709506063,-0.0027366389353705054,0,0,0,5,0,1.0,0.2920353982300885,0.22954161658850816,0.27637315829212067,0.8161616024263314,0.4812788064467417,0.0,0.574874686716792,0.051081529129986175
734,112,99.11504424778761,113,0,105,8,0,0.0,1.711890860645287,1.6935356172142524,1.6840318028950831,1.3470919474594476,0.6370663428057579,1.386780213846269,6.884955752212389,6.321882890351117,0.3529086045839669,0.02240490076847377,0.0002429845631407072,0.0,0.02240490076847377,0.007055823155121946,0,0,0,8,0,0.875,0.25663716814159293,0.231278145073021,0.27326812939146755,0.8336181546744066,0.4838192292814313,0.0,0.5394736842105263,0.051140241975094675
735,112,99.11504424778761,113,0,107,6,0,0.0,1.7191550542293068,1.7003957073584526,1.9233527759695404,1.347927992349118,0.6230050209219261,1.3825502080777123,6.884955752212389,6.321882890351117,0.35598654273993,0.02972563064652135,0.0003189238110277191,0.0,0.02972563064652135,-5.138230602213153e-05,0,0,0,6,0,0.8333333333333334,0.26548672566371684,0.24301777647931624,0.2529803209883494,0.8247242834923812,0.48647445383875076,0.0,0.5040726817042607,0.05120298983243264
736,111,98.23008849557522,113,1,107,5,0,0.008849557522123894,1.7292990434308326,1.7169670741428995,2.034345862950757,1.3492574988761477,0.6170384719056037,1.349491456260833,6.884955752212389,6.321882890351117,0.35668210616208085,0.033062803481558864,0.0002113772807516537,0.0,0.033062803481558864,0.004712418140650386,0,1,0,5,0,0.8333333333333334,0.26548672566371684,0.24596453086164252,0.23727688824684748,0.8288400082966074,0.491222538218577,0.008849557522123894,0.5216165413533834,0.05129573470126947
737,111,98.23008849557522,113,1,98,12,2,0.008849557522123894,1.7339559508753188,1.719657996653965,1.9915515247040882,1.3510171814765293,0.6342586891167352,1.3514060367118896,6.884955752212389,6.321882890351117,0.35543781525358664,0.18024173582122613,0.0004570803450801937,0.2,0.10448544120480409,0.019413447752990975,0,3,0,12,0,0.6,0.2831858407079646,0.24436316082982273,0.2339647440940571,0.8516864079194343,0.49474194936082105,0.008849557522123894,0.5216165413533835,0.051374641775110905
738,111,98.23008849557522,113,0,103,10,0,0.0,1.7445327877265207,1.7299342193187908,2.08652630416214,1.3530989897754155,0.6170623289359737,1.3412211507040237,6.884955752212389,6.321882890351117,0.36152229400258684,0.05779615869509176,0.00041971529391312103,0.0,0.05779615869509176,-0.007256044662808619,0,0,0,10,0,0.7,0.3008849557522124,0.2518472877473465,0.23312595789337065,0.8406200833515155,0.5023454340135611,0.0,0.48621553884711777,0.051493330700695505
739,111,98.23008849557522,113,0,103,10,0,0.0,1.7359476259283293,1.7212023106957617,2.0467996955172696,1.3546075717618529,0.6253565082629099,1.3858406397237026,6.884955752212389,6.321882890351117,0.36139475215763084,0.054998231542807266,0.0004730900552939119,0.0,0.054998231542807266,-0.0037190531271670047,0,0,0,10,0,0.8,0.2743362831858407,0.25185922891527773,0.2386442960961125,0.8534488143299062,0.49795057945824944,0.0,0.48621553884711777,0.0514980902849483
740,111,98.23008849557522,113,0,102,11,0,0.0,1.7423010895678979,1.7272731686621183,2.047197004094542,1.3563278169866602,0.6264337123343557,1.4010292965137345,6.884955752212389,6.321882890351117,0.3589017007502999,0.06045457903425331,0.0005430971441285597,0.0,0.06045457903425331,-0.0037918215512684384,0,0,0,11,0,0.7272727272727273,0.2831858407079646,0.2497828291200393,0.23899106599783942,0.8550492805684631,0.4942453211867085,0.0,0.48621553884711777,0.05158423354741573
741,111,98.23008849557522,113,1,101,11,0,0.008849557522123894,1.7270227801380071,1.7118514446774449,1.940707432509486,1.35719132561932,0.6311200094134235,1.4286195661094754,6.884955752212389,6.321882890351117,0.35642008422973404,0.06802849685905935,0.0004467748412097249,0.0,0.06802849685905935,-1.5096885380339967e-05,0,1,0,11,0,0.6666666666666666,0.2920353982300885,0.24446844221871417,0.24034175694339902,0.8556112475328697,0.4895548148359553,0.008849557522123894,0.4508145363408521,0.05153513700251869
742,111,98.23008849557522,113,1,105,7,0,0.008849557522123894,1.7304494171527889,1.7199606748653218,2.0530622682218307,1.3581205717253737,0.6272869864774031,1.4364494777315775,6.884955752212389,6.321882890351117,0.3595572520370083,0.07030800976845751,0.00054456890804336,0.0,0.07030800976845751,-0.006001642047603284,0,1,0,7,0,0.625,0.3008849557522124,0.25117462496581133,0.24136545782463248,0.8254016803661702,0.4866648801184341,0.008849557522123894,0.5216165413533834,0.05158164311288654
743,111,98.23008849557522,113,1,102,8,2,0.008849557522123894,1.7292533623685094,1.7143307158461212,2.056890198082729,1.3591968433721304,0.6270308171784169,1.408932270862584,6.884955752212389,6.321882890351117,0.3630569039737743,0.23894807565495124,0.0006706591190918215,0.2727272727272727,0.08341847286537331,0.00962970358136217,0,3,0,8,0,0.7272727272727273,0.30973451327433627,0.2555060747074507,0.2512974346938165,0.8214927306871729,0.5005172795616741,0.008849557522123894,0.5216165413533834,0.051609683155510136
744,111,98.23008849557522,113,0,105,8,0,0.0,1.7401047864001074,1.7248374791559569,2.071582572778792,1.3605037750696942,0.6294507090996108,1.4631938553031312,6.884955752212389,6.321882890351117,0.36202518262821237,0.030919566349577026,0.0004934407386230015,0.0,0.030919566349577026,0.0036505835719649465,0,0,0,8,0,0.875,0.2743362831858407,0.2554537558870534,0.2590985873737996,0.7913711544201167,0.49498509753883874,0.0,0.5570175438596492,0.05170525162135656
745,111,98.23008849557522,113,0,103,10,0,0.0,1.7355975563586152,1.7203981317572241,2.0434494422648717,1.3615035638009663,0.6298341029995909,1.4216779717859216,6.884955752212389,6.321882890351117,0.36028071259352124,0.032155506906157226,0.0003745692475992124,0.0,0.032155506906157226,-0.004013990373982701,0,0,0,10,0,0.9,0.26548672566371684,0.25391801405636577,0.2612089720788947,0.8063294728078982,0.4939128659899885,0.0,0.5570175438596492,0.05171431820752008
746,110,97.34513274336283,113,1,103,9,0,0.008849557522123894,1.7398300999255243,1.719242488153907,1.9738291835380333,1.3626777636967806,0.6428258161022922,1.4190850502486072,6.884955752212389,6.321882890351117,0.35879491954858533,0.028913367906479203,0.00046659669597367534,0.0,0.028913367906479203,-0.0028408022571207335,0,1,0,9,0,0.9,0.26548672566371684,0.2499600256878962,0.2691521268960304,0.8387796469978218,0.4825159157268706,0.008849557522123894,0.5394736842105263,0.051772596696510624
747,111,98.23008849557522,113,0,105,8,0,0.0,1.7431155727288252,1.722693634312975,1.9777464710614252,1.3636562105996546,0.6487742537611005,1.4047599486428028,6.884955752212389,6.321882890351117,0.3599114396414991,0.014892272941990206,0.00037262157153754256,0.0,0.014892272941990206,-0.003672632299752017,0,0,0,8,0,0.875,0.2743362831858407,0.25050294114996907,0.26603275059997494,0.8341697517484822,0.48492365152160294,0.0,0.574874686716792,0.051819952194199104
748,111,98.23008849557522,113,1,104,8,0,0.008849557522123894,1.7467457838930653,1.7338566010491343,2.108912498601263,1.364734846069027,0.6514608328921361,1.4413666626966544,6.884955752212389,6.321882890351117,0.36264759570007965,0.013496890993375643,0.00042719233533158684,0.0,0.013496890993375643,-0.0024687623965891515,0,1,0,8,0,0.8888888888888888,0.26548672566371684,0.25725353831752507,0.2628267959891529,0.8125125774553474,0.48107759973939074,0.008849557522123894,0.6278195488721805,0.05187219828561406
749,111,98.23008849557522,113,0,102,11,0,0.0,1.7535877707758654,1.74041220595343,2.25023457989418,1.3664793645125313,0.6498082087423653,1.4464131523078823,6.884955752212389,6.321882890351117,0.3645595013795384,0.06043544442968197,0.00045725789000114703,0.0,0.06043544442968197,0.0034038548802318106,0,0,0,11,0,0.7272727272727273,0.24778761061946902,0.26346508469855123,0.25868388277851945,0.8298541886598483,0.4820790561096779,0.0,0.5924185463659148,0.05196155142652753
750,109,96.46017699115045,113,2,99,12,0,0.017699115044247787,1.7508924997135487,1.7343005449072149,2.211010624968541,1.3679961922223653,0.6630783026722765,1.4693266822986728,6.884955752212389,6.321882890351117,0.36269027365164863,0.07797363206321874,0.0003748886653321505,0.0,0.07797363206321874,0.0074933573072693705,0,2,0,12,0,0.6428571428571429,0.2831858407079646,0.26266431227435383,0.26474804018916603,0.8435641278976547,0.4737707217981765,0.017699115044247787,0.5216165413533834,0.051996021106947996
751,109,96.46017699115045,113,1,100,12,0,0.008849557522123894,1.7673830709091836,1.7471729847784347,2.4824116244692553,1.370029645427623,0.6426917352086787,1.4237226616320482,6.884955752212389,6.321882890351117,0.3721889835086527,0.05166975388524352,0.0004532004797022359,0.0,0.05166975388524352,0.006217253646352949,0,1,0,12,0,0.6923076923076923,0.2831858407079646,0.27903891659165947,0.2489671780554328,0.842393736420936,0.4883853671788288,0.008849557522123894,0.5216165413533834,0.052142750228059406
752,109,96.46017699115045,113,0,105,8,0,0.0,1.7512552512322797,1.7315075805662938,2.332963331959254,1.3709890808653589,0.6544744934835477,1.4713917012968993,6.884955752212389,6.321882890351117,0.36972287525089786,0.016797501168224826,0.0004989553223443496,0.0,0.016797501168224826,-0.0010670393572543707,0,0,0,8,0,0.875,0.2920353982300885,0.27297876833632306,0.24928718371375816,0.8243889161581002,0.48596149449164,0.0,0.5216165413533834,0.05209243832206598
753,110,97.34513274336283,113,0,107,6,0,0.0,1.7561421014489764,1.735879280393767,2.3444949914143955,1.372108960913041,0.640602070853195,1.4519545013250492,6.884955752212389,6.321882890351117,0.37195027934991454,0.002466817205760823,0.00044176453692086094,0.0,0.002466817205760823,-0.004799243262026372,0,0,0,6,0,1.0,0.30973451327433627,0.27532701712108976,0.2488157600078273,0.825451376429874,0.4895633281387609,0.0,0.48621553884711777,0.0521522713257129
754,110,97.34513274336283,113,0,106,7,0,0.0,1.7575826447308645,1.7372389609300638,2.4970235979167974,1.3732268093845459,0.6343367055208606,1.4771730931060252,6.884955752212389,6.321882890351117,0.37190880388297565,0.014191032060237507,0.00042229835528785446,0.0,0.014191032060237507,-0.004449220122528305,0,0,0,7,0,0.8571428571428571,0.2831858407079646,0.2794403661538989,0.2234860088646155,0.8270005177096907,0.49301220705770044,0.0,0.48621553884711777,0.0521948085777524
755,112,99.11504424778761,113,0,107,6,0,0.0,1.7564174019139502,1.7363675097156215,2.337411302446858,1.3742299150846118,0.6235247752508005,1.4614544211539329,6.884955752212389,6.321882890351117,0.37448141477902586,0.011441339861691616,0.0003688315823094245,0.0,0.011441339861691616,0.0018102754532774619,0,0,0,6,0,0.8333333333333334,0.3008849557522124,0.2766080450723643,0.23809010755614068,0.8378665373578403,0.5008595488877446,0.0,0.5216165413533834,0.05222068994748014
756,113,100.0,113,0,106,7,0,0.0,1.7667142003523293,1.7461442780876741,2.5143769821631516,1.375664066294607,0.613694259412799,1.4673236292520124,6.884955752212389,6.321882890351117,0.3749669501205848,0.036246252181455885,0.00048247054670909426,0.0,0.036246252181455885,0.0010513440827332346,0,0,0,7,0,0.8571428571428571,0.3008849557522124,0.2834894673510399,0.23334115090401344,0.8431232629273683,0.49925245789454425,0.0,0.48621553884711777,0.05231750661965525
757,113,100.0,113,0,102,11,0,0.0,1.791996157891076,1.770857306534673,2.8439164450304273,1.378257415118298,0.5787733548373184,1.3671486679901674,6.884955752212389,6.321882890351117,0.37905819663754925,0.053089655803481954,0.0003615670196481827,0.0,0.053089655803481954,0.007432337660034175,0,0,0,11,0,0.7272727272727273,0.2920353982300885,0.29651100976137923,0.22015179095564164,0.838865492618274,0.5021598138609381,0.0,0.48621553884711777,0.052525890645135014
758,111,98.23008849557522,113,2,103,8,0,0.017699115044247787,1.7962434977405617,1.7828285345311337,2.98122738155891,1.3808878772362552,0.5647823782049572,1.4122410009240733,6.884955752212389,6.321882890351117,0.3817586642997135,0.08314166173072197,0.0004482152616069665,0.0,0.08314166173072197,0.008993741712846592,0,2,0,8,0,0.6,0.26548672566371684,0.3018250240900353,0.21993060565538097,0.8323179139320066,0.503662997004327,0.017699115044247787,0.5037593984962405,0.05263027471166858
759,110,97.34513274336283,113,1,99,12,1,0.008849557522123894,1.7947285457316764,1.7768466656524733,2.922565902284427,1.3836795686069112,0.5928429053358034,1.456520263712197,6.884955752212389,6.321882890351117,0.3784732470435346,0.16063949400977492,0.00030190227335024077,0.07142857142857142,0.10368858939126725,0.026902685894053608,0,2,0,12,0,0.5714285714285714,0.2920353982300885,0.2979863583311337,0.22335909017144684,0.8192885226226708,0.49488407463198625,0.008849557522123894,0.5391604010025063,0.052710943681180615
760,110,97.34513274336283,113,0,105,8,0,0.0,1.7901101680884608,1.7719632199537798,2.9019854745517843,1.3858221184023252,0.5977827783774937,1.4192656743811554,6.884955752212389,6.321882890351117,0.37919050062249293,0.00501992774105661,0.0004149326958044127,0.0,0.00501992774105661,-0.005396090886000515,0,0,0,8,0,1.0,0.2831858407079646,0.2981345571340119,0.2318095553489394,0.8484553433064298,0.4913863811156925,0.0,0.4683583959899749,0.052755576537431306
761,110,97.34513274336283,113,0,104,9,0,0.0,1.8044393421129545,1.786022198468983,2.9582569751151486,1.3885402524346537,0.5862345698247771,1.4432944903619886,6.884955752212389,6.321882890351117,0.37997394650223826,0.0213615178374381,0.0004347938006285869,0.0,0.0213615178374381,-0.003361152200896093,0,0,0,9,0,0.8888888888888888,0.2831858407079646,0.29861572994423313,0.22845039189779281,0.8326195904497745,0.4975825541588246,0.0,0.5037593984962405,0.05291314103271706
762,109,96.46017699115045,113,1,101,11,0,0.008849557522123894,1.8051385824292963,1.7856292559801934,2.9580042075076545,1.3911028402912973,0.5831245251233217,1.4303729510172156,6.884955752212389,6.321882890351117,0.3823459987717184,0.03506913848019711,0.00050787207430044,0.0,0.03506913848019711,-0.0026961909921239396,0,1,0,11,0,0.9166666666666666,0.3008849557522124,0.3005197801466807,0.23907421948530252,0.8401644212139469,0.4971647558442797,0.008849557522123894,0.5037593984962405,0.05299763913592846
763,111,98.23008849557522,113,0,106,7,0,0.0,1.7927489004564556,1.7736641108076936,2.7700356089840876,1.3928621222064934,0.6082717806156376,1.4243442116499405,6.884955752212389,6.321882890351117,0.37819884646706425,0.018398460913761468,0.0005138146456644201,0.0,0.018398460913761468,-0.001554880360019035,0,0,0,7,0,0.8571428571428571,0.30973451327433627,0.2913324424487024,0.24630695473509903,0.8373501922860412,0.48970713819704315,0.0,0.5037593984962406,0.05299130059725917
764,112,99.11504424778761,113,0,105,8,0,0.0,1.788131962762699,1.7690982365742869,2.8825008827574905,1.3942792650017344,0.6226112921194549,1.4115295132400434,6.884955752212389,6.321882890351117,0.3760398597375936,0.03155851044005924,0.0005458550995495141,0.0,0.03155851044005924,-0.005211770492240225,0,0,0,8,0,0.75,0.3008849557522124,0.2932260836918626,0.23776537153338065,0.8346557166232809,0.4864468090699939,0.0,0.5745614035087719,0.05301301096274248
765,111,98.23008849557522,113,1,104,8,0,0.008849557522123894,1.825649308432044,1.8176800326167362,3.3321687715844814,1.3974583518380308,0.5934540744322119,1.4018265262740401,6.884955752212389,6.321882890351117,0.38625725323820803,0.016012111884421924,0.0004975893175187773,0.0,0.016012111884421924,-0.004313337238341899,0,1,0,8,0,0.8888888888888888,0.2920353982300885,0.3110661735535605,0.2361349981159873,0.82477110940404,0.4909167422568746,0.008849557522123894,0.556704260651629,0.053301086764475814
766,109,96.46017699115045,113,2,103,6,2,0.017699115044247787,1.834421484457882,1.8319707054323275,3.40239314780724,1.4014862419415732,0.6035594800037039,1.4247281998319319,6.884955752212389,6.321882890351117,0.3890721909642667,0.27793830449253404,0.0010313445116088742,0.2,0.1091639679545291,0.018948684173325868,0,4,0,6,0,0.5,0.26548672566371684,0.31420697262321307,0.23756046708970424,0.8214124834173844,0.49225992362118415,0.017699115044247787,0.5742481203007519,0.053472266892254004
767,108,95.57522123893806,113,2,103,8,0,0.017699115044247787,1.8362888654374634,1.8310822559437834,3.0097555410603816,1.4056217491990262,0.6591080200395915,1.5079184170032307,6.884955752212389,6.321882890351117,0.38542060426929825,0.17167792500417245,0.0003989782159551917,0.1,0.1589994678976673,0.028629048765278265,0,2,0,8,0,0.3,0.25663716814159293,0.3003946888530859,0.2597239769095639,0.8190399128939083,0.48066052268301496,0.017699115044247787,0.5742481203007519,0.05361232476002098
768,108,95.57522123893806,113,0,108,5,0,0.0,1.8389429653934501,1.8333850864285255,3.005747971623319,1.4094835548078977,0.6521373456877946,1.5067076495909046,6.884955752212389,6.321882890351117,0.38866536987036704,0.0016097016890137335,0.0006729372053639773,0.0,0.0016097016890137335,-0.0060030323306668795,0,0,0,5,0,1.0,0.26548672566371684,0.30330384923642967,0.26570163292658994,0.8207055935868475,0.4854053769289553,0.0,0.5742481203007519,0.05374766467382385
769,108,95.57522123893806,113,0,106,7,0,0.0,1.835102004169352,1.8298662101131855,3.136239655842586,1.412923254196954,0.6434639729937418,1.506013612384048,6.884955752212389,6.321882890351117,0.38848068237290634,0.010483825477472316,0.0007847582814123298,0.0,0.010483825477472316,-0.003614299400561381,0,0,0,7,0,0.8571428571428571,0.26548672566371684,0.30714070090656176,0.24678791410865927,0.8207648427872994,0.48817383553590865,0.0,0.5742481203007519,0.05383718675128149
770,109,96.46017699115045,113,0,104,9,0,0.0,1.8307042263494262,1.8257199693772814,3.152395182646153,1.4159358034319136,0.6540453034515461,1.5178925633777824,6.884955752212389,6.321882890351117,0.38655253274364965,0.01143033076824146,0.0007490444578392866,0.0,0.01143033076824146,-9.987424941231776e-05,0,0,0,9,0,1.0,0.23893805309734514,0.3052352136449954,0.2359243040924073,0.8291321985062274,0.49056713108171746,0.0,0.5742481203007519,0.05391042277950602
771,111,98.23008849557522,113,0,105,8,0,0.0,1.813859575193087,1.808975946393639,3.1101155658628086,1.4179110728128972,0.6665389927977565,1.4854300569634669,6.884955752212389,6.321882890351117,0.3837490181775609,0.0061496342967407025,0.0006808062070481035,0.0,0.0061496342967407025,-0.002168942396913204,0,0,0,8,0,1.0,0.23893805309734514,0.30259084986380325,0.2321089368183304,0.8223660316058865,0.4886902205119085,0.0,0.5742481203007519,0.05388863663224169
772,113,100.0,113,0,107,6,0,0.0,1.8059811181011312,1.801463515159476,2.980837033473838,1.4193815262929728,0.6760071244008057,1.442999137730435,6.884955752212389,6.321882890351117,0.3822751884139506,0.009216311361169722,0.0007415336135465438,0.0,0.009216311361169722,-0.0032716220971926724,0,0,0,6,0,1.0,0.24778761061946902,0.29770708513352306,0.22747200115262892,0.8360284675547289,0.4913820081998916,0.0,0.5388471177944862,0.05389572452026565
773,113,100.0,113,0,106,7,0,0.0,1.7882733496640477,1.7841441730332985,2.7028167435290977,1.4198830926048032,0.7020336817342481,1.4900377118684676,6.884955752212389,6.321882890351117,0.3784101338240895,0.053775576469822735,0.0006849252480748021,0.0,0.053775576469822735,-0.006201580219848909,0,0,0,7,0,0.8571428571428571,0.2743362831858407,0.2861549110419033,0.23924221242086371,0.8230906976899974,0.4838681838521458,0.0,0.5742481203007519,0.05382303989550592
774,112,99.11504424778761,113,1,105,7,0,0.008849557522123894,1.793212249935168,1.7857913540063621,2.611896547786848,1.4206262688622877,0.7113493665553272,1.4932202307713305,6.884955752212389,6.321882890351117,0.37951146375304723,0.05102897898120824,0.0007275079272160048,0.0,0.05102897898120824,-0.004980828914801311,0,1,0,7,0,0.875,0.26548672566371684,0.2850766948669137,0.26036829103656806,0.8119586007940309,0.48149515888206224,0.008849557522123894,0.6096491228070176,0.05387122576319506
775,112,99.11504424778761,113,0,106,7,0,0.0,1.8088043415802126,1.8010268147621131,2.9596308967483176,1.4219029846777145,0.6935079904010308,1.4536237919811625,6.884955752212389,6.321882890351117,0.3836760816427016,0.0023010505517808894,0.0005407416647128427,0.0,0.0023010505517808894,0.005909493649004648,0,0,0,7,0,1.0,0.25663716814159293,0.29900670670064344,0.24635634330981612,0.8230906976899974,0.4838205672818636,0.0,0.5742481203007519,0.05398954246076721
776,112,99.11504424778761,113,0,105,8,0,0.0,1.802931586633867,1.795301432132661,2.9155990494314152,1.422809426426561,0.6850094401675096,1.4343919750022398,6.884955752212389,6.321882890351117,0.3850516637625059,0.03396371480031112,0.0005631100844381396,0.0,0.03396371480031112,0.00039687517148405405,0,0,0,8,0,0.875,0.23893805309734514,0.29894641863404386,0.23843444036811226,0.8205956504521787,0.4911016044178578,0.0,0.6096491228070176,0.05398883077895115
777,112,99.11504424778761,113,0,104,9,0,0.0,1.820066755587887,1.812786831106961,3.1123671676871383,1.4245428891464285,0.659467756057772,1.4172905621695981,6.884955752212389,6.321882890351117,0.3894379639611536,0.05426623235050392,0.0006009798220727986,0.0,0.05426623235050392,0.0037308280970644128,0,0,0,9,0,0.7777777777777778,0.26548672566371684,0.30670320094756676,0.22618572652956495,0.8156328749140853,0.4987158617351603,0.0,0.6096491228070176,0.05412930036527021
778,111,98.23008849557522,113,1,102,10,0,0.008849557522123894,1.8369929514849102,1.826572336808195,3.3578138610245096,1.427009052644771,0.6488460144775986,1.4581702608750693,6.884955752212389,6.321882890351117,0.39056602879830105,0.07469084485634936,0.0006668376115407671,0.0,0.07469084485634936,0.006242996454974231,0,1,0,10,0,0.7272727272727273,0.2743362831858407,0.31352414702432363,0.2170860464056333,0.8162369996595461,0.4990442566854895,0.008849557522123894,0.5921052631578947,0.05429188532888022
779,112,99.11504424778761,113,0,104,9,0,0.0,1.7982528624392267,1.7889000556771695,2.949914655753483,1.4272689447381288,0.6719343397873445,1.475542429279748,6.884955752212389,6.321882890351117,0.38358471420965334,0.05972580793033312,0.0005805166711390045,0.0,0.05972580793033312,0.005433972682689834,0,0,0,9,0,0.7777777777777778,0.26548672566371684,0.29894469481545516,0.21678578953700997,0.82604242364301,0.49623043809270945,0.0,0.556704260651629,0.05410639992054349
780,111,98.23008849557522,113,1,103,8,1,0.008849557522123894,1.812161835702275,1.7999306155376258,3.0625133662976576,1.4282022473158904,0.6676852268585063,1.4679860365037067,6.884955752212389,6.321882890351117,0.382891392227829,0.12890123072818505,0.0007869149365870685,0.1,0.07480598932621838,0.006687780879602123,0,2,0,8,0,0.7,0.25663716814159293,0.3005035968989243,0.21768619298710212,0.8201799472212509,0.49449683841034076,0.008849557522123894,0.556704260651629,0.054205445934848086
781,111,98.23008849557522,113,0,105,8,0,0.0,1.8012575408735891,1.78911668815074,3.115036371869675,1.4283976632405115,0.6558469514338533,1.436529311159331,6.884955752212389,6.321882890351117,0.3859439359758694,0.05055684957485318,0.0005771433100983775,0.0,0.05055684957485318,-0.003126911962882742,0,0,0,8,0,0.75,0.25663716814159293,0.30576629364057983,0.21081620719631727,0.8304499001238647,0.5005714841127876,0.0,0.556704260651629,0.054157101443656486
782,110,97.34513274336283,113,1,106,6,0,0.008849557522123894,1.8028932242400633,1.7860256815490092,2.9854183887118353,1.4286651483373671,0.6788750581894543,1.483901538923176,6.884955752212389,6.321882890351117,0.3834730691532078,0.07579827795060469,0.0005581083737006407,0.0,0.07579827795060469,0.004067952761370159,0,1,0,6,0,0.7142857142857143,0.2831858407079646,0.2989202635655142,0.21673383174726912,0.8197309543084251,0.48847148320026806,0.008849557522123894,0.5745614035087718,0.05417373490777502
783,111,98.23008849557522,113,0,108,5,0,0.0,1.8205184452494982,1.8036154433358484,3.193561600964807,1.4295645756602013,0.6553942385198789,1.440539687638623,6.884955752212389,6.321882890351117,0.38628427729908954,0.02782147170099391,0.0006261238780946013,0.0,0.02782147170099391,-0.007806082924264568,0,0,0,5,0,0.8,0.26548672566371684,0.30614059985200687,0.2070205397961125,0.8165707809076101,0.4930969651031117,0.0,0.5745614035087718,0.0542902913838389
784,111,98.23008849557522,113,0,109,4,0,0.0,1.8378138579731698,1.8204955676501675,3.522966884016275,1.4312608555937194,0.6280955726421714,1.4043890296663575,6.884955752212389,6.321882890351117,0.39129914872206917,0.050296174741072654,0.0004740704425324168,0.0,0.050296174741072654,-0.006350932680321969,0,0,0,4,0,0.75,0.25663716814159293,0.31921647598673164,0.19336507933537384,0.8181504842398846,0.5030110534527219,0.0,0.5745614035087718,0.054430386862902025
785,112,99.11504424778761,113,0,108,5,0,0.0,1.8600821595301755,1.842154537257182,3.9178281968312008,1.433945302451398,0.5957040756181641,1.375486363894509,6.884955752212389,6.321882890351117,0.3976530952101489,0.05837019272162332,0.00048672333762431896,0.0,0.05837019272162332,-0.0006854465441711533,0,0,0,5,0,0.8,0.2831858407079646,0.33494674683453085,0.18861686235810038,0.7975673212052908,0.5084499376089535,0.0,0.6099624060150375,0.05462658216398513
786,110,97.34513274336283,113,2,107,4,0,0.017699115044247787,1.8849201883929956,1.8744007289150215,4.412117680250305,1.4377057082781164,0.5886171604032153,1.399101705522544,6.884955752212389,6.321882890351117,0.40153894324931483,0.08686169754644246,0.0006044025083066993,0.0,0.08686169754644246,-0.002198262937988693,0,2,0,4,0,0.8333333333333334,0.25663716814159293,0.34763343714727485,0.17851560158555344,0.7681495483962266,0.5067520259051645,0.017699115044247787,0.6278195488721804,0.05486963653458277
787,110,97.34513274336283,113,1,103,8,1,0.008849557522123894,1.8926507951398268,1.8766079917852243,4.85038431649841,1.442007377945901,0.5755590291198431,1.4563181896537232,6.884955752212389,6.321882890351117,0.4038668390947715,0.2423050340042054,0.0003891082339257632,0.2,0.13346277575268642,0.03423019824253896,0,2,0,8,0,0.5,0.25663716814159293,0.36238091604398565,0.16144302509609038,0.7937179442484257,0.5126941735853311,0.008849557522123894,0.5924185463659147,0.055044262827680476
788,110,97.34513274336283,113,0,108,5,0,0.0,1.9008093026695152,1.8845564641186938,5.09889814452218,1.446156922373239,0.5602530381768005,1.4561273616456507,6.884955752212389,6.321882890351117,0.4063041929946407,0.09246050085352718,0.0005665160773880699,0.0,0.09246050085352718,-0.0008344980676056269,0,0,0,5,0,0.6,0.2743362831858407,0.3704901303624412,0.1538812585989619,0.7957196452114017,0.5161270624420337,0.0,0.5570175438596491,0.05521622003491861
789,109,96.46017699115045,113,1,107,5,0,0.008849557522123894,1.9066613105845205,1.9020975215081277,5.667265964843695,1.4503234019790843,0.5427829254996981,1.458999705309914,6.884955752212389,6.321882890351117,0.4096508244509727,0.1124611377098198,0.0006025305348910827,0.16666666666666666,0.08156888639213067,-0.0002043257816461049,0,1,0,5,0,0.6666666666666666,0.25663716814159293,0.3849735380516064,0.1537698177720289,0.8144817139179368,0.5075598835718533,0.008849557522123894,0.5391604010025063,0.0553771800551596
790,107,94.69026548672566,113,2,103,5,3,0.017699115044247787,1.922569476212891,1.9163181481272828,5.8935714467175275,1.455639774086753,0.5493658521987308,1.4583845633479648,6.884955752212389,6.321882890351117,0.4136221602803094,0.38751784819856605,0.0005207375737239719,0.3,0.11693012076300872,0.04089435735396122,0,5,0,5,0,0.5,0.24778761061946902,0.39363367470773736,0.19857244316872083,0.8226480168981002,0.510153944113281,0.017699115044247787,0.48590225563909767,0.05562476829263251
791,109,96.46017699115045,113,0,105,8,0,0.0,1.9092690578039118,1.9034368639086814,5.27101267914943,1.4598823718060803,0.5816190309705084,1.476863028848629,6.884955752212389,6.321882890351117,0.40564432015901497,0.051754623597846404,0.0003859297311614736,0.0,0.051754623597846404,0.02090276190176002,0,0,0,8,0,0.625,0.25663716814159293,0.37289811228190306,0.204546867474559,0.8216471741705832,0.5063937988256566,0.0,0.48590225563909767,0.05569237223024989
792,109,96.46017699115045,113,1,104,8,0,0.008849557522123894,1.9163404318308563,1.9100541185128896,5.9929715704781845,1.4641997421440578,0.5700082136886699,1.509883604562191,6.884955752212389,6.321882890351117,0.4119225267155753,0.068850803704705,0.0003648947700779272,0.0,0.068850803704705,0.015269690595956663,0,1,0,8,0,0.6666666666666666,0.24778761061946902,0.3957082305139537,0.18716917805986194,0.817852000952348,0.5180372040411989,0.008849557522123894,0.5213032581453634,0.05586419864873947
793,109,96.46017699115045,113,0,105,8,0,0.0,1.9323190956175074,1.925894038778831,6.110748230736556,1.4690369617439683,0.5585129104045088,1.533285507484588,6.884955752212389,6.321882890351117,0.4135504283475844,0.03281148673281237,0.000686561608103447,0.0,0.03281148673281237,-0.002525865956510026,0,0,0,8,0,0.75,0.23893805309734514,0.3975118871311048,0.1815665421619908,0.8207287766235798,0.523069464462014,0.0,0.5213032581453634,0.056096993646800444
794,110,97.34513274336283,113,0,104,9,0,0.0,1.9179809933096104,1.9115868571286492,5.6006447966920065,1.4728447913705558,0.5859394305582026,1.540994757891783,6.884955752212389,6.321882890351117,0.4092646716344639,0.023935880917980483,0.0007077949862209962,0.0,0.023935880917980483,0.0034904757362014755,0,0,0,9,0,0.7777777777777778,0.23893805309734514,0.38320742771743566,0.19033797457397725,0.8037325808444746,0.5180574192338403,0.0,0.5213032581453634,0.056145666400089445
795,112,99.11504424778761,113,0,104,9,0,0.0,1.9454633442128397,1.9393398013220111,6.104394152460934,1.4778155013719096,0.5553161470098457,1.4756715599417047,6.884955752212389,6.321882890351117,0.41687175059740156,0.03039006173668322,0.000688390593915122,0.0,0.03039006173668322,0.00812522009087783,0,0,0,9,0,0.7777777777777778,0.22123893805309736,0.3987326049100276,0.18549201952353017,0.8056485590280029,0.5287091364407526,0.0,0.5213032581453634,0.05644019938715787
796,112,99.11504424778761,113,0,104,9,0,0.0,1.9788813635084601,1.9723233718807391,7.124366317995562,1.484140115071182,0.5080167369273758,1.4642336696490075,6.884955752212389,6.321882890351117,0.42465888080704306,0.04742535579988478,0.0006529808908177308,0.0,0.04742535579988478,0.006735908721048111,0,0,0,9,0,0.6666666666666666,0.21238938053097345,0.42319605691049306,0.16718083375168502,0.8135371600832801,0.5371619124125561,0.0,0.556704260651629,0.05680720681930352
797,113,100.0,113,0,105,8,0,0.0,1.9781655301716379,1.9714193321807525,6.816148670867993,1.4900191722342269,0.5111136250499377,1.4861425543442728,6.884955752212389,6.321882890351117,0.4241440388979305,0.06170016604977503,0.0006539282352523781,0.0,0.06170016604977503,0.0022119905422991193,0,0,0,8,0,0.625,0.23008849557522124,0.4182240921316437,0.17793293800989293,0.8266384421071598,0.5328680330202719,0.0,0.4859022556390977,0.05698946120707166
798,112,99.11504424778761,113,1,105,7,0,0.008849557522123894,1.9822661293988781,1.9724230323787464,6.7539915380754145,1.4957374593629382,0.5436884410611365,1.520861712735456,6.884955752212389,6.321882890351117,0.4225779597374584,0.03951853352778928,0.0005263345334562355,0.0,0.03951853352778928,0.006039028189057216,0,1,0,7,0,0.75,0.24778761061946902,0.41429582673884463,0.18145956599779586,0.7948529445001427,0.5164410771541746,0.008849557522123894,0.4683583959899749,0.057190715911013434
799,112,99.11504424778761,113,0,107,6,0,0.0,1.969153526615029,1.9596992277434473,6.708334605717282,1.5002906009797448,0.5716009397423659,1.5447001858221334,6.884955752212389,6.321882890351117,0.41679836818481353,0.042354955145009004,0.00047765412183667036,0.0,0.042354955145009004,0.006694935918076424,0,0,0,6,0,0.6666666666666666,0.24778761061946902,0.4081841178910588,0.17585079992351257,0.8246443536032508,0.5077687226484796,0.0,0.5037593984962405,0.05726907503751737
800,111,98.23008849557522,113,1,106,6,0,0.008849557522123894,2.0012473109966993,1.9871638128398634,7.128804697044023,1.5061654875888209,0.5864866757962657,1.5782121437125844,6.884955752212389,6.321882890351117,0.4192986634690756,0.08190087825641755,0.0007267986329274979,0.0,0.08190087825641755,-0.00391653249460525,0,1,0,6,0,0.5714285714285714,0.25663716814159293,0.41439242598259207,0.1720233021844012,0.8207589774767123,0.5038226463508605,0.008849557522123894,0.5216165413533835,0.05761524568510907
801,111,98.23008849557522,113,0,109,4,0,0.0,2.027835619397709,2.0129490635882323,9.060192765620037,1.5127524952825435,0.5272072424893569,1.5663321337598095,6.884955752212389,6.321882890351117,0.42926522043131055,0.03151102385047198,0.0005802866375074194,0.0,0.03151102385047198,-0.002659591445517112,0,0,0,4,0,0.75,0.26548672566371684,0.45865053146523654,0.145298894355275,0.7903038005383346,0.5076557697094984,0.0,0.5216165413533835,0.0579563986833019
802,109,96.46017699115045,113,2,108,3,0,0.017699115044247787,2.0249003451180414,2.0196209782490038,8.932553948495583,1.518774025673585,0.5580328408455881,1.6107994338982223,6.884955752212389,6.321882890351117,0.4263135794093116,0.041031991721599166,0.0005404296852012072,0.0,0.041031991721599166,0.0030361494835914327,0,2,0,3,0,0.6,0.23008849557522124,0.45311572783388526,0.14718717611641588,0.7687128108726169,0.5018869359325397,0.017699115044247787,0.5391604010025062,0.05813205936166784
803,109,96.46017699115045,113,1,106,3,3,0.008849557522123894,2.0364027810823173,2.0239305236265897,9.135512908763564,1.5254890138212969,0.5750795158856331,1.5996777070732853,6.884955752212389,6.321882890351117,0.42874065769766423,0.5841372078472405,0.0007035430606718635,0.5714285714285714,0.051717521422094896,0.04139851126778254,0,4,0,3,0,0.7142857142857143,0.21238938053097345,0.45840372985686023,0.15380664532230623,0.7730489005533994,0.5020400751972978,0.008849557522123894,0.5391604010025062,0.05840182838488886
804,109,96.46017699115045,113,0,107,6,0,0.0,2.0261819409735704,2.013842817853102,8.192733104882823,1.530899612494678,0.6056303219584238,1.6438426281455547,6.884955752212389,6.321882890351117,0.42679466092520046,0.0075920847882337515,0.0003788007298335053,0.0,0.0075920847882337515,0.010011612572722733,0,0,0,6,0,1.0,0.24778761061946902,0.4421611285480903,0.16827349595266028,0.7701635758077736,0.50459397077298,0.0,0.4683583959899749,0.05852175004024416
805,109,96.46017699115045,113,1,107,5,0,0.008849557522123894,2.0344517780408076,2.0228503460000216,7.935039585790593,1.5363822589428495,0.6303671389228533,1.6413092785853902,6.884955752212389,6.321882890351117,0.4240275171851773,0.09585027095745093,0.0002543672592425304,0.16666666666666666,0.09570156143185284,0.026657578633478587,0,1,0,5,0,0.8333333333333334,0.23008849557522124,0.43343220049678327,0.17526505080283603,0.7732127888027994,0.49642987887474277,0.008849557522123894,0.5570175438596491,0.05873640246945304
806,108,95.57522123893806,113,1,110,2,0,0.008849557522123894,2.060834470558011,2.039482827604546,9.45537520005141,1.542866773861314,0.5794319286935115,1.6238191645561937,6.884955752212389,6.321882890351117,0.43483935888078884,0.004621276318877261,0.0007572158983253271,0.0,0.004621276318877261,0.013583282805274655,0,1,0,2,0,1.0,0.23893805309734514,0.47036338760530944,0.1511508472164992,0.7808491324720118,0.512221602525424,0.008849557522123894,0.5216165413533835,0.05907328765161539
807,110,97.34513274336283,113,0,112,1,0,0.0,2.0778190006549386,2.0563775879726727,9.901867932636375,1.5493299695797103,0.5824853639742829,1.6545836884943201,6.884955752212389,6.321882890351117,0.43286885021750376,0.009517880523879627,0.0005948032815637603,0.0,0.009517880523879627,0.020430960176480606,0,0,0,1,0,1.0,0.23008849557522124,0.4715716776892936,0.13859747381071377,0.8006321637249778,0.5138689582319343,0.0,0.4862155388471178,0.05936250813424563
808,111,98.23008849557522,113,0,111,2,0,0.0,2.057585776387798,2.0369293364475713,9.071920295770784,1.5544009730853061,0.6184844660293045,1.6770404482815684,6.884955752212389,6.321882890351117,0.42636850919261815,0.0047940223509829166,0.0006006999875856039,0.0,0.0047940223509829166,0.01850145511056328,0,0,0,2,0,1.0,0.22123893805309736,0.45106323697961187,0.1453425969168665,0.7867179178064265,0.5107191081245431,0.0,0.5216165413533835,0.05942163346440461
809,111,98.23008849557522,113,0,108,5,0,0.0,2.079121844854291,2.0580049629626322,9.906706447765451,1.5602172948292639,0.5931521812457925,1.6619087593067041,6.884955752212389,6.321882890351117,0.42999363034877347,0.058414674323797974,0.0005662999338491581,0.0,0.058414674323797974,0.011716869707208578,0,0,0,5,0,0.6,0.22123893805309736,0.46518087588639173,0.13984740806615295,0.7828935606957221,0.5165363781079234,0.0,0.5216165413533835,0.0597131643313266
810,110,97.34513274336283,113,2,105,6,0,0.017699115044247787,2.0950948455996596,2.0709491082878215,10.294363849363712,1.566463681836515,0.6001938349659351,1.6764268409377054,6.884955752212389,6.321882890351117,0.4312372554655908,0.0576780873196722,0.0006738603883653633,0.0,0.0576780873196722,0.011513283268221139,0,2,0,6,0,0.625,0.24778761061946902,0.4694550604971682,0.13487138378934707,0.7972501110328459,0.5205578050478648,0.017699115044247787,0.48621553884711777,0.0599904739707917
811,111,98.23008849557522,113,0,108,5,0,0.0,2.1263895756955833,2.1014850908320173,11.776106269191965,1.573716423471399,0.5649191997523918,1.6621771814720274,6.884955752212389,6.321882890351117,0.43630709712347393,0.008886118740748237,0.0005198402829952858,0.0,0.008886118740748237,0.013321860254633621,0,0,0,5,0,1.0,0.24778761061946902,0.4927790437997296,0.11769406207949276,0.7989805376529554,0.5281045832763863,0.0,0.4508145363408521,0.06037620253751987
812,111,98.23008849557522,113,0,106,7,0,0.0,2.1462874387688493,2.1206326154711244,13.070082999114037,1.581479042541055,0.5242281925475762,1.671707190974767,6.884955752212389,6.321882890351117,0.442877980437723,0.02453893903503371,0.0006151539288005997,0.0,0.02453893903503371,0.005717218755199038,0,0,0,7,0,0.8571428571428571,0.25663716814159293,0.5162934617486805,0.10965554409792005,0.8013209871393927,0.5336630300372115,0.0,0.48621553884711777,0.06072106369629006
813,110,97.34513274336283,113,1,106,6,0,0.008849557522123894,2.1351318011335674,2.1232389116733246,12.958104034434436,1.588197473509834,0.5409928549149222,1.6611534891412458,6.884955752212389,6.321882890351117,0.4437928865850782,0.023414044791290806,0.0006770080956020122,0.0,0.023414044791290806,0.002342006918672019,0,1,0,6,0,0.8571428571428571,0.2920353982300885,0.5128700445082898,0.11812286155169188,0.7989464211846251,0.5215009201140772,0.008849557522123894,0.5037593984962405,0.0608776511770713
814,109,96.46017699115045,113,1,107,4,1,0.008849557522123894,2.1371590926107187,2.1148191336921336,12.62720312654451,1.5952730328214115,0.5637735772399368,1.6844929444427392,6.884955752212389,6.321882890351117,0.4434616910120224,0.340806923777478,0.0008106460805723635,0.3333333333333333,0.012468109720983932,0.04003679023964485,0,2,0,4,0,1.0,0.2920353982300885,0.5119201525981727,0.1236792179133207,0.7792551728031047,0.5332436309725332,0.008849557522123894,0.4683583959899749,0.06111144192121468
815,111,98.23008849557522,113,0,105,8,0,0.0,2.1178118562277812,2.096219932373703,10.545730431737631,1.6004381953041797,0.6248084653123092,1.710909870647779,6.884955752212389,6.321882890351117,0.435238792131027,0.0056632625384996395,0.0009120482955326208,0.0,0.0056632625384996395,-0.010680305700184203,0,0,0,8,0,1.0,0.2831858407079646,0.474171086457568,0.13892903908913892,0.7709745370707783,0.5279403828464986,0.0,0.5037593984962405,0.061177973500928476
816,111,98.23008849557522,113,0,108,5,0,0.0,2.1301885305799897,2.108244966401664,10.801023591796131,1.605884989118709,0.5949799140549793,1.6817942898574902,6.884955752212389,6.321882890351117,0.43660703863506956,0.0101635605782446,0.0008804469586930624,0.0,0.0101635605782446,0.002988500956396978,0,0,0,5,0,1.0,0.24778761061946902,0.4787619480432453,0.14104432719038704,0.7843092646667574,0.5315838530606717,0.0,0.4683583959899749,0.06141202683580624
817,110,97.34513274336283,113,1,108,4,0,0.008849557522123894,2.137441504510903,2.114706862645012,10.34573058888312,1.6113759660391487,0.6255683105156868,1.6807091297729828,6.884955752212389,6.321882890351117,0.4302126808995064,0.06021384422717777,0.0011963144980951382,0.0,0.06021384422717777,-0.006999467485132915,0,1,0,4,0,0.8,0.24778761061946902,0.4631720143876006,0.1408822689593067,0.7499531064509002,0.523489393210191,0.008849557522123894,0.5570175438596491,0.061621858270684005
818,111,98.23008849557522,113,0,107,6,0,0.0,2.1397783304090163,2.116665703767175,10.659840662822155,1.6165571661207994,0.6397531092210483,1.745850054981387,6.884955752212389,6.321882890351117,0.4309518076377272,0.054167893658457374,0.0009480664884392313,0.0,0.054167893658457374,0.002062407966140952,0,0,0,6,0,0.6666666666666666,0.23893805309734514,0.4687662970027074,0.1366621581479724,0.7531425122705813,0.5224397950994106,0.0,0.5216165413533834,0.06179731710091293
819,112,99.11504424778761,113,0,107,6,0,0.0,2.109192959920674,2.086904675607909,9.19390711757441,1.6199056509232186,0.6811108298863995,1.779357057157512,6.884955752212389,6.321882890351117,0.4243894390910703,0.02588715104137361,0.0010786153027401437,0.0,0.02588715104137361,-0.01988211968174497,0,0,0,6,0,0.8333333333333334,0.23008849557522124,0.4418713236611032,0.14463848694289635,0.7629390732873738,0.514698820102544,0.0,0.5216165413533834,0.06175023389237629
820,112,99.11504424778761,113,0,106,7,0,0.0,2.091704397344628,2.0703686776098524,8.118681577879073,1.6222061392952776,0.713484325902684,1.7663570642498971,6.884955752212389,6.321882890351117,0.41954678895565234,0.026217375634406802,0.0010732968185054855,0.0,0.026217375634406802,-0.01871868588943304,0,0,0,7,0,0.8571428571428571,0.23893805309734514,0.4193767495871575,0.15359943089120842,0.7893640174924239,0.5102144343298024,0.0,0.4862155388471177,0.06173550816988992
821,112,99.11504424778761,113,0,104,9,0,0.0,2.0920678640122126,2.071200156014507,7.374993395021081,1.6244032455593493,0.7228531125633826,1.7404540472301857,6.884955752212389,6.321882890351117,0.41575162638323304,0.03419400080329983,0.0009847918238392772,0.0,0.03419400080329983,-0.010696182529476732,0,0,0,9,0,0.8888888888888888,0.24778761061946902,0.4016184934835354,0.1607175833915282,0.7863520447879688,0.5081313903472927,0.0,0.4862155388471177,0.061806774745723436
822,113,100.0,113,0,105,8,0,0.0,2.091801347812176,2.0713704541749,7.263990830261746,1.626470066178642,0.7207087095729535,1.7489052463976054,6.884955752212389,6.321882890351117,0.4153347162845087,0.0363425078342116,0.0010500232852012805,0.0,0.0363425078342116,-0.015460921574819195,0,0,0,8,0,0.875,0.23893805309734514,0.398920759088777,0.15848494157010443,0.7805511752131045,0.5111370713300956,0.0,0.45081453634085206,0.061870773154275915
823,113,100.0,113,0,105,8,0,0.0,2.0898717632506547,2.0692885247583175,7.03830422535624,1.6283009311071677,0.7345456732396769,1.7505937378405048,6.884955752212389,6.321882890351117,0.4173938817101961,0.033023092271479225,0.001022177134568075,0.0,0.033023092271479225,-0.012478305470591283,0,0,0,8,0,0.875,0.22123893805309736,0.39753376192543033,0.1680289365012693,0.7621559001625231,0.5107029095232691,0.0,0.5216165413533834,0.06191899779979926
824,113,100.0,113,0,109,4,0,0.0,2.112801667073517,2.091469105561678,8.088277334328689,1.6311378351732624,0.6969881529068015,1.7329073749811903,6.884955752212389,6.321882890351117,0.42324747218121295,0.017658954634275664,0.001144863029370926,0.0,0.017658954634275664,-0.004281842514246376,0,0,0,4,0,1.0,0.23893805309734514,0.4205280003360594,0.14780235668918545,0.7629390732873738,0.523372433101289,0.0,0.5216165413533834,0.06212332019529863
825,113,100.0,113,0,108,5,0,0.0,2.1055865157888634,2.084446394527734,7.858734398412571,1.633440219432752,0.7091640077943782,1.6756678699412444,6.884955752212389,6.321882890351117,0.422329098543226,0.036896274105996586,0.0008396792311378014,0.0,0.036896274105996586,-0.00024098804397496565,0,0,0,5,0,0.8,0.24778761061946902,0.41649061190233555,0.14542129095601994,0.7789448467445338,0.5230609349503421,0.0,0.5216165413533834,0.06216002145716076
826,112,99.11504424778761,113,1,106,6,0,0.008849557522123894,2.0868003104748194,2.067711102378049,7.172374639727475,1.6346804275340039,0.7006335230166871,1.6472396034123398,6.884955752212389,6.321882890351117,0.42080947404753366,0.021199062711821186,0.0007224536396390521,0.0,0.021199062711821186,0.003139769072130903,0,1,0,6,0,0.8571428571428571,0.25663716814159293,0.4054916719562422,0.14898701358033345,0.7783315345815096,0.5303092808542683,0.008849557522123894,0.5216165413533835,0.06210529268246944
827,112,99.11504424778761,113,0,107,6,0,0.0,2.0732414569621835,2.0538704371041407,7.125686801485173,1.6352124722764263,0.7068235923212844,1.6513318033933437,6.884955752212389,6.321882890351117,0.4203355577972774,0.004865255783089558,0.0007825185202847479,0.0,0.004865255783089558,0.010421124298776662,0,0,0,6,0,1.0,0.24778761061946902,0.4056003851589656,0.15287238686705862,0.771778052990512,0.5259938384228321,0.0,0.5216165413533834,0.062054316037676374
828,112,99.11504424778761,113,0,107,6,0,0.0,2.083208718761368,2.0631225430061115,7.984144432333276,1.63617880761332,0.6659601581971764,1.6393568786779895,6.884955752212389,6.321882890351117,0.42602107546139023,0.057628517317537875,0.0008527672416083978,0.0,0.057628517317537875,0.006299967733415642,0,0,0,6,0,0.6666666666666666,0.26548672566371684,0.4269444852014377,0.13988181424126395,0.7563128367161878,0.5338105525093898,0.0,0.5570175438596492,0.06213469764083554
829,112,99.11504424778761,113,0,110,3,0,0.0,2.0912674035133265,2.070784055823608,8.567934901518084,1.6374715338562478,0.6631331505839364,1.6545293616042427,6.884955752212389,6.321882890351117,0.4284571601794902,0.01761662098461197,0.0013159213426317668,0.0,0.01761662098461197,0.003006822036676867,0,0,0,3,0,1.0,0.24778761061946902,0.4385811357725392,0.1365543995889467,0.7701651160448875,0.5302300211556399,0.0,0.4862155388471177,0.062215853384180696
830,112,99.11504424778761,113,0,111,2,0,0.0,2.1024270295887026,2.0816318958654656,9.150245530461337,1.6392311656548677,0.6589386831086691,1.6966860181233987,6.884955752212389,6.321882890351117,0.4308137496873159,0.012862414526689158,0.0009884515308256421,0.0,0.012862414526689158,0.002479842728107917,0,0,0,2,0,1.0,0.26548672566371684,0.4498085431465702,0.1374512191157134,0.7502536094600537,0.5274380757462624,0.0,0.5570175438596491,0.06232727244536264
831,113,100.0,113,0,109,4,0,0.0,2.1149009939315118,2.0942885100436466,9.476382415954264,1.6415196646528607,0.6371735006416089,1.7370124085519574,6.884955752212389,6.321882890351117,0.43172461897125847,0.039108462366151994,0.000704632962118903,0.0,0.039108462366151994,0.006081191257380769,0,0,0,4,0,0.75,0.23893805309734514,0.45403885108642356,0.13098844918999736,0.7568181464037107,0.5293484914977501,0.0,0.5570175438596491,0.06246198038037668
832,113,100.0,113,0,109,4,0,0.0,2.13499789910562,2.11375567428298,10.67383506290974,1.6446480404844797,0.6057490445336314,1.7539565470562288,6.884955752212389,6.321882890351117,0.4374121511175948,0.017134237778372793,0.000751221083921224,0.0,0.017134237778372793,0.017063915207826682,0,0,0,4,0,1.0,0.24778761061946902,0.476300038023047,0.1152722693899816,0.7641030645977338,0.538049790007928,0.0,0.5216165413533834,0.06266135103446971
833,113,100.0,113,0,106,7,0,0.0,2.1627348404998123,2.1412204611024754,11.141434927343136,1.6489676773867041,0.5695510977219752,1.6949937672663276,6.884955752212389,6.321882890351117,0.4389499333491682,0.009302246678254411,0.0006259220671622213,0.0,0.009302246678254411,0.01573997496914023,0,0,0,7,0,1.0,0.23893805309734514,0.48065814457523465,0.10814477917176135,0.7379132520110682,0.5462408808545017,0.0,0.5570175438596491,0.0629365769345642
834,113,100.0,113,0,107,6,0,0.0,2.148085856878766,2.1273993694905666,10.718448173133178,1.6523152293219832,0.5840017393721366,1.691838703223512,6.884955752212389,6.321882890351117,0.43656025776426266,0.06548928677914194,0.000798432831035927,0.0,0.06548928677914194,0.011057334111180234,0,0,0,6,0,0.8333333333333334,0.24778761061946902,0.47397055451621856,0.11121606447601637,0.7635249817138641,0.5450336143696023,0.0,0.5216165413533834,0.06296914617297997
835,112,99.11504424778761,113,1,108,4,0,0.008849557522123894,2.1666633765144825,2.143929236927346,11.513506035595768,1.6563661399047405,0.5543853593294084,1.6586044046946578,6.884955752212389,6.321882890351117,0.439180519126789,0.08843523777530202,0.0009557102166558046,0.0,0.08843523777530202,-0.0014346720764012,0,1,0,4,0,0.6,0.26548672566371684,0.4855193555541723,0.10555096730272175,0.740755335343592,0.5423186561809727,0.008849557522123894,0.574874686716792,0.06319008068267593
836,112,99.11504424778761,113,0,109,4,0,0.0,2.1746728552837364,2.15205051608058,11.08462968783612,1.6604927029987824,0.5590588914420693,1.6504458249784741,6.884955752212389,6.321882890351117,0.4400741543186093,0.024199662348040784,0.000512098659679627,0.0,0.024199662348040784,0.012698645137194625,0,0,0,4,0,0.75,0.24778761061946902,0.4793474514929629,0.11197548066309543,0.7473973575154025,0.54462873935516,0.0,0.5394736842105263,0.06336056631962309
837,112,99.11504424778761,113,0,106,7,0,0.0,2.1899358059214244,2.1672760573923586,10.861068359364339,1.6651284223195446,0.5826453895434153,1.6603262036713864,6.884955752212389,6.321882890351117,0.4370505507000948,0.028342567427646008,0.0004828338093931365,0.0,0.028342567427646008,0.02297716221905799,0,0,0,7,0,0.8571428571428571,0.24778761061946902,0.4689186125343785,0.11549311337322754,0.7516000656410073,0.5410851948684918,0.0,0.5040726817042607,0.06358341344610352
838,112,99.11504424778761,113,0,109,4,0,0.0,2.1787546505677073,2.156699068259997,10.040654780764646,1.6689361450007045,0.6451172346801666,1.7062481123628823,6.884955752212389,6.321882890351117,0.42964942060433553,0.016910206006450327,0.00042242288791795193,0.0,0.016910206006450327,0.027224760315351294,0,0,0,4,0,0.75,0.26548672566371684,0.44843603070136423,0.1239229026053464,0.7473973575154025,0.5263492640487513,0.0,0.5394736842105263,0.06364786755368107
839,111,98.23008849557522,113,1,109,3,0,0.008849557522123894,2.18016625308175,2.1610227953697465,9.844612650581167,1.6725778659039416,0.6558869271225596,1.7154076378973244,6.884955752212389,6.321882890351117,0.4278841127273889,0.042854992957014934,0.0004965166383121535,0.0,0.042854992957014934,0.010573085993416137,0,1,0,3,0,0.75,0.23008849557522124,0.4427139569653802,0.12757863687994508,0.7602663800967263,0.5153845068656354,0.008849557522123894,0.5394736842105263,0.06377003823159932
840,112,99.11504424778761,113,0,112,1,0,0.0,2.1812059772934305,2.1618743137080076,9.541125847762597,1.6761763818509225,0.6697362980103012,1.7253821842522576,6.884955752212389,6.321882890351117,0.426642805191644,0.0008286511001688245,0.0005277847156820362,0.0,0.0008286511001688245,0.005949105593563542,0,0,0,1,0,1.0,0.26548672566371684,0.436598709078214,0.13423960087127304,0.7509575989052456,0.5115828639597604,0.0,0.574874686716792,0.06388898383463709
841,112,99.11504424778761,113,0,112,1,0,0.0,2.1880786276386672,2.1683586473501157,10.004686728973033,1.6798753494172032,0.6253652648633237,1.730370075714184,6.884955752212389,6.321882890351117,0.434010961047111,0.0008275680728899526,0.0005186537964478434,0.0,0.0008275680728899526,0.006461925350813469,0,0,0,1,0,1.0,0.2831858407079646,0.4520116462825692,0.13205301060850103,0.7426827698018679,0.52001942967304,0.0,0.5394736842105263,0.06404026928520944
842,112,99.11504424778761,113,0,111,2,0,0.0,2.1774753381037932,2.1579720347328473,9.003936060123749,1.6828151689970412,0.6351945058657598,1.6839061677731386,6.884955752212389,6.321882890351117,0.4331661605016246,0.006655809008415267,0.0005711820432915309,0.0,0.006655809008415267,0.007805860166434364,0,0,0,2,0,1.0,0.2743362831858407,0.4374914141973723,0.14641990053505197,0.761866296689032,0.521022413390714,0.0,0.5394736842105263,0.06408017881304756
843,112,99.11504424778761,113,0,111,2,0,0.0,2.1692674853961447,2.150017512985398,8.960797107253391,1.6851668361863652,0.6331860154745521,1.6807630021949262,6.884955752212389,6.321882890351117,0.4327945915821687,0.008281477779712092,0.0006842220795797303,0.0,0.008281477779712092,0.013223604340766026,0,0,0,2,0,1.0,0.2831858407079646,0.43740245704702685,0.1398311810939558,0.7659241436204375,0.5267127743456173,0.0,0.5394736842105263,0.06411347437234925
844,113,100.0,113,0,112,1,0,0.0,2.177399870050857,2.157577152384623,9.433875331813189,1.687752162969811,0.5856261795318233,1.6301739038346623,6.884955752212389,6.321882890351117,0.4399912295079558,0.0030253669578824555,0.00044180442501857596,0.0,0.0030253669578824555,-0.012193348353467082,0,0,0,1,0,1.0,0.3185840707964602,0.4534039329186682,0.13752529471205097,0.7667142534888847,0.5338961047562258,0.0,0.5394736842105263,0.06423585696141398
845,113,100.0,113,0,111,2,0,0.0,2.18539235394278,2.1655276374860923,9.86394023598122,1.6905761447075378,0.5631141661088082,1.6370929988519538,6.884955752212389,6.321882890351117,0.44097408650535663,0.0058920705412522905,0.0005033858814458882,0.0,0.0058920705412522905,0.007121499554559374,0,0,0,2,0,1.0,0.3008849557522124,0.45992808893972587,0.13239594020411843,0.7751612683501304,0.5412611560293052,0.0,0.5040726817042607,0.06436508379002559
846,113,100.0,113,0,111,2,0,0.0,2.1729543731313323,2.1532319611832396,9.41563599976289,1.6925997430218067,0.6116161383539922,1.6442284203651016,6.884955752212389,6.321882890351117,0.4382040323802687,0.009168636451091733,0.0005412581422331365,0.0,0.009168636451091733,0.011079323363921034,0,0,0,2,0,1.0,0.30973451327433627,0.45087061560932634,0.13709712203862393,0.7657526052048088,0.5348339816017439,0.0,0.468671679197995,0.06436685864376795
847,113,100.0,113,0,111,2,0,0.0,2.148550412194337,2.1291648677303687,8.926944453039711,1.6932782170499148,0.6105962788411998,1.6364744217881373,6.884955752212389,6.321882890351117,0.4347756801748559,0.010660341506858049,0.000560372130283003,0.0,0.010660341506858049,0.011560709811946401,0,0,0,2,0,1.0,0.3185840707964602,0.4439612112563691,0.13761318722915153,0.7777638437103249,0.5406132736338427,0.0,0.5394736842105263,0.06426628500583219
848,113,100.0,113,0,109,4,0,0.0,2.1363421428027856,2.1171301697739766,8.58183270251168,1.6933051431357158,0.6438974871302472,1.6723919595739927,6.884955752212389,6.321882890351117,0.43260878406011116,0.04199780499152339,0.0002885110532220909,0.0,0.04199780499152339,0.02989663967076845,0,0,0,4,0,0.75,0.3008849557522124,0.43690285043937915,0.14841098857421497,0.7500243250893963,0.5342964444869596,0.0,0.5040726817042607,0.06420609477668009
849,113,100.0,113,0,110,3,0,0.0,2.140728449901704,2.1213249564694077,9.50478965243773,1.6935425185878135,0.6106593916168656,1.64317724083793,6.884955752212389,6.321882890351117,0.43832498734075465,0.010761378540399805,0.0005555380707095867,0.0,0.010761378540399805,0.003770667855105344,0,0,0,3,0,1.0,0.3274336283185841,0.45791899097440547,0.1319895737193398,0.7489865288669553,0.5448133744239073,0.0,0.5394736842105263,0.06423552961122071
850,113,100.0,113,0,110,3,0,0.0,2.1277849089852334,2.1087314919359197,9.232435802826446,1.6931279721781034,0.6076784704126303,1.6238230066914947,6.884955752212389,6.321882890351117,0.4387139535115392,0.07963707295606452,0.00035496478879954335,0.0,0.07963707295606452,0.023750380151449438,0,0,0,3,0,0.6666666666666666,0.3185840707964602,0.4554985496313637,0.1339325154305973,0.7503875775584918,0.5459005181415015,0.0,0.50031328320802,0.06415770833736434
851,112,99.11504424778761,113,1,108,4,0,0.008849557522123894,2.1266024370919205,2.1058845926971115,8.73774021523888,1.6926922137573184,0.6495258906262232,1.6617069346465685,6.884955752212389,6.321882890351117,0.4355082335960898,0.10816895538189497,0.0006944410826515862,0.0,0.10816895538189497,0.01653112849866863,0,1,0,4,0,0.6,0.336283185840708,0.44194965000363257,0.14161568919127,0.7581078805191995,0.5402218614292338,0.008849557522123894,0.468671679197995,0.06413802190937434
852,112,99.11504424778761,113,0,112,1,0,0.0,2.1187778622667404,2.0982813910155973,8.749911919118105,1.691802908109518,0.6407431284989241,1.6264325604653544,6.884955752212389,6.321882890351117,0.4370818166811272,0.10348140381402543,0.001024899740909621,0.0,0.10348140381402543,-0.00887504719900667,0,0,0,1,0,0.0,0.34513274336283184,0.4433070230647428,0.14061546450715828,0.7486099107636571,0.5427701925899338,0.0,0.5040726817042607,0.06407078860445282
853,112,99.11504424778761,113,0,110,3,0,0.0,2.1271321854570164,2.1069257772377425,9.221111387255398,1.691407013702152,0.6339621544196773,1.601226667183102,6.884955752212389,6.321882890351117,0.4362004100707251,0.03648231424788364,0.0007190850437865955,0.0,0.03648231424788364,0.007558239972079124,0,0,0,3,0,0.6666666666666666,0.34513274336283184,0.4480406273045835,0.13388138815965678,0.7704324167206604,0.5451086225815093,0.0,0.468671679197995,0.06410004623000265
854,112,99.11504424778761,113,0,110,3,0,0.0,2.157091608378499,2.1363618270247176,10.906608409029817,1.6925248773516515,0.5744299270408753,1.5668665856892667,6.884955752212389,6.321882890351117,0.4460165741412909,0.036072089200045614,0.0007776939188489413,0.0,0.036072089200045614,-0.0012695425789283066,0,0,0,3,0,0.6666666666666666,0.3185840707964602,0.48129463737106576,0.12424533992199971,0.7449697993315036,0.5546407923736002,0.0,0.468671679197995,0.06428517836000765
855,112,99.11504424778761,113,0,109,4,0,0.0,2.1700611453801777,2.148945564276577,11.053877716806335,1.6942084942761895,0.5547867848472761,1.5422981836190155,6.884955752212389,6.321882890351117,0.4483421359767492,0.04657815488375349,0.0004095137539374777,0.0,0.04657815488375349,0.012301012460260538,0,0,0,4,0,0.75,0.3185840707964602,0.484228616209085,0.12789186985882436,0.7452052283254933,0.5533002003962452,0.0,0.5040726817042607,0.06440324419016175
856,113,100.0,113,0,111,2,0,0.0,2.1460661446350557,2.1251610396449045,10.50556207160494,1.6945827710758425,0.56026179665489,1.5579933904539176,6.884955752212389,6.321882890351117,0.448057682477047,0.09085261872933714,0.00023836730732293814,0.0,0.09085261872933714,0.031752786368187055,0,0,0,2,0,0.5,0.35398230088495575,0.48049407326048327,0.12232365763209492,0.7221795661895911,0.560580496618798,0.0,0.5394736842105263,0.06429509985691605
857,113,100.0,113,0,111,2,0,0.0,2.1640439395257234,2.142971327685547,10.864993937895882,1.6958341429764274,0.558975481725044,1.5471785504886066,6.884955752212389,6.321882890351117,0.44994737282286934,0.05192950324051496,0.0004529628569209649,0.0,0.05192950324051496,0.02013090436805247,0,0,0,2,0,0.5,0.336283185840708,0.48457581395918936,0.11296649837934167,0.7174848785420803,0.5678149149815311,0.0,0.5040726817042607,0.06442454396440825
858,113,100.0,113,0,110,3,0,0.0,2.14084437101552,2.120538291820255,9.28652852386178,1.6958718524060112,0.596015088841297,1.5465004787788545,6.884955752212389,6.321882890351117,0.44317266102180186,0.04135814609290179,0.0005443462050912768,0.0,0.04135814609290179,0.00570570225122316,0,0,0,3,0,0.6666666666666666,0.3274336283185841,0.454806994956241,0.12245595856816684,0.746175619157249,0.5672129751359373,0.0,0.5040726817042607,0.06430973809484569
859,113,100.0,113,0,110,3,0,0.0,2.151403478337222,2.1310074137310417,9.701919259237751,1.696436654391096,0.5921801022574819,1.5593684863446766,6.884955752212389,6.321882890351117,0.4418888801254117,0.06311571299387353,0.0005166857920185495,0.0,0.06311571299387353,0.006281556160252323,0,0,0,3,0,0.6666666666666666,0.3274336283185841,0.4573628514104639,0.12011448203415725,0.7647870376612673,0.5636710116056168,0.0,0.5040726817042607,0.06438038669148392
860,113,100.0,113,0,109,4,0,0.0,2.177269182808427,2.15617880434197,10.130956370567421,1.6982387949251585,0.5662240601566056,1.5328904520763875,6.884955752212389,6.321882890351117,0.44599281237818533,0.051882377562403534,0.00039696199136411524,0.0,0.051882377562403534,0.013505107889400098,0,0,0,4,0,0.75,0.3274336283185841,0.4657858344527677,0.12007426304419475,0.7647870376612673,0.5695296715788356,0.0,0.5040726817042607,0.06456667982088143
861,113,100.0,113,0,108,5,0,0.0,2.1892205601833625,2.1681557006222185,10.06903607097062,1.7005327385305269,0.5624216844991934,1.565094155802904,6.884955752212389,6.321882890351117,0.444592437106621,0.025859818338052593,0.0005459032089410122,0.0,0.025859818338052593,0.00427574865022975,0,0,0,5,0,0.8,0.3185840707964602,0.46274332199361373,0.12506296943641046,0.7647870376612673,0.5678551510237557,0.0,0.5040726817042607,0.06469894692190716
862,113,100.0,113,0,109,4,0,0.0,2.201002710534692,2.179771391884192,11.322385024151261,1.7032691260263821,0.5525366818221971,1.6015570898002718,6.884955752212389,6.321882890351117,0.4459372689698704,0.04792476811630573,0.00031875842943063893,0.0,0.04792476811630573,0.03175113840010004,0,0,0,4,0,0.75,0.30973451327433627,0.4806695500446166,0.11402109836580841,0.7618950161727112,0.5675430775858163,0.0,0.5040726817042607,0.06484435328012089
863,112,99.11504424778761,113,1,108,4,0,0.008849557522123894,2.21586168421135,2.1934998217579764,12.527223576892817,1.7065574073000405,0.5461651190836185,1.640178141777782,6.884955752212389,6.321882890351117,0.4515342575476393,0.03345837927148648,0.00031075427890505877,0.0,0.03345837927148648,0.029727980006526777,0,1,0,4,0,0.8,0.336283185840708,0.5011430952701301,0.10830806484579002,0.7565937572266038,0.5683926984757149,0.008849557522123894,0.5040726817042607,0.0650225887941172
864,112,99.11504424778761,113,0,108,5,0,0.0,2.2238119952374626,2.2010021184935424,13.225240251798311,1.709986667630167,0.5295765127069384,1.5864705163073956,6.884955752212389,6.321882890351117,0.4545827672004197,0.038584482280405195,0.0006282406111995213,0.0,0.038584482280405195,-0.009148016577086327,0,0,0,5,0,0.8,0.3185840707964602,0.5146963057440236,0.10880199917545925,0.7565937572266038,0.5663644570064519,0.0,0.5040726817042607,0.06517073726028569
865,112,99.11504424778761,113,0,109,4,0,0.0,2.2264039431144425,2.203724527836525,13.068573705873082,1.7133368201625845,0.54547516951941,1.6446709613846777,6.884955752212389,6.321882890351117,0.451818578343264,0.003956775607354879,0.0006347041225573021,0.0,0.003956775607354879,0.003676372442225656,0,0,0,4,0,1.0,0.3008849557522124,0.5087847339785063,0.10505932252350425,0.7520993603865471,0.564211287603405,0.0,0.5040726817042607,0.06528959335954437
866,112,99.11504424778761,113,0,109,4,0,0.0,2.270067344352037,2.2463401030666037,15.55879600244648,1.7186304653825308,0.46767541680147817,1.6073978285810544,6.884955752212389,6.321882890351117,0.46209171688250317,0.005355479133706567,0.0005773444422697593,0.0,0.005355479133706567,0.004069166796929674,0,0,0,4,0,1.0,0.2920353982300885,0.5464123111802357,0.09419524261459634,0.7824757529556684,0.570327589686193,0.0,0.5040726817042607,0.06567523939145019
867,112,99.11504424778761,113,0,111,2,0,0.0,2.2886919548500395,2.2646350744475057,16.524152693983446,1.7245147218834604,0.42261551891488736,1.5868289871471644,6.884955752212389,6.321882890351117,0.4683814110788065,0.0007327017243397391,0.00048764324141151703,0.0,0.0007327017243397391,0.014199288018550194,0,0,0,2,0,1.0,0.30973451327433627,0.563527327659004,0.09286738082167048,0.7608312077741314,0.5820187211511771,0.0,0.5040726817042607,0.06595436034641852
868,113,100.0,113,0,110,3,0,0.0,2.329136061469254,2.3041216148298775,19.22503170742661,1.7320240168517733,0.35233791595353137,1.5100237223127566,6.884955752212389,6.321882890351117,0.47691586642109196,0.009082769867668887,0.0005054410631809282,0.0,0.009082769867668887,0.010505056386357495,0,0,0,3,0,1.0,0.3185840707964602,0.6009949302886604,0.08131710600598684,0.7703628600708964,0.5922116320808499,0.0,0.5040726817042607,0.06639394529640848
869,113,100.0,113,0,112,1,0,0.0,2.309154773210769,2.284518910905261,16.90146456276024,1.7380671749979335,0.41392509146257,1.5518093326540543,6.884955752212389,6.321882890351117,0.4698641611442469,2.3213840088690195e-05,0.0004864135364683166,0.0,2.3213840088690195e-05,0.013858497000312275,0,0,0,1,0,1.0,0.3185840707964602,0.5684484457883829,0.09327176372898721,0.7894096909984347,0.5829604593929177,0.0,0.574874686716792,0.06648505954555553
870,113,100.0,113,0,110,3,0,0.0,2.3014353497470186,2.2772141449972487,16.270946687609957,1.743358852766319,0.42328604518086665,1.546690882001409,6.884955752212389,6.321882890351117,0.46761464900768956,0.08622979534754739,0.0006197786498176146,0.0,0.08622979534754739,0.016517467690274623,0,0,0,3,0,0.6666666666666666,0.3185840707964602,0.5595588084239749,0.09058787328324236,0.7634700708226809,0.588487165484524,0.0,0.5394736842105263,0.06661372926396282
871,112,99.11504424778761,113,1,110,2,0,0.008849557522123894,2.3350912255636267,2.3046559145376575,17.41052982859694,1.7499878094247088,0.40646574275068775,1.5376068156077989,6.884955752212389,6.321882890351117,0.47053187014590936,0.08649662227688011,0.0005105393108438035,0.0,0.08649662227688011,0.017782703080842694,0,1,0,2,0,0.6666666666666666,0.336283185840708,0.5729211896088057,0.08543931148684981,0.7910319424168127,0.5933981524272371,0.008849557522123894,0.5040726817042607,0.06699154608144363
872,112,99.11504424778761,113,0,109,4,0,0.0,2.36036833122676,2.329045127187507,19.694704114496055,1.7571472338408363,0.33797637267831504,1.51529240124461,6.884955752212389,6.321882890351117,0.475918665171547,0.00921678155142949,0.00046892919696107254,0.0,0.00921678155142949,0.0010035694225425662,0,0,0,4,0,1.0,0.34513274336283184,0.6029428223985087,0.07550318952271612,0.7568936059766123,0.5970496744449525,0.0,0.5040726817042607,0.06734423682336468
873,112,99.11504424778761,113,0,109,4,0,0.0,2.379184599269713,2.347269730410038,21.822096017922107,1.764775758288121,0.2896911120552082,1.4750189526521795,6.884955752212389,6.321882890351117,0.48088042070501835,0.008471243264811978,0.0003203538274060004,0.0,0.008471243264811978,0.006342505868122378,0,0,0,4,0,1.0,0.336283185840708,0.6287202595011263,0.07170176580816298,0.7717204888241609,0.6017744349923047,0.0,0.5040726817042607,0.06767945135448902
874,111,98.23008849557522,113,1,106,6,0,0.008849557522123894,2.406692405020901,2.3837290891215637,23.47673043214433,1.773281492095435,0.2700992434666186,1.4659694560122485,6.884955752212389,6.321882890351117,0.4839489771313348,0.10746912232129611,0.0005453821306202055,0.14285714285714285,0.05948415095480246,0.006909906301032894,0,1,0,6,0,0.7142857142857143,0.3185840707964602,0.640113087376987,0.06886486574125669,0.7976218148975686,0.6060150611183929,0.008849557522123894,0.468671679197995,0.06808585164837666
875,110,97.34513274336283,113,1,102,8,2,0.008849557522123894,2.3897071533596423,2.3586479359822268,21.26192380855235,1.7808685314905197,0.36765889588878226,1.492759200688701,6.884955752212389,6.321882890351117,0.4793730696953027,0.26372687974223324,0.00036880920424625977,0.2727272727272727,0.027981181207434067,0.04776952872252271,0,3,0,8,0,0.9090909090909091,0.336283185840708,0.6191428831163494,0.0740292771774344,0.761866296689032,0.5901732149907218,0.008849557522123894,0.5394736842105263,0.06824074726277139
876,111,98.23008849557522,113,0,106,7,0,0.0,2.4489460941170993,2.416417991696479,25.30955099489135,1.790494600959714,0.28623522809771634,1.4496161482469436,6.884955752212389,6.321882890351117,0.4900699697609576,0.07162711820431897,0.0006678765730660427,0.0,0.07162711820431897,0.004957735726557547,0,0,0,7,0,0.8571428571428571,0.336283185840708,0.6614309181682727,0.06586780963745487,0.7528942813247935,0.6022110732666554,0.0,0.5394736842105263,0.06884121638595184
877,110,97.34513274336283,113,1,107,5,0,0.008849557522123894,2.457360269778736,2.4327397592558047,28.066334105051542,1.7999048557711335,0.269185171367867,1.5004243683999277,6.884955752212389,6.321882890351117,0.49363174460437187,0.12650712537933342,0.0007995024446944648,0.16666666666666666,0.07553720724507514,-0.009527712556638498,0,1,0,5,0,0.6666666666666666,0.3274336283185841,0.6905237684143257,0.06254262602055786,0.7755314281294946,0.6025160062115732,0.008849557522123894,0.48621553884711777,0.06918073990869081
878,109,96.46017699115045,113,1,105,7,0,0.008849557522123894,2.4782044472934506,2.4678172639904643,29.368693000104486,1.8101839630683236,0.2855985984090703,1.570036378249664,6.884955752212389,6.321882890351117,0.4949116478764479,0.024273219929344444,0.0005610270316276421,0.0,0.024273219929344444,0.024707923059602996,0,1,0,7,0,0.875,0.34513274336283184,0.6971263167650504,0.06525866086830977,0.7513251728774522,0.5913293808275439,0.008849557522123894,0.5391604010025062,0.06960987735901532
879,109,96.46017699115045,113,1,104,8,0,0.008849557522123894,2.498415569870162,2.48563669332045,30.148769974675865,1.8215729119006239,0.2962787447627063,1.5999552132323,6.884955752212389,6.321882890351117,0.49697417059805127,0.09009051560479041,0.0006045385707818773,0.0,0.09009051560479041,0.04073399479399743,0,1,0,8,0,0.7777777777777778,0.3274336283185841,0.7051821100288342,0.06678510817947368,0.7801073325267187,0.5878523358674909,0.008849557522123894,0.5745614035087718,0.07007093097570889
880,110,97.34513274336283,113,0,107,6,0,0.0,2.5031538550653964,2.4906849877589474,28.735075171549454,1.832381756122849,0.3126890885525059,1.6355152246986089,6.884955752212389,6.321882890351117,0.49582122676050155,0.03426964782667075,0.0005876441719720255,0.0,0.03426964782667075,0.037917885447201115,0,0,0,6,0,0.8333333333333334,0.3008849557522124,0.6913260355702954,0.07130820988933011,0.7865620896255756,0.5870604275546644,0.0,0.5391604010025062,0.07043628363844985
881,109,96.46017699115045,113,1,106,6,0,0.008849557522123894,2.5043303448690653,2.495565086109201,28.275151683703168,1.842574512963813,0.33348229908101273,1.6270494296321347,6.884955752212389,6.321882890351117,0.4912708763947178,0.17454182561401524,0.0016416204530383047,0.14285714285714285,0.04584636101666649,0.009870379541789947,0,1,0,6,0,0.7142857142857143,0.2743362831858407,0.6815425128577249,0.07148209366195858,0.8083038476062971,0.5825876244497561,0.008849557522123894,0.5037593984962406,0.07076435316286019
882,110,97.34513274336283,113,0,108,5,0,0.0,2.4850393794657393,2.476215643429888,25.626649957720492,1.8513238725589367,0.3944058360856161,1.649801442790125,6.884955752212389,6.321882890351117,0.4831172521631608,0.014823943916330035,0.0006861729518165491,0.0,0.014823943916330035,0.009659193941181842,0,0,0,5,0,1.0,0.2743362831858407,0.651308005811572,0.07440814622757602,0.8026368706852758,0.5768704103585701,0.0,0.5391604010025063,0.07094446046947327
883,111,98.23008849557522,113,0,107,6,0,0.0,2.4962987111976798,2.4870157951185368,26.97310194635147,1.8600663262401902,0.33370661819005726,1.6311347882077996,6.884955752212389,6.321882890351117,0.4874571209084717,0.012799253821073976,0.0007505734880518819,0.0,0.012799253821073976,0.006449880455161021,0,0,0,6,0,1.0,0.2920353982300885,0.6696850752982364,0.06821975212023322,0.7956992521075608,0.584698543759591,0.0,0.5391604010025063,0.07127710096986899
884,112,99.11504424778761,113,0,103,10,0,0.0,2.531593033263778,2.5218528266394844,28.149564113933685,1.8700179773061552,0.3009385119960956,1.5616320049462773,6.884955752212389,6.321882890351117,0.4916550958854866,0.03544322405389391,0.0007437455057757588,0.0,0.03544322405389391,0.009160344139120546,0,0,0,10,0,0.8,0.2831858407079646,0.6798679801037472,0.06791086809298717,0.7977120300621252,0.5900020548686439,0.0,0.5037593984962406,0.07176813844322283
885,110,97.34513274336283,113,2,104,7,0,0.017699115044247787,2.5693009965803486,2.5685561003715036,33.96197398292835,1.8812412395895879,0.25248091927672517,1.6024672480718458,6.884955752212389,6.321882890351117,0.5023781080924312,0.04168733636584106,0.0006417901805822639,0.0,0.04168733636584106,0.009726676228586497,0,2,0,7,0,0.7777777777777778,0.3008849557522124,0.7335373530115847,0.06157244957189981,0.7880830728744128,0.5867964717664307,0.017699115044247787,0.5037593984962406,0.07231143900882346
886,110,97.34513274336283,113,1,107,5,0,0.008849557522123894,2.5702131535046107,2.5829922348410244,33.157080131821765,1.8922497233901165,0.2550659153000559,1.586468914911236,6.884955752212389,6.321882890351117,0.5008293083487994,0.05084801089891693,0.00032109036328776234,0.0,0.05084801089891693,0.03822744687574795,0,1,0,5,0,0.6666666666666666,0.2920353982300885,0.7221267726580638,0.060512638631429624,0.79628438459086,0.5935818075763495,0.008849557522123894,0.4859022556390977,0.07266397152038112
887,110,97.34513274336283,113,0,108,5,0,0.0,2.630206912330622,2.644311287553199,40.62947357381828,1.9063601221687596,0.16478295542873278,1.5784043805640628,6.884955752212389,6.321882890351117,0.5130910786915917,0.03459276846483168,0.00029571824886273775,0.0,0.03459276846483168,0.02491997257532843,0,0,0,5,0,0.8,0.3008849557522124,0.7841110096815659,0.05202392926899857,0.7957690997009113,0.5941125023686058,0.0,0.5213032581453634,0.07340996175758484
888,110,97.34513274336283,113,0,107,6,0,0.0,2.68275044610468,2.697744930552568,46.935645894710404,1.9222808879288302,0.11343788362258077,1.5442813115478786,6.884955752212389,6.321882890351117,0.5205520744892491,0.01024776969349758,0.0006224681377856378,0.0,0.01024776969349758,0.007285024409407166,0,0,0,6,0,1.0,0.3008849557522124,0.8239281875073114,0.04749322615913399,0.7815891113798625,0.5972111022917865,0.0,0.556704260651629,0.07417592550975452
889,110,97.34513274336283,113,0,107,6,0,0.0,2.6645407040533797,2.6796250175271052,45.62976782716066,1.9362787457772592,0.16657799848508975,1.5924501294103726,6.884955752212389,6.321882890351117,0.5185015734344924,0.06575239475983688,0.000672250413282418,0.0,0.06575239475983688,0.026975997014395427,0,0,0,6,0,0.8333333333333334,0.3008849557522124,0.813724770045516,0.05077143066133123,0.7781781013099007,0.5959162583028303,0.0,0.556704260651629,0.07452734088966578
890,112,99.11504424778761,113,0,107,6,0,0.0,2.6666464248295854,2.6813722775063766,44.37260009140805,1.9494800432290966,0.14511781120615486,1.5330921320218545,6.884955752212389,6.321882890351117,0.5162142281111213,0.014539007219885132,0.0004176389821448665,0.0,0.014539007219885132,0.016947592959237024,0,0,0,6,0,1.0,0.2920353982300885,0.8030694051584437,0.0503171622560245,0.7529081195919788,0.5966873115898425,0.0,0.556704260651629,0.07495515477600284
891,113,100.0,113,0,108,5,0,0.0,2.606488766243784,2.6204377615356846,38.52824617934078,1.9587650031244461,0.2376703386183493,1.5601792006188668,6.884955752212389,6.321882890351117,0.5064473243557648,0.012130599543470035,0.0007303783808166469,0.0,0.012130599543470035,-0.00493777037408929,0,0,0,5,0,1.0,0.3185840707964602,0.7599591784314085,0.05339607178975895,0.7707672489592563,0.5940401969981677,0.0,0.5213032581453634,0.07494785862857387
892,112,99.11504424778761,113,1,108,4,0,0.008849557522123894,2.60245063938056,2.6102880164623623,37.747235376341585,1.9672470602109264,0.24338449587374547,1.5876732513031055,6.884955752212389,6.321882890351117,0.5051441488960986,0.11017878818213818,0.0009780275123303615,0.0,0.11017878818213818,0.009006086856187279,0,1,0,4,0,0.8,0.34513274336283184,0.7548394370840719,0.05227469387475051,0.7551975208426366,0.5919952633771299,0.008849557522123894,0.5213032581453634,0.07519578085210775
893,111,98.23008849557522,113,1,110,2,0,0.008849557522123894,2.64538764432364,2.6496790494630607,42.14710110748502,1.9770934546048715,0.1935435855072671,1.6336203824568691,6.884955752212389,6.321882890351117,0.5124747410219213,0.24698331975778529,0.0019286839222303579,0.3333333333333333,0.13450705881537522,-0.0070998684125150495,0,1,0,2,0,0.3333333333333333,0.3274336283185841,0.7898258119662168,0.04705846870110324,0.7459804425045344,0.5925960946242935,0.008849557522123894,0.5745614035087719,0.0757217046380768
894,111,98.23008849557522,113,0,111,2,0,0.0,2.718076367001435,2.7238105253909204,51.201121735246595,1.9898608110281715,0.08011800551310799,1.5893360837765425,6.884955752212389,6.321882890351117,0.5242906308116633,0.003854121556937434,0.0007844934780787655,0.0,0.003854121556937434,-0.01772568630274285,0,0,0,2,0,1.0,0.3274336283185841,0.8495118192693398,0.04291746196425935,0.7380142864591313,0.591789561862191,0.0,0.5745614035087719,0.07648871691210316
895,111,98.23008849557522,113,0,110,3,0,0.0,2.720828067959636,2.726584391510013,50.87033306828733,2.001961318584264,0.1095764914953178,1.573125776414522,6.884955752212389,6.321882890351117,0.5236188165011415,0.002496461816637969,0.000644213268180062,0.0,0.002496461816637969,-0.007876343090295649,0,0,0,3,0,1.0,0.336283185840708,0.8458168760339814,0.04498741887493176,0.7412029484182909,0.5886499855922178,0.0,0.5745614035087719,0.07688496537531128
896,111,98.23008849557522,113,0,110,3,0,0.0,2.7041469627084447,2.7094393401610954,45.692243565759576,2.012429734169307,0.17661168817567416,1.6022292708558064,6.884955752212389,6.321882890351117,0.5191396549790235,0.0029118753806459895,0.0007267203999389665,0.0,0.0029118753806459895,-0.009549864931001259,0,0,0,3,0,1.0,0.3185840707964602,0.8118875899508424,0.051671577135200986,0.7491710886354574,0.5884134266541325,0.0,0.5745614035087719,0.07713246033593618
897,112,99.11504424778761,113,0,111,2,0,0.0,2.658145803450149,2.6619687483600147,38.7881416004972,2.0198355206037717,0.26673282495225326,1.6338297182083723,6.884955752212389,6.321882890351117,0.5093279288049257,0.002679610666982003,0.0009002929918364795,0.0,0.002679610666982003,-0.019531075796469732,0,0,0,2,0,1.0,0.3185840707964602,0.7609442470388427,0.05756903266444482,0.7406123935546438,0.584076665292032,0.0,0.5391604010025063,0.07713654711239287
898,113,100.0,113,0,111,2,0,0.0,2.63278841895105,2.636908362690567,37.47968994338085,2.0255056913056255,0.32191429683618356,1.67159852323082,6.884955752212389,6.321882890351117,0.5047393915795741,0.009251833593992884,0.0007385625415814384,0.0,0.009251833593992884,-0.010050332066681489,0,0,0,2,0,1.0,0.35398230088495575,0.7499648329740455,0.05964946766919367,0.7465528304065893,0.5770237327145313,0.0,0.5745614035087719,0.07718899096562448
899,113,100.0,113,0,112,1,0,0.0,2.578577952718361,2.582321409201411,33.65966903997025,2.0280566618376294,0.3909761905772566,1.7078022816012772,6.884955752212389,6.321882890351117,0.4995885305586749,0.006872490425583334,0.0005588347234512763,0.0,0.006872490425583334,0.0002410929532751238,0,0,0,1,0,1.0,0.34513274336283184,0.7250502593467828,0.06298705183865021,0.747970515583811,0.5764895883269466,0.0,0.5745614035087719,0.07699857331926137
900,113,100.0,113,0,112,1,0,0.0,2.6000664038823866,2.6039247328028967,35.22469005930657,2.03153895245484,0.39640012709146605,1.7474138174733331,6.884955752212389,6.321882890351117,0.5014385231725289,0.01340090032374547,0.00039486091632558087,0.0,0.01340090032374547,0.012826137660187031,0,0,0,1,0,1.0,0.3185840707964602,0.732834207051661,0.0629790666247407,0.753340548705465,0.5722202798761725,0.0,0.5745614035087719,0.07721608874244236
901,113,100.0,113,0,112,1,0,0.0,2.640068689503333,2.6441742743453847,39.12213704096014,2.0368367198415043,0.33569913186354255,1.733272472584597,6.884955752212389,6.321882890351117,0.5109617221421845,0.008185258351774768,0.0005230124640206394,0.0,0.008185258351774768,0.0002427210631622545,0,0,0,1,0,1.0,0.3274336283185841,0.7671183315470085,0.060749175103976226,0.7363436560976381,0.5811491830476019,0.0,0.5745614035087719,0.07758355949554116
902,113,100.0,113,0,113,0,0,0.0,2.578549004255652,2.5817144525922866,31.106924463796638,2.0386406591503787,0.4803046448618695,1.7775861718463835,6.884955752212389,6.321882890351117,0.4991313775089683,0.0,0.0,0.0,0.0,0.0,0,0,0,0,0,0.0,0.34513274336283184,0.6986293036493254,0.0764808994136384,0.7284092171991375,0.5748291178728805,0.0,0.6099624060150376,0.07733298253456278
903,113,100.0,113,0,112,1,0,0.0,2.5679250156702387,2.570987006958937,29.881884602909544,2.0397880142886793,0.5035143157596171,1.809700952804496,6.884955752212389,6.321882890351117,0.4952768683528612,0.007813779604082596,0.0005344412526561008,0.0,0.007813779604082596,0.0026532395893998917,0,0,0,1,0,1.0,0.35398230088495575,0.6838085228866031,0.07754045572633632,0.7624705801748747,0.5698028925378179,0.0,0.5745614035087719,0.07731612981572561
904,113,100.0,113,0,111,2,0,0.0,2.5550321736006465,2.557653569732,27.73855766893313,2.0401884955494043,0.5208402001280094,1.7969559137489524,6.884955752212389,6.321882890351117,0.49307831986381134,0.009798379184475292,0.0005554530817326118,0.0,0.009798379184475292,0.010764424702221498,0,0,0,2,0,1.0,0.36283185840707965,0.6655819638686102,0.08179295969575283,0.7280799030613602,0.5734807761626279,0.0,0.6099624060150376,0.07726432458352805
905,113,100.0,113,0,112,1,0,0.0,2.537202433889656,2.5397868511392256,26.673833088743773,2.039660048433201,0.544300816154629,1.8068855037615354,6.884955752212389,6.321882890351117,0.4917652700405981,0.0012291095904168364,0.0008417970419972247,0.0,0.0012291095904168364,0.0036339938078657763,0,0,0,1,0,1.0,0.34513274336283184,0.6568754706489176,0.08329366816122435,0.7450681645009651,0.5728762230596611,0.0,0.6099624060150376,0.07715847198106121
906,113,100.0,113,0,111,2,0,0.0,2.5467472230831363,2.5494900182772793,27.74363883785901,2.0396557474153196,0.5410040338630934,1.7872631686105238,6.884955752212389,6.321882890351117,0.49393307283423016,0.006975616798015854,0.0008754089343484695,0.0,0.006975616798015854,0.0037291338113325523,0,0,0,2,0,1.0,0.34513274336283184,0.66718636497532,0.07967525577314268,0.7280963680096674,0.5721315246968544,0.0,0.6453634085213033,0.07720605997437183
907,113,100.0,113,0,111,2,0,0.0,2.537845547167925,2.540415874429284,26.478336146324374,2.039192792904854,0.5584050178856947,1.7955971153458505,6.884955752212389,6.321882890351117,0.4933756502117155,0.00488774172080792,0.0005936661553161732,0.0,0.00488774172080792,0.010792752284621954,0,0,0,2,0,1.0,0.37168141592920356,0.6580523480857625,0.08742870919418308,0.7239303770645665,0.570097650013581,0.0,0.6453634085213033,0.07714691787380215
908,113,100.0,113,0,112,1,0,0.0,2.5250605858177755,2.5272354078433077,24.549111338416193,2.0380925029068027,0.5649119850710286,1.7743780178040183,6.884955752212389,6.321882890351117,0.48980734727504216,0.008259173209725575,0.0003597493509302351,0.0,0.008259173209725575,0.01642455490079331,0,0,0,1,0,1.0,0.36283185840707965,0.6380651063075786,0.09062462360559599,0.7206487280474209,0.5682428179857076,0.0,0.6453634085213033,0.07704821354448588
909,113,100.0,113,0,111,2,0,0.0,2.497325121949296,2.498820737420032,20.770949628395492,2.035624698203611,0.6024473846964704,1.7534995736138492,6.884955752212389,6.321882890351117,0.4809977838934858,0.07395208505330508,0.0004187515155411392,0.0,0.07395208505330508,0.013776433177796754,0,0,0,2,0,0.5,0.3274336283185841,0.5951354747465624,0.0982381335320906,0.7121995975373788,0.5638623549462315,0.0,0.6453634085213033,0.0768315303634943
910,112,99.11504424778761,113,1,109,3,0,0.008849557522123894,2.4860003832523216,2.487137284299265,19.732068945306207,2.0327186948875027,0.6548215150511443,1.7450375428861529,6.884955752212389,6.321882890351117,0.4779577722629347,0.2578394508772618,0.00048733819701738464,0.25,0.07000185679213779,0.04743127672397876,0,1,0,3,0,0.5,0.3274336283185841,0.5822667645364976,0.1016986102663361,0.7231275966400431,0.5514306746312893,0.008849557522123894,0.6453634085213033,0.07668304960679238
911,111,98.23008849557522,113,1,109,3,0,0.008849557522123894,2.486678377222712,2.4922319583393544,20.29478605722489,2.0300358521015665,0.6532694560815274,1.7359329074604894,6.884955752212389,6.321882890351117,0.47874605454647323,0.16376179544589844,0.0009286663207502771,0.25,0.1628735206866945,0.017340574785450535,0,1,0,3,0,0.5,0.35398230088495575,0.5862352266092594,0.09618086356519676,0.7147870207336934,0.5554093087788873,0.008849557522123894,0.680764411027569,0.07660163648711478
912,109,96.46017699115045,113,2,109,2,0,0.017699115044247787,2.477803321371838,2.47250772367268,19.956874876413703,2.027305524171429,0.690870293967025,1.776119250195905,6.884955752212389,6.321882890351117,0.4779331192210765,0.2130366549217698,0.001171993757566545,0.25,0.185512937888447,0.02059665201240593,0,2,0,2,0,0.5,0.37168141592920356,0.5833847972456423,0.09933518938600422,0.7142528731001888,0.5473171549467019,0.017699115044247787,0.6632205513784462,0.07647095714072749
913,109,96.46017699115045,113,0,109,4,0,0.0,2.473135693972981,2.4676675889000586,18.028879392858446,2.023944087178423,0.6963541978433482,1.7814874563998262,6.884955752212389,6.321882890351117,0.4760466628446218,0.024693642851307738,0.0004930969391237103,0.0,0.024693642851307738,-0.0031488610198593114,0,0,0,4,0,0.75,0.37168141592920356,0.5636232213547199,0.1038184363227501,0.7237807481070413,0.5514008622982906,0.0,0.6632205513784462,0.0763413659486678
914,109,96.46017699115045,113,0,110,3,0,0.0,2.4823872219835748,2.4771889280426116,18.796822230508823,2.0212766986236956,0.6673674908916081,1.7111756573460264,6.884955752212389,6.321882890351117,0.4765928533921717,0.01628999084284516,0.0005258865424058292,0.0,0.01628999084284516,-0.005646043798638163,0,0,0,3,0,1.0,0.34513274336283184,0.5705627430790889,0.09776269479477848,0.7166373812620189,0.5561742175523672,0.0,0.6632205513784462,0.07630330899839055
915,110,97.34513274336283,113,0,110,3,0,0.0,2.4784816103501295,2.473586842143298,19.517085724048187,2.0185957635278973,0.6545989647494289,1.729200131037938,6.884955752212389,6.321882890351117,0.4761352755210204,0.010548370323589802,0.0005117388767741857,0.0,0.010548370323589802,-0.00827266936988543,0,0,0,3,0,1.0,0.35398230088495575,0.5775863370744775,0.0868931441010195,0.7015443935983448,0.5587653398255927,0.0,0.6632205513784462,0.07619903815166197
916,111,98.23008849557522,113,0,110,3,0,0.0,2.4988360112942485,2.4937743137262753,21.81509044902031,2.0171052966588205,0.5755109999016761,1.6693900296578872,6.884955752212389,6.321882890351117,0.4833926458258633,0.12891901376556877,0.0008282452750055814,0.0,0.12891901376556877,0.0024906703215927064,0,0,0,3,0,0.3333333333333333,0.37168141592920356,0.609144287781501,0.07559826203763514,0.6810320347364325,0.5666899063319212,0.0,0.6986215538847118,0.0762536973713913
917,111,98.23008849557522,113,2,108,3,0,0.017699115044247787,2.462287204524427,2.4740986283291253,18.801758435882945,2.0138572667462125,0.6500090033071323,1.7595335162097556,6.884955752212389,6.321882890351117,0.47401591691092926,0.0751383598810357,0.0006125416196133346,0.0,0.0751383598810357,0.0030085411016410823,0,2,0,3,0,0.6,0.35398230088495575,0.5707602554103725,0.08204635378111891,0.6967651557570691,0.5568633968286577,0.017699115044247787,0.6986215538847118,0.07596828501388286
918,111,98.23008849557522,113,0,112,1,0,0.0,2.4642500062188044,2.4765016909641404,18.40290012597368,2.0117927981079453,0.6683304506401349,1.7427460526557728,6.884955752212389,6.321882890351117,0.4715386750111519,0.09901193404668132,0.0006538113964179681,0.0,0.09901193404668132,0.026368965175681325,0,0,0,1,0,0.0,0.36283185840707965,0.5607564696578233,0.08984645956400168,0.6858452452742332,0.5473021905882117,0.0,0.7340225563909775,0.07591284237754511
919,110,97.34513274336283,113,1,110,2,0,0.008849557522123894,2.468764919340625,2.479673829381161,19.1349650689974,2.010096718737624,0.6867411494067026,1.764066327956842,6.884955752212389,6.321882890351117,0.4675570302594998,0.10058432816285305,0.0007663478820959429,0.0,0.10058432816285305,0.006131727193282181,0,1,0,2,0,0.6666666666666666,0.34513274336283184,0.5614392741334228,0.08473152028836288,0.7341942715054118,0.5445697877249197,0.008849557522123894,0.6632205513784462,0.07588180486739465
920,110,97.34513274336283,113,0,111,2,0,0.0,2.5110555217918358,2.5230628034813605,23.18852598144993,2.010624818745122,0.6333551953777887,1.76553216964665,6.884955752212389,6.321882890351117,0.4777915365285108,0.12350302508281777,0.00033252968343868523,0.0,0.12350302508281777,0.017191477253077986,0,0,0,2,0,0.5,0.336283185840708,0.6056483354307973,0.07423359112244252,0.7361225643248778,0.5505127193488426,0.0,0.6278195488721804,0.0761099508116597
921,110,97.34513274336283,113,0,112,1,0,0.0,2.509038098924585,2.5219543284775,23.228669345033108,2.0110634716953117,0.6242994386424094,1.743660815865377,6.884955752212389,6.321882890351117,0.4773622202391763,0.00026134411226468707,0.0003679360715169685,0.0,0.00026134411226468707,0.012522522377453105,0,0,0,1,0,1.0,0.336283185840708,0.6065463771015884,0.07242238974987261,0.7477954881141287,0.5483979204866489,0.0,0.6278195488721804,0.07611372926022647
922,112,99.11504424778761,113,0,111,2,0,0.0,2.5104706021724055,2.5239490785544247,24.276945247300876,2.01157527813075,0.6115116049381477,1.7381705509614542,6.884955752212389,6.321882890351117,0.47897736904745525,0.12391968792743549,0.00023810330750870996,0.0,0.12391968792743549,0.028099443415658454,0,0,0,2,0,0.5,0.34513274336283184,0.6183240158129311,0.07013463381702377,0.7408240624605474,0.5475466364584163,0.0,0.5924185463659147,0.07613706967820241
923,111,98.23008849557522,113,1,110,2,0,0.008849557522123894,2.5457279802800756,2.555776248045505,26.342910421888163,2.0138998862066577,0.5457538436625636,1.7253887488966773,6.884955752212389,6.321882890351117,0.4845080997344584,0.19983146299537438,0.0006486346287802391,0.0,0.19983146299537438,0.0250074745344321,0,1,0,2,0,0.3333333333333333,0.3185840707964602,0.6424302012643539,0.06652647063475925,0.7317023911673335,0.5520873693863166,0.008849557522123894,0.6632205513784462,0.07638683606885002
924,112,99.11504424778761,113,0,109,4,0,0.0,2.5396584856825415,2.5499303783348637,25.253622430945178,2.015546383714812,0.5480107043862305,1.7157654525069335,6.884955752212389,6.321882890351117,0.4860695606783907,0.03610031759837881,0.0005588945609671634,0.0,0.03610031759837881,0.008931954701021962,0,0,0,4,0,0.75,0.34513274336283184,0.6365550096013972,0.06916011807793986,0.7565100235194551,0.5575863311205976,0.0,0.6278195488721804,0.07640853341799139
925,111,98.23008849557522,113,1,108,4,0,0.008849557522123894,2.5350640723669238,2.5478616799526184,23.892834145946576,2.0168491722526762,0.5623380017432072,1.7122992267913884,6.884955752212389,6.321882890351117,0.4821879487219529,0.02764353658615958,0.0007238428292293004,0.0,0.02764353658615958,0.0008888468569907548,0,1,0,4,0,0.8,0.3274336283185841,0.6201889973232114,0.07309659524743736,0.7362949537744393,0.555179662146939,0.008849557522123894,0.6278195488721804,0.07642674173424965
926,109,96.46017699115045,113,2,110,1,0,0.017699115044247787,2.526944510107954,2.530600633729117,21.79970255882784,2.0178151308042582,0.6091840673942577,1.6835992604741554,6.884955752212389,6.321882890351117,0.4779849888094312,0.06766091367402818,0.0002800887441689139,0.0,0.06766091367402818,0.017953759864717284,0,2,0,1,0,0.3333333333333333,0.3185840707964602,0.5998847262950591,0.07543619616157177,0.7103615594070131,0.5521179169994022,0.017699115044247787,0.6099624060150377,0.07641667730715497
927,109,96.46017699115045,113,0,111,2,0,0.0,2.5257297278572914,2.5295248675917783,22.345775068208635,2.018182101140197,0.5822511944541333,1.6780818293476678,6.884955752212389,6.321882890351117,0.48247537110545924,0.12062850853177245,0.0011306052719059169,0.0,0.12062850853177245,0.0030898214493921827,0,0,0,2,0,0.5,0.3274336283185841,0.6129159096028411,0.07605347584102326,0.7262137196117052,0.550979242372351,0.0,0.6099624060150377,0.07642220311334186
928,110,97.34513274336283,113,1,111,1,0,0.008849557522123894,2.5328923447802856,2.5343641471172584,24.066510274059855,2.0188845778810363,0.5562956622967423,1.7046528065323974,6.884955752212389,6.321882890351117,0.48779610494071046,0.11496380162742584,0.0010819598955712102,0.0,0.11496380162742584,0.004504041429615302,0,1,0,1,0,0.5,0.336283185840708,0.6340160508888787,0.0714014462869173,0.7324364913374197,0.5541727316318938,0.008849557522123894,0.6278195488721805,0.07648022107640073
929,110,97.34513274336283,113,0,112,1,0,0.0,2.5325002404139347,2.533505037405061,24.97943712496101,2.0193852363647538,0.5531017076585371,1.7256059635811263,6.884955752212389,6.321882890351117,0.4885799036134115,0.0001225315538255335,0.0003836493641783265,0.0,0.0001225315538255335,0.010469232618406155,0,0,0,1,0,1.0,0.35398230088495575,0.6412977668301729,0.06968425053147212,0.7439229707629834,0.5542516011870458,0.0,0.6278195488721805,0.07649408607607959
930,110,97.34513274336283,113,0,112,1,0,0.0,2.5106089826434634,2.5113094544871952,23.400039930055154,2.0187317007983303,0.5720342082621165,1.7198350543199001,6.884955752212389,6.321882890351117,0.4885925379219669,7.837529750327659e-05,0.00046586203532282484,0.0,7.837529750327659e-05,0.013118190121514717,0,0,0,1,0,1.0,0.3274336283185841,0.629338510925417,0.07135111654212965,0.7514056916774944,0.5622558056886063,0.0,0.6278195488721805,0.0763639719106492
931,112,99.11504424778761,113,0,112,1,0,0.0,2.5713109923192228,2.572172681066888,26.581962011036822,2.021197642511189,0.4864228292391667,1.6622214768652115,6.884955752212389,6.321882890351117,0.49909134641912956,0.00023199476261261158,0.00033075401762537154,0.0,0.00023199476261261158,0.01448985447011264,0,0,0,1,0,1.0,0.35398230088495575,0.6610727729078535,0.06866765704485256,0.7214959965596295,0.5701459165664857,0.0,0.6278195488721805,0.07674542893264362
932,112,99.11504424778761,113,0,111,2,0,0.0,2.524452994233345,2.525170889012401,21.472062932768445,2.0211305716767756,0.5958837319595817,1.7116892823350123,6.884955752212389,6.321882890351117,0.4876158436577147,0.0076117967046576045,0.0006473752456820172,0.0,0.0076117967046576045,0.009867039044283932,0,0,0,2,0,1.0,0.34513274336283184,0.6069299156528162,0.08597661144064468,0.7147305109984428,0.5567824697060855,0.0,0.6632205513784462,0.07650901887241163
933,113,100.0,113,0,111,2,0,0.0,2.5746847925160252,2.5756071647040453,23.898968864236277,2.023618558808752,0.5291790279123854,1.6642788186444697,6.884955752212389,6.321882890351117,0.49423236847841445,0.010906080723224076,0.000532051590372263,0.0,0.010906080723224076,0.027547977465150725,0,0,0,2,0,1.0,0.34513274336283184,0.6309750011187961,0.08077911768714986,0.6873526195141357,0.5610907083734437,0.0,0.6986215538847118,0.0768388216802303
934,113,100.0,113,0,109,4,0,0.0,2.623601549605192,2.6242668637996984,27.31553393435691,2.0284102256612173,0.47524219644459403,1.657411548644827,6.884955752212389,6.321882890351117,0.501535623832694,0.09403119431365294,0.000542634331459709,0.0,0.09403119431365294,0.01922541539403405,0,0,0,4,0,0.5,0.336283185840708,0.6604863339455482,0.07609486025828029,0.7118540046026292,0.5722200116370039,0.0,0.6632205513784462,0.07723486724913045
935,113,100.0,113,0,109,4,0,0.0,2.575359198112899,2.575844171010783,24.91278244868016,2.030449988202398,0.5274635734682949,1.6891250009607388,6.884955752212389,6.321882890351117,0.4931287654252483,0.011864166951589428,0.0004791528191113873,0.0,0.011864166951589428,0.0105862526979352,0,0,0,4,0,1.0,0.3274336283185841,0.6373545552502704,0.07706451882299108,0.724038473563702,0.5612825130392979,0.0,0.6632205513784462,0.07705813119121635
936,112,99.11504424778761,113,1,109,3,0,0.008849557522123894,2.6263301317901404,2.621440869176867,28.3872270611838,2.0349566743151577,0.46311764794770904,1.6698638095463088,6.884955752212389,6.321882890351117,0.4998084827124001,0.010436643965313868,0.0004889238281450718,0.0,0.010436643965313868,0.012838633164015997,0,1,0,3,0,1.0,0.3185840707964602,0.6696218818151823,0.07092278304837689,0.7099195226280829,0.5664213741746614,0.008849557522123894,0.6453634085213034,0.07745543956874475
937,110,97.34513274336283,113,2,108,3,0,0.017699115044247787,2.6341104600293574,2.630457549727948,26.748383305922456,2.039320220922149,0.492348437066229,1.6630974012350639,6.884955752212389,6.321882890351117,0.49828762434979246,0.28183693140285515,0.0004672715481168468,0.2,0.09058384194804422,0.06161572988035376,0,2,0,3,0,0.6,0.30973451327433627,0.6534426034433116,0.07934055808742715,0.7042705874840798,0.5746282764297423,0.017699115044247787,0.6453634085213034,0.07763227036312076
938,110,97.34513274336283,113,0,111,2,0,0.0,2.612279975540242,2.6085311767569053,25.286572692547853,2.042323413718497,0.5181147603928347,1.6667383664815059,6.884955752212389,6.321882890351117,0.496144183183751,0.010824667669398531,0.0003813800159977233,0.0,0.010824667669398531,0.019474322082887973,0,0,0,2,0,1.0,0.3274336283185841,0.641272018859122,0.0807717733493378,0.7356517170182286,0.5714088063187889,0.0,0.5391604010025063,0.07761804710645347
939,110,97.34513274336283,113,0,111,2,0,0.0,2.6332781618124486,2.6295950548517957,26.417426744423356,2.046202055147548,0.4984620112490352,1.686944791705713,6.884955752212389,6.321882890351117,0.4953724246678579,0.1989424773010197,0.0006430365583678608,0.0,0.1989424773010197,0.024126048400111705,0,0,0,2,0,0.5,0.336283185840708,0.6477031212739601,0.07610055505590115,0.7318098898813552,0.5703716975513218,0.0,0.5745614035087719,0.07784563962225513
940,110,97.34513274336283,113,0,111,2,0,0.0,2.6054376357181668,2.6017985534255543,25.156668980959196,2.0484296835934925,0.5264208955823608,1.6981675957136828,6.884955752212389,6.321882890351117,0.49321474744361904,0.018292283628898162,0.0003929545151511745,0.0,0.018292283628898162,0.019663588512120023,0,0,0,2,0,1.0,0.30973451327433627,0.6391920866495036,0.08100923919625187,0.7277301209877941,0.5665645505884952,0.0,0.5745614035087719,0.0777768510225761
941,111,98.23008849557522,113,0,111,2,0,0.0,2.6150239207208053,2.6114807537303117,24.412699505997526,2.051006161869433,0.5473023052652728,1.7088074835413527,6.884955752212389,6.321882890351117,0.49002860323955644,0.022828835461556243,0.000404707422573115,0.0,0.022828835461556243,0.018761353619041604,0,0,0,2,0,1.0,0.3185840707964602,0.6260081828796827,0.08282277166843982,0.7382540022164872,0.5616940501085266,0.0,0.5391604010025063,0.07790622341723943
942,113,100.0,113,0,111,2,0,0.0,2.6005572978957097,2.597291390625029,22.51412030070571,2.0527021302713515,0.5723822768454343,1.7563914740398743,6.884955752212389,6.321882890351117,0.486386169812701,0.2659820438636036,0.0007417234630857225,0.5,0.23804508020836523,0.02103540072383453,0,0,0,2,0,0.5,0.3185840707964602,0.6061085832036188,0.08567852414695644,0.7201569109403541,0.5632592071663182,0.0,0.5391604010025063,0.07788749887122728
943,113,100.0,113,0,110,3,0,0.0,2.5786550251243208,2.575244891700117,20.95994068931218,2.0531758784622784,0.6039795763040967,1.7632620187824612,6.884955752212389,6.321882890351117,0.4809986155442363,0.014330395373499533,0.0002844825826041922,0.0,0.014330395373499533,0.03187624064881863,0,0,0,3,0,1.0,0.30973451327433627,0.5891170749183022,0.09344082663002773,0.7457103847728453,0.5541222934203871,0.0,0.5391604010025063,0.07779296241028312
944,112,99.11504424778761,113,1,110,2,0,0.008849557522123894,2.5600057295074263,2.5546986281453483,20.103106338220503,2.0526552754081453,0.6470325054641958,1.7527651132009767,6.884955752212389,6.321882890351117,0.4768783117151989,0.21592892319154108,0.000846551446858486,0.3333333333333333,0.1280627728066395,0.044066181453148466,0,1,0,2,0,0.6666666666666666,0.30973451327433627,0.5757533234595257,0.09405770244161575,0.7282949137727096,0.5492980495798836,0.008849557522123894,0.5391604010025063,0.0776832599744957
945,112,99.11504424778761,113,0,112,1,0,0.0,2.5576825786991138,2.5526316623308287,20.240827211723296,2.0519883202058904,0.6639672479761675,1.8217997378162671,6.884955752212389,6.321882890351117,0.47591576145428527,0.004765224426673036,8.221302039722751e-05,0.0,0.004765224426673036,0.050646887862662526,0,0,0,1,0,1.0,0.3274336283185841,0.576045011597107,0.09046097300288966,0.7160811679841119,0.5491596072989229,0.0,0.5745614035087719,0.07765056215704531
946,112,99.11504424778761,113,0,109,4,0,0.0,2.5463898966601173,2.54154902776413,18.65276143258949,2.050803024187676,0.6865266608761367,1.8163994277261661,6.884955752212389,6.321882890351117,0.4730394859073501,0.20913652162227825,0.0017237285742349182,0.25,0.0425074626140292,0.028318624952335766,0,0,0,4,0,0.75,0.3274336283185841,0.5585397890644077,0.09511034138960987,0.6907408985189823,0.5464516342723407,0.0,0.6099624060150376,0.07755663223376258
947,111,98.23008849557522,113,1,109,3,0,0.008849557522123894,2.554779824762409,2.542856607289242,18.60270987959084,2.050121616345724,0.662110060461828,1.7533112033836797,6.884955752212389,6.321882890351117,0.4753257898747161,0.2174034228755691,0.0015124123483777258,0.25,0.03812905682930032,0.037934512907024,0,1,0,3,0,0.75,0.3185840707964602,0.5605334794234427,0.09925206497331336,0.6779159302153878,0.5471717500252989,0.008849557522123894,0.6278195488721805,0.07757704297138711
948,111,98.23008849557522,113,0,111,2,0,0.0,2.549502778222839,2.538426315171265,18.74282479869095,2.0488963997729597,0.6563379615994849,1.7450367697595743,6.884955752212389,6.321882890351117,0.4763265754566306,0.0029518423443954302,0.00022837613746947913,0.0,0.0029518423443954302,0.0342310172350367,0,0,0,2,0,1.0,0.3274336283185841,0.5635879284818452,0.09243665215463796,0.722869273195178,0.5550422568644366,0.0,0.5924185463659147,0.07751192936024758
949,112,99.11504424778761,113,0,110,3,0,0.0,2.5335802194622956,2.5226731891075196,18.07171053890779,2.046951924612024,0.6599607552621664,1.7414548481542431,6.884955752212389,6.321882890351117,0.47517263027796464,0.004552834604233316,0.0006717320014267269,0.0,0.004552834604233316,0.018349962562470234,0,0,0,3,0,1.0,0.3274336283185841,0.5571749414632328,0.09739391054774808,0.7100342186012235,0.5545168002536448,0.0,0.6278195488721805,0.07737085284519168
950,112,99.11504424778761,113,0,110,3,0,0.0,2.5123174976438882,2.5017158025756627,16.679443603650082,2.044070455746856,0.6907576186475742,1.7213539723629059,6.884955752212389,6.321882890351117,0.47294823384842855,0.08996785462145962,0.00030288606497260785,0.0,0.08996785462145962,0.039667240922531675,0,0,0,3,0,0.6666666666666666,0.3185840707964602,0.5410233561452097,0.10486975283282902,0.7100342186012235,0.5548920230487522,0.0,0.6278195488721805,0.07717345769251073
951,112,99.11504424778761,113,0,110,3,0,0.0,2.495844436877268,2.4858874495269507,15.377155614529661,2.0405706300142974,0.7216822212690504,1.7152744724643947,6.884955752212389,6.321882890351117,0.46670389167971793,0.10021701556634655,0.000494061904262238,0.0,0.10021701556634655,0.021906094558299283,0,0,0,3,0,0.6666666666666666,0.336283185840708,0.5218318920551467,0.10916705635677741,0.676385844071679,0.5477686535120337,0.0,0.6986215538847118,0.07698046494658828
952,113,100.0,113,0,110,3,0,0.0,2.4925654500323366,2.483229433096725,16.30748415230808,2.0371576298171776,0.7152705414807767,1.755755224909417,6.884955752212389,6.321882890351117,0.4682213260281365,0.29866124206864064,0.0005153873593229726,0.3333333333333333,0.22959518212376853,0.04094833913052697,0,0,0,3,0,0.3333333333333333,0.3274336283185841,0.5326216150325309,0.10152829375616883,0.6867617248658411,0.5525522015473397,0.0,0.6632205513784462,0.07685618707460894
953,112,99.11504424778761,113,1,109,2,1,0.008849557522123894,2.506058151568335,2.494853735164117,16.71628541397719,2.0346349187308763,0.7075154678260273,1.7318151554503796,6.884955752212389,6.321882890351117,0.46870558896294234,0.20374071115319103,0.0005183887979133674,0.25,0.1829882508632638,0.043198326195017706,0,2,0,2,0,0.5,0.3185840707964602,0.536555807286545,0.09887089593293996,0.7265725815862382,0.5602903532879786,0.008849557522123894,0.5391604010025062,0.07684390916202
954,112,99.11504424778761,113,0,110,3,0,0.0,2.511332540290293,2.4999144690112294,16.710718837608667,2.032441013994386,0.6985952090848538,1.7218792662319755,6.884955752212389,6.321882890351117,0.470202984988211,0.07642286155355561,0.0008770522506850181,0.0,0.07642286155355561,0.0014568023856022332,0,0,0,3,0,0.6666666666666666,0.30973451327433627,0.5376419809008736,0.10205657249940181,0.7213838131796647,0.5580383116582849,0.0,0.5745614035087718,0.07680093306154638
955,112,99.11504424778761,113,0,107,6,0,0.0,2.5201197186880036,2.5087264790364463,17.079650510954547,2.0308314733093265,0.6699139180588988,1.6851875226131892,6.884955752212389,6.321882890351117,0.4706281868326738,0.050923096713429476,0.0005945364782642725,0.0,0.050923096713429476,0.020043250914776822,0,0,0,6,0,0.8333333333333334,0.3274336283185841,0.5398674019217119,0.09886562188614695,0.738590839840917,0.564557650854486,0.0,0.5745614035087718,0.07679399231494394
956,111,98.23008849557522,113,1,108,4,0,0.008849557522123894,2.506757573529468,2.493499471418483,15.793885872874526,2.0286683066008897,0.7067063937066369,1.709193616275479,6.884955752212389,6.321882890351117,0.4664650421810057,0.15359689591728756,0.0007276067427215413,0.2,0.06181356791153882,0.027834014087648084,0,1,0,4,0,0.8,0.3274336283185841,0.5212956514788674,0.10076576314746778,0.7382182700300556,0.5705622232543232,0.008849557522123894,0.6099624060150376,0.07665880515613603
957,111,98.23008849557522,113,0,108,5,0,0.0,2.5347786847010223,2.521546452785293,16.521399196427776,2.0279456430406233,0.6631953964166274,1.6809570323514254,6.884955752212389,6.321882890351117,0.47103435907875046,0.04383272948256521,0.0008257711040009112,0.0,0.04383272948256521,0.016584969753751656,0,0,0,5,0,0.8,0.3185840707964602,0.5319464650209897,0.09953167762609429,0.7658265697829099,0.5784483486545354,0.0,0.5745614035087719,0.07677606774000817
958,112,99.11504424778761,113,0,109,4,0,0.0,2.5257353892823584,2.512899089069619,15.758496961709314,2.0268313244585623,0.6750306769985366,1.6825547094622069,6.884955752212389,6.321882890351117,0.4723038415249361,0.004464475377711204,0.0007207923268526815,0.0,0.004464475377711204,0.017230924079223164,0,0,0,4,0,1.0,0.3274336283185841,0.525445854481546,0.10035668411648009,0.7500168417447103,0.5801855870072016,0.0,0.5745614035087719,0.07669562830502319
959,112,99.11504424778761,113,0,111,2,0,0.0,2.533447155453662,2.520500653695222,16.995696326032316,2.026171901403057,0.634547331652958,1.677680469672795,6.884955752212389,6.321882890351117,0.4790187255114875,0.0036343721678395143,0.0005412580709787179,0.0,0.0036343721678395143,0.009185974783626039,0,0,0,2,0,1.0,0.3274336283185841,0.5470368550351793,0.09489598428887794,0.7509220600558713,0.5840716236843594,0.0,0.5391604010025063,0.07671334315921918
960,112,99.11504424778761,113,0,111,2,0,0.0,2.506291104701392,2.4941247009809957,15.077286887493418,2.0242202008274255,0.6849596931738271,1.6977808474780396,6.884955752212389,6.321882890351117,0.4745098635268845,0.003514350002954802,0.0005246810535038693,0.0,0.003514350002954802,0.007064137489640632,0,0,0,2,0,1.0,0.30973451327433627,0.5239259708719968,0.11412718717399307,0.7478760034611325,0.572164223704716,0.0,0.5391604010025063,0.07651587079307698
961,113,100.0,113,0,110,3,0,0.0,2.4952330063446535,2.4827980778413967,15.512274907390296,2.021819039796303,0.6861653060489842,1.739241198059879,6.884955752212389,6.321882890351117,0.47420252557092146,0.0035399284208228483,0.00043566288611607084,0.0,0.0035399284208228483,0.02001394649893574,0,0,0,3,0,1.0,0.3185840707964602,0.5312925799333211,0.1052404740884174,0.7465724413767826,0.572312546577148,0.0,0.5391604010025063,0.07638468100709514
962,113,100.0,113,0,111,2,0,0.0,2.5054503817108946,2.493753451054832,14.629091219108314,2.02012374604538,0.684900740929972,1.724782355162434,6.884955752212389,6.321882890351117,0.473961152456444,0.004046299925978606,0.0006380066871044666,0.0,0.004046299925978606,0.006215080418955743,0,0,0,2,0,1.0,0.30973451327433627,0.5211366140296015,0.11719563278870232,0.7603187729690697,0.5727704917764952,0.0,0.5391604010025063,0.07638218064113594
963,113,100.0,113,0,110,3,0,0.0,2.529621032849107,2.517593831670735,15.697582690594436,2.019741355534559,0.664989108735777,1.7145845860568014,6.884955752212389,6.321882890351117,0.47707906721650684,0.00852937145905855,0.0005613809673900961,0.0,0.00852937145905855,0.014316670927435252,0,0,0,3,0,1.0,0.3185840707964602,0.5334704020600063,0.11225595828114614,0.7485019099785817,0.5742390115957174,0.0,0.5745614035087719,0.07649094675668805
964,113,100.0,113,0,112,1,0,0.0,2.5367420024575065,2.5244433100685355,15.094196861111985,2.0197295521063428,0.6655459529380902,1.6979549058860088,6.884955752212389,6.321882890351117,0.4749057709787299,0.00808095571215972,0.000998776097831151,0.0,0.00808095571215972,0.011698005070993611,0,0,0,1,0,1.0,0.3008849557522124,0.522470756880464,0.11391390118138092,0.7401027016488309,0.57799964938275,0.0,0.5745614035087719,0.0765261785052756
965,113,100.0,113,0,111,2,0,0.0,2.5703923318302673,2.55822845301237,16.639817438002087,2.021427180614033,0.6177584595611942,1.6827606484004194,6.884955752212389,6.321882890351117,0.4806762085140823,0.0075951938924075126,0.00044012963641735776,0.0,0.0075951938924075126,0.013995949281378497,0,0,0,2,0,1.0,0.3274336283185841,0.5415652164500078,0.10964780704320762,0.7509220600558713,0.5834490441755299,0.0,0.5391604010025063,0.0767480911952241
966,113,100.0,113,0,111,2,0,0.0,2.524314063262033,2.5137920956886335,13.10278059640967,2.020770115458959,0.6726295870946202,1.6762656229997297,6.884955752212389,6.321882890351117,0.4710939850978726,0.012716612832656704,0.0008997009150275968,0.0,0.012716612832656704,0.0055071255548033715,0,0,0,2,0,1.0,0.3274336283185841,0.49602636376456727,0.12887662196042493,0.7565853377135665,0.5770192146447545,0.0,0.5391604010025063,0.07649693040757438
967,113,100.0,113,0,108,5,0,0.0,2.509382548673072,2.4994499906212493,11.712978871912703,2.019429236324404,0.7026578854819626,1.6761198614270327,6.884955752212389,6.321882890351117,0.4654996644473586,0.12508877799500723,0.00048437600222806887,0.0,0.12508877799500723,0.02935719382247215,0,0,0,5,0,0.6,0.3008849557522124,0.4734406428027232,0.13689237999705567,0.7618530926496734,0.572580784242809,0.0,0.5391604010025063,0.07637988843033573
968,113,100.0,113,0,108,5,0,0.0,2.5134214186389685,2.503894701758318,11.613851581306411,2.018397917544757,0.7202012751205152,1.6448669997917633,6.884955752212389,6.321882890351117,0.4611929877709693,0.12355218027953337,0.0005413434034879878,0.0,0.12355218027953337,0.01875812565282813,0,0,0,5,0,0.6,0.3008849557522124,0.4650588878477289,0.13333464206430257,0.7245759077522231,0.5712869551834171,0.0,0.5745614035087719,0.07636748339742747
969,112,99.11504424778761,113,1,109,3,0,0.008849557522123894,2.5222514585320868,2.5075618237107298,12.684235032335675,2.0178789745513943,0.7254234824965502,1.7203386644318255,6.884955752212389,6.321882890351117,0.4611585736748023,0.15077887615683994,0.00043863182456776507,0.0,0.15077887615683994,0.027662511831626133,0,1,0,3,0,0.5,0.30973451327433627,0.4782525183515763,0.12755393523359765,0.7245759077522231,0.5632547027319019,0.008849557522123894,0.5745614035087719,0.07639523011273902
970,111,98.23008849557522,113,1,109,3,0,0.008849557522123894,2.497095426588857,2.4775209267099743,11.322113650398865,2.01589559288702,0.7656775552179055,1.7267916250625885,6.884955752212389,6.321882890351117,0.45568737499641276,0.057465404109519155,0.0007222902493834439,0.0,0.057465404109519155,0.017432354942324035,0,1,0,3,0,0.75,0.30973451327433627,0.45844555257312836,0.14053414360486663,0.7414714539116398,0.55886620317582,0.008849557522123894,0.5921052631578947,0.07620675641997765
971,110,97.34513274336283,113,1,109,3,0,0.008849557522123894,2.4927508405777905,2.467914599520695,10.600173485629986,2.0135819982685783,0.766800470940924,1.719644577706033,6.884955752212389,6.321882890351117,0.4538616214430433,0.04039966082843511,0.0006365192933317753,0.0,0.04039966082843511,0.0075928900754321516,0,1,0,3,0,0.75,0.3185840707964602,0.44707315651197055,0.13823053001250085,0.7314792612398597,0.5623586149506941,0.008849557522123894,0.5921052631578947,0.07611190211875464
972,109,96.46017699115045,113,1,110,2,0,0.008849557522123894,2.4875055283248844,2.469007289519048,10.674710776316362,2.01083661045735,0.7906557735111704,1.6970651835848756,6.884955752212389,6.321882890351117,0.45192756698616776,0.11291816913509893,0.0011234813795018307,0.0,0.11291816913509893,-0.017042749393405592,0,1,0,2,0,0.3333333333333333,0.3008849557522124,0.4441827248126946,0.13440035199075007,0.7616618568551974,0.5555092589441019,0.008849557522123894,0.556704260651629,0.0759988954563342
973,108,95.57522123893806,113,1,112,0,0,0.008849557522123894,2.4891512829446585,2.4648062092657743,10.552815697900334,2.008684389033028,0.8046417626315963,1.666285659528269,6.884955752212389,6.321882890351117,0.4503735959115922,0.9977509908228993,0.001980955234556734,1.0,0.0022490091771006915,0.141327292336692,0,1,0,0,0,1.0,0.3008849557522124,0.4417228524241573,0.13266454091557556,0.757409070055489,0.5501078646733033,0.008849557522123894,0.556704260651629,0.07593909377043973
974,109,96.46017699115045,113,0,111,2,0,0.0,2.4948464334581852,2.4699592812947273,10.125753977976524,2.006616060883844,0.7985101861971173,1.6832594745330742,6.884955752212389,6.321882890351117,0.4494656028759234,0.16984771459560336,0.0005016109802915054,0.0,0.16984771459560336,0.062486137959493454,0,0,0,2,0,0.5,0.30973451327433627,0.4348468995418515,0.14706928980892295,0.7534679971582062,0.5485908145166005,0.0,0.5213032581453634,0.07590219088131758
975,110,97.34513274336283,113,0,110,3,0,0.0,2.4900396951078037,2.4645111341290913,10.139430065660846,2.004402949631235,0.811256237101973,1.6967647529748209,6.884955752212389,6.321882890351117,0.44813330657884265,0.12235867336294314,0.0006086321681154193,0.0,0.12235867336294314,0.0426145418863888,0,0,0,3,0,0.6666666666666666,0.30973451327433627,0.4340281304143022,0.15588043811172164,0.764030674756587,0.5448497393515543,0.0,0.5213032581453634,0.07580820203875412
976,110,97.34513274336283,113,1,110,1,1,0.008849557522123894,2.4777416098567193,2.44818033250647,9.30986399949855,2.0017321288721273,0.856411851220611,1.7746594551215042,6.884955752212389,6.321882890351117,0.4437850383720383,0.2823051336809438,0.0002885672030039634,0.3333333333333333,0.27110397639111666,0.08395326468177933,0,2,0,1,0,0.3333333333333333,0.2920353982300885,0.4195206467772014,0.1672957130704159,0.7465500029555644,0.5327214154012921,0.008849557522123894,0.5745614035087719,0.0756622885321977
977,111,98.23008849557522,113,0,112,1,0,0.0,2.4795107566581804,2.44993606204667,9.339097766651472,1.9990906388911553,0.8477212993471418,1.7801052917533817,6.884955752212389,6.321882890351117,0.44572221299106873,0.01690035401054707,0.000964257708781308,0.0,0.01690035401054707,0.008577896046169764,0,0,0,1,0,1.0,0.2743362831858407,0.4220411898286503,0.1715776005457072,0.7308274383631909,0.5347944955567753,0.0,0.5745614035087719,0.07558763831462631
978,112,99.11504424778761,113,0,110,3,0,0.0,2.4862833570547105,2.456276733690739,9.513716947946799,1.9969368206819806,0.8079366017707532,1.741070021932496,6.884955752212389,6.321882890351117,0.4483382794245492,0.017630642424560285,0.0006359677481877811,0.0,0.017630642424560285,-0.00362065918023032,0,0,0,3,0,1.0,0.30973451327433627,0.4269501655901193,0.1737745180624663,0.7419478585101723,0.5404320812893154,0.0,0.6099624060150376,0.0755534203841814
979,112,99.11504424778761,113,0,110,3,0,0.0,2.494520834890207,2.4639441375555147,9.754107624135921,1.99530694377211,0.7953998538989899,1.7168838929073487,6.884955752212389,6.321882890351117,0.4507159507396954,0.007035014130116022,0.0006082148345311625,0.0,0.007035014130116022,-0.012437151943132182,0,0,0,3,0,1.0,0.3185840707964602,0.4319744233498088,0.17187592220551215,0.7359068137738388,0.539612285424643,0.0,0.6099624060150376,0.07554308831860944
980,111,98.23008849557522,113,1,110,2,0,0.008849557522123894,2.4645894015380607,2.433276094732789,8.912079686681341,1.9923248922023673,0.8403432882600368,1.8027435187585448,6.884955752212389,6.321882890351117,0.44498747560318797,0.19793978147512362,0.0010131153624276428,0.3333333333333333,0.140829863307403,0.007249415936425918,0,1,0,2,0,0.6666666666666666,0.30973451327433627,0.41697296687439056,0.1687437820772457,0.7327291567186638,0.5379695247752049,0.008849557522123894,0.5391604010025063,0.07529917024786421
981,112,99.11504424778761,113,0,106,7,0,0.0,2.52692180904493,2.4934265192753338,11.532854271221769,1.9924776493264553,0.7684601360897756,1.7729625670635225,6.884955752212389,6.321882890351117,0.4579156703789504,0.00832910285473384,0.0006292477864815469,0.0,0.00832910285473384,0.004598659093300388,0,0,0,7,0,1.0,0.30973451327433627,0.45893906912149623,0.1385979097709655,0.7355255141395509,0.5532084087498409,0.0,0.5391604010025063,0.07561566084864431
982,111,98.23008849557522,113,1,108,4,0,0.008849557522123894,2.528664148341128,2.498330307748375,13.008416047721683,1.992722602617712,0.7569821343914049,1.7828936424865565,6.884955752212389,6.321882890351117,0.4606122333182969,0.057311197601380794,0.0007416426712459685,0.0,0.057311197601380794,0.004073160372316797,0,1,0,4,0,0.8,0.3274336283185841,0.478053172582849,0.11712480791661956,0.737729831616087,0.5582790669134069,0.008849557522123894,0.48621553884711777,0.07563211537522996
983,111,98.23008849557522,113,0,108,5,0,0.0,2.55126834125568,2.521080027526586,13.400254356053432,1.9942487948804737,0.7548796850948726,1.6952485897833727,6.884955752212389,6.321882890351117,0.46057820521517123,0.0667034454363272,0.0010319651879789964,0.0,0.0667034454363272,-0.008691601738314448,0,0,0,5,0,0.6,0.3274336283185841,0.47894832307782814,0.11160396880118122,0.7597896100150257,0.5609265800684714,0.0,0.4508145363408521,0.0757933783835694
984,111,98.23008849557522,113,0,110,3,0,0.0,2.554922718117909,2.525414599940916,13.262322281689114,1.995897724329167,0.745601478999786,1.7161310843973734,6.884955752212389,6.321882890351117,0.4629780399529444,0.009417704711669332,0.000559663787045685,0.0,0.009417704711669332,-0.008863196308620147,0,0,0,3,0,1.0,0.34513274336283184,0.47911401754303806,0.11284821810572691,0.747908089498136,0.5656218018772913,0.0,0.4862155388471178,0.07586377196222599
985,112,99.11504424778761,113,0,110,3,0,0.0,2.5496839153840787,2.5203605561669957,12.586740782173893,1.9971868018062777,0.7779399945253382,1.723740035947276,6.884955752212389,6.321882890351117,0.46045305055755126,0.013122546735484195,0.0005042377693291893,0.0,0.013122546735484195,-0.015358125122542976,0,0,0,3,0,1.0,0.35398230088495575,0.46764204544025423,0.12039437068938504,0.7443281872074358,0.5620637158260363,0.0,0.5216165413533835,0.07587832493279127
986,112,99.11504424778761,113,0,108,5,0,0.0,2.5630480331177874,2.5337438998359643,12.232331691956796,1.999071248765772,0.7784133650334167,1.7545764190391697,6.884955752212389,6.321882890351117,0.45912254145270515,0.059285644313876215,0.0009637639456829371,0.0,0.059285644313876215,-0.016630303377003264,0,0,0,5,0,0.6,0.35398230088495575,0.46101365213457046,0.12391346021115489,0.7448055050054947,0.5621292903993361,0.0,0.5216165413533835,0.07600471178641482
987,113,100.0,113,0,109,4,0,0.0,2.595587092603818,2.5652804841779235,13.951566459326687,2.002431527939128,0.7348615697410683,1.7337602913769665,6.884955752212389,6.321882890351117,0.4639301631900268,0.032936718405013686,0.0007105032055082302,0.0,0.032936718405013686,-0.005573382706420965,0,0,0,4,0,0.75,0.34513274336283184,0.48230689001571664,0.10753465651147762,0.7448055050054947,0.5677530415377204,0.0,0.5216165413533835,0.07627362354090919
988,113,100.0,113,0,109,4,0,0.0,2.627911141448305,2.5962481609696457,15.875521169576002,2.007145566406865,0.7000484201491568,1.6958802283635437,6.884955752212389,6.321882890351117,0.4678970926979551,0.03842110406367947,0.0007408835572226321,0.0,0.03842110406367947,-0.010427716296330297,0,0,0,4,0,0.75,0.35398230088495575,0.5034797951802413,0.09869227275307935,0.7296039079315859,0.5703121467086634,0.0,0.4862155388471178,0.07658425178079983
989,113,100.0,113,0,108,5,0,0.0,2.6062575076679257,2.575157213820892,15.246826267115196,2.0104949128998966,0.7020196413284157,1.6635701987917972,6.884955752212389,6.321882890351117,0.46686847466872816,0.01803586821516017,0.0005540343844811597,0.0,0.01803586821516017,-0.002059975098979949,0,0,0,5,0,1.0,0.3274336283185841,0.4987265490136466,0.09796283309766572,0.7400883523315716,0.5677459640619036,0.0,0.4508145363408521,0.07658185449333871
990,113,100.0,113,0,108,5,0,0.0,2.5680163362256097,2.5382159518506073,12.460402273780398,2.0117642109740634,0.7750333909595785,1.6866937268036593,6.884955752212389,6.321882890351117,0.4557780130867748,0.015138511460879014,0.0007154951276884161,0.0,0.015138511460879014,0.004232588338492693,0,0,0,5,0,1.0,0.30973451327433627,0.4606700143542821,0.11847514758546498,0.7370214787420704,0.5531718630662805,0.0,0.48621553884711777,0.07643077040501628
991,113,100.0,113,0,108,5,0,0.0,2.541867920470237,2.5129716472725634,11.429081513752344,2.0116765332129263,0.8121584896712225,1.699915731084259,6.884955752212389,6.321882890351117,0.44978472668006453,0.07896655320518094,0.000804347820804084,0.0,0.07896655320518094,0.007928638213043881,0,0,0,5,0,0.6,0.3185840707964602,0.4435693991940562,0.12319708538205718,0.7367915531924782,0.5492877669576091,0.0,0.5216165413533835,0.07629725688354944
992,113,100.0,113,0,110,3,0,0.0,2.514593924284978,2.486260948734562,11.264709303672136,2.010243503072555,0.8274478262105227,1.7271557638266462,6.884955752212389,6.321882890351117,0.44774312779538894,0.019267981996305382,0.0006663613480489554,0.0,0.019267981996305382,0.002414265133834951,0,0,0,3,0,1.0,0.3185840707964602,0.4430783668702869,0.1203919439176633,0.7749912070889344,0.5458348480249752,0.0,0.48621553884711777,0.07611558965899429
993,113,100.0,113,0,110,3,0,0.0,2.4975541568394943,2.468970125485766,11.15797200134459,2.0080265829421884,0.81605545070955,1.7574413582150878,6.884955752212389,6.321882890351117,0.44867033619386154,0.054241005633621296,0.0004538811941904423,0.0,0.054241005633621296,0.013647428208457657,0,0,0,3,0,0.6666666666666666,0.30973451327433627,0.44444457505661905,0.12120653612304749,0.7588634404657228,0.5499615559781543,0.0,0.5216165413533835,0.07596031527455967
994,113,100.0,113,0,111,2,0,0.0,2.4635055562292343,2.4353164975782744,10.9893654428845,2.004247779550503,0.8243251800530723,1.7670736493036985,6.884955752212389,6.321882890351117,0.447240749442513,0.057654994629758455,0.001231296365837191,0.0,0.057654994629758455,-0.0064062121751356504,0,0,0,2,0,0.5,0.30973451327433627,0.4444282765799059,0.11883324370465012,0.7556437142983754,0.5478104383138563,0.0,0.5216165413533835,0.07567062650896889
995,113,100.0,113,0,111,2,0,0.0,2.4710105522644157,2.4420600948916915,11.880897574718443,2.001048925543698,0.8040661080849236,1.764614955851801,6.884955752212389,6.321882890351117,0.44889578038006706,0.038508729378684194,0.00033290732992846076,0.0,0.038508729378684194,0.013293044891349082,0,0,0,2,0,0.5,0.34513274336283184,0.4567915905197073,0.10984792119374041,0.7392176754612949,0.5501932329394235,0.0,0.5216165413533835,0.07560703758707304
996,113,100.0,113,0,111,2,0,0.0,2.4493983945657507,2.4210035262690552,11.757620773052961,1.9969873620537963,0.7889236317836216,1.7176760163525167,6.884955752212389,6.321882890351117,0.44957312010656825,0.03176312846448279,0.0006346224902373404,0.0,0.03176312846448279,0.0029040297467303744,0,0,0,2,0,0.5,0.36283185840707965,0.4583559181967603,0.10371690068859633,0.7763125658323605,0.5552871727763048,0.0,0.5216165413533835,0.0753705931549053
997,113,100.0,113,0,110,3,0,0.0,2.4611252076262526,2.4314502124963004,12.533237799105844,1.9937109076666109,0.7857239083509325,1.7616089867511087,6.884955752212389,6.321882890351117,0.4567308276388562,0.038487311046843185,0.0005301545236752354,0.0,0.038487311046843185,0.026994789642487766,0,0,0,3,0,0.6666666666666666,0.336283185840708,0.47468030816053275,0.10497656274962522,0.7636987673515785,0.5570411957612209,0.0,0.5216165413533835,0.07532566041555099
998,112,99.11504424778761,113,1,109,3,0,0.008849557522123894,2.4439924803144844,2.4113870608007852,11.753140189347048,1.9898159086621485,0.8107197669186813,1.7820969217481002,6.884955752212389,6.321882890351117,0.4510309177139913,0.08713372752715949,0.0004687190783668049,0.0,0.08713372752715949,0.02006856381620306,0,1,0,3,0,0.25,0.34513274336283184,0.4597798105555892,0.1094826205969365,0.7695038311086814,0.5564576770629466,0.008849557522123894,0.5216165413533834,0.0751168781411709
999,112,99.11504424778761,113,0,110,3,0,0.0,2.451486467682134,2.4182330355377504,13.299589083453833,1.9863243656009348,0.7885100870728071,1.7948350862974598,6.884955752212389,6.321882890351117,0.4565537440140346,0.020253787819865764,0.0005291701433236971,0.0,0.020253787819865764,0.012026653126887443,0,0,0,3,0,0.6666666666666666,0.34513274336283184,0.4842127247147638,0.09587654500326512,0.7778986151121673,0.5583984878942386,0.0,0.5216165413533834,0.07504398244631111
1000,112,99.11504424778761,113,0,108,5,0,0.0,2.4905841307207535,2.4558693824667213,15.676094517197466,1.9849570144247624,0.7414360527357295,1.7779978252237765,6.884955752212389,6.321882890351117,0.46546100986291794,0.05842672221834612,0.0010619717239463743,0.0,0.05842672221834612,0.0015326795279283268,0,0,0,5,0,0.8,0.34513274336283184,0.5166386368563197,0.08755483366172935,0.7662290453299185,0.5620251074683192,0.0,0.5570175438596491,0.07519624959147547
1001,112,99.11504424778761,113,0,108,5,0,0.0,2.5024183178400086,2.4678680322351227,15.33841904476642,1.9842829380580727,0.7054276295934804,1.741162625920637,6.884955752212389,6.321882890351117,0.46576544125061226,0.08045238261737211,0.0006296156768244561,0.0,0.08045238261737211,0.014698483521706662,0,0,0,5,0,0.8,0.34513274336283184,0.5131322920864294,0.08960781966599782,0.7749028396597843,0.5626406788214732,0.0,0.5216165413533834,0.07523411336782491
1002,111,98.23008849557522,113,1,110,2,0,0.008849557522123894,2.4793232098451052,2.443013718758011,14.955206685771495,1.982504929028612,0.7298084418615408,1.7701529035218162,6.884955752212389,6.321882890351117,0.4639000540248499,0.19174411822595794,0.0010816765331563896,0.0,0.19174411822595794,0.017360427092933912,0,1,0,2,0,0.0,0.35398230088495575,0.5110288466573244,0.09235887291498043,0.778145792150982,0.5576818355965748,0.008849557522123894,0.5391604010025063,0.07506243600353922
1003,112,99.11504424778761,113,0,111,2,0,0.0,2.446801568013506,2.4115045262082666,13.230536251875037,1.9791352827539073,0.7603623127842737,1.7614048150907382,6.884955752212389,6.321882890351117,0.45956549521774526,0.04514528087125899,0.0008467788754707384,0.0,0.04514528087125899,0.007313583962339887,0,0,0,2,0,0.5,0.36283185840707965,0.49046029306141825,0.10082946749402835,0.7653734220726535,0.5557698142866568,0.0,0.5037593984962406,0.07479331524872827
1004,112,99.11504424778761,113,0,111,2,0,0.0,2.4594015261955255,2.4248460040052193,12.474661269033948,1.9766534076522408,0.7327603160359546,1.689559751516454,6.884955752212389,6.321882890351117,0.4570956913343869,0.04412508673340937,0.0007691945507726946,0.0,0.04412508673340937,0.01172762339209571,0,0,0,2,0,0.5,0.35398230088495575,0.4775383819516713,0.10238022799145871,0.7845602654410304,0.5609279103459509,0.0,0.5037593984962406,0.07477786442093229
1005,111,98.23008849557522,113,1,109,3,0,0.008849557522123894,2.4708509118569495,2.441661289638924,12.137622864974784,1.9748923973845274,0.7282577548964697,1.6713813017624173,6.884955752212389,6.321882890351117,0.45591101174268567,0.04135670177248015,0.0004028046793471689,0.0,0.04135670177248015,0.003937628170077423,0,1,0,3,0,0.75,0.336283185840708,0.47098951690967605,0.1105845157864134,0.793607563381669,0.554285577773336,0.008849557522123894,0.5037593984962406,0.07477944684583347
1006,109,96.46017699115045,113,2,108,3,0,0.017699115044247787,2.494277799885404,2.4645302931080546,13.448260183731987,1.9747017481347966,0.7121702708533953,1.7111463368038762,6.884955752212389,6.321882890351117,0.4585170551731548,0.08791442562500393,0.0009575608740253906,0.0,0.08791442562500393,-0.004753054717937033,0,2,0,3,0,0.4,0.35398230088495575,0.4861238471478406,0.09884646119082988,0.8070983815647681,0.5539568923233968,0.017699115044247787,0.48621553884711777,0.07489055497482608
1007,110,97.34513274336283,113,0,109,4,0,0.0,2.5096486080884124,2.479764943636418,13.494311173971674,1.9752776847381392,0.7158583386188164,1.7131826509016412,6.884955752212389,6.321882890351117,0.45647845878740956,0.019447052359904186,0.0005375660990057197,0.0,0.019447052359904186,0.010347928276279922,0,0,0,4,0,0.75,0.336283185840708,0.4821075657021783,0.09785628583908293,0.8214031632378034,0.553021857821976,0.0,0.48621553884711777,0.07498561403463412
1008,110,97.34513274336283,113,0,109,4,0,0.0,2.4919772112606453,2.4624461941169415,12.159512032385438,1.97494131445374,0.735876894316232,1.678575216516763,6.884955752212389,6.321882890351117,0.4532655780237387,0.013050537139935012,0.0005331030951272484,0.0,0.013050537139935012,0.009089669972588171,0,0,0,4,0,1.0,0.3185840707964602,0.4642472057352841,0.11397168850499134,0.8110682190247028,0.549214741379951,0.0,0.48621553884711777,0.07488662458276645
1009,109,96.46017699115045,113,1,108,4,0,0.008849557522123894,2.4986866686310854,2.4846251486406903,12.217783535935952,1.974973283846591,0.7143354790492406,1.6541106594228956,6.884955752212389,6.321882890351117,0.4551665165932832,0.01355621546818458,0.0006217645916868195,0.0,0.01355621546818458,0.00737803487767662,0,1,0,4,0,0.8,0.3274336283185841,0.46328578609464666,0.11864091217528992,0.807639710002611,0.5399739263107276,0.008849557522123894,0.46835839598997486,0.07492118240340705
1010,109,96.46017699115045,113,1,108,4,0,0.008849557522123894,2.5096514146522098,2.4900641965600974,13.286881659339542,1.976357915572438,0.7420277307504768,1.7039479469308143,6.884955752212389,6.321882890351117,0.4554502925322992,0.20549785520122582,0.0009573974304084697,0.2,0.005498721178432328,0.031628246991603756,0,1,0,4,0,1.0,0.3274336283185841,0.47662688654758717,0.11709338875914213,0.8021241843918595,0.5454021928079573,0.008849557522123894,0.468358395989975,0.07501977353159801
1011,111,98.23008849557522,113,0,108,5,0,0.0,2.520885696669002,2.501474480442678,13.491193451072888,1.9779271124042481,0.7307626724521432,1.6867003787940484,6.884955752212389,6.321882890351117,0.4566076961059018,0.16312949851892783,0.0017053508586158666,0.2,0.14511765217950395,0.003769891167933448,0,0,1,4,0,0.6,0.3274336283185841,0.4789202491259517,0.11171153760704515,0.7591427843777176,0.5460344580663374,0.0,0.5391604010025063,0.07512554633469504
1012,110,97.34513274336283,113,1,106,5,1,0.008849557522123894,2.5457676380840204,2.526458383807486,13.869061762770695,1.980641204955855,0.733518559719229,1.678239688563999,6.884955752212389,6.321882890351117,0.4597521485440168,0.16023131131218235,0.0017223892228807652,0.14285714285714285,0.14728853578678933,0.0032635551528648215,0,2,0,5,0,0.42857142857142855,0.30973451327433627,0.48124579892331143,0.11698653136421631,0.7759520207678648,0.549367116668151,0.008849557522123894,0.5216165413533835,0.0753357469180943
1013,110,97.34513274336283,113,0,109,4,0,0.0,2.570311312478623,2.550928411334455,14.586904925245232,1.9844407529255135,0.7352991518712005,1.6957883855350069,6.884955752212389,6.321882890351117,0.4604576872061721,0.05416764426043621,0.0012486292971683256,0.0,0.05416764426043621,-0.012358928934528474,0,0,0,4,0,0.75,0.3008849557522124,0.48722581598790354,0.11620839022397593,0.7658049254577791,0.5450907651943626,0.0,0.5570175438596492,0.07557856677656959
1014,110,97.34513274336283,113,1,109,3,0,0.008849557522123894,2.5924152439092487,2.570629310668177,15.417858745521988,1.9891148521724176,0.6945869596624958,1.7040301452238837,6.884955752212389,6.321882890351117,0.4665254936968375,0.05737777330420435,0.0010568732072875771,0.0,0.05737777330420435,-0.004939422629868961,0,1,0,3,0,0.75,0.30973451327433627,0.5009707853463423,0.11793048228925633,0.7627418316870522,0.5511099189092616,0.008849557522123894,0.5570175438596491,0.07583683197400674
1015,111,98.23008849557522,113,0,108,5,0,0.0,2.598271874490241,2.576809709158299,15.845172282540814,1.9936876543596447,0.7063586520967456,1.7190718928782889,6.884955752212389,6.321882890351117,0.46605863502736433,0.06111306164303239,0.0011075518433779088,0.0,0.06111306164303239,-0.007763916621355138,0,0,0,5,0,0.8,0.3185840707964602,0.5037481967592587,0.11059040551380528,0.7529077014170238,0.5514471912416479,0.0,0.5570175438596491,0.07601065872645366
1016,111,98.23008849557522,113,0,108,5,0,0.0,2.5699496564400754,2.549777022116267,13.152316649109212,1.9966041894942572,0.7639446448998227,1.729487689447253,6.884955752212389,6.321882890351117,0.45482903647431283,0.02562899141824117,0.0010264633778533097,0.0,0.02562899141824117,-0.007096455696347781,0,0,0,5,0,0.8,0.3185840707964602,0.46431416091096844,0.12343214877140966,0.7529077014170238,0.540381237618155,0.0,0.5570175438596491,0.0759612376040359
1017,112,99.11504424778761,113,0,108,5,0,0.0,2.5935618230010284,2.572230657681352,12.853935751921483,2.0004719387292456,0.7390892835729479,1.7046296677393893,6.884955752212389,6.321882890351117,0.45618766912034703,0.09808582422946513,0.0009335007111142749,0.0,0.09808582422946513,0.011144711926572393,0,0,0,5,0,0.4,0.3274336283185841,0.46212840220063556,0.13109039296407116,0.7329684911865922,0.5425817462310243,0.0,0.5570175438596491,0.07620155572540487
1018,112,99.11504424778761,113,0,109,4,0,0.0,2.5834608867570283,2.5627801548756795,13.302503262348745,2.0036172136111654,0.7379262310316724,1.7261302213943202,6.884955752212389,6.321882890351117,0.45366120119078013,0.032996607802111416,0.0004444125825411125,0.0,0.032996607802111416,0.005187973100634818,0,0,0,4,0,0.75,0.3008849557522124,0.46511781927448514,0.12006039941254479,0.7294111447414398,0.5391957225605006,0.0,0.5570175438596491,0.07625047134149217
1019,113,100.0,113,0,108,5,0,0.0,2.5678444600332404,2.5470455879783027,12.009425504104483,2.005767871184426,0.74306339906671,1.7594948455169606,6.884955752212389,6.321882890351117,0.44939276189467114,0.06417477696283498,0.0003866926181759618,0.0,0.06417477696283498,0.00818973323047174,0,0,0,5,0,0.6,0.30973451327433627,0.44912683346784815,0.13629666627599388,0.7417855359278724,0.5339385164141862,0.0,0.5924185463659147,0.07624037023445024
1020,113,100.0,113,0,108,5,0,0.0,2.6245323700396566,2.6037370770750528,14.678374921415319,2.010649742344127,0.6765187357772531,1.7100319040480976,6.884955752212389,6.321882890351117,0.4586940393658523,0.09086865546398451,0.001441619464876811,0.0,0.09086865546398451,-0.005637440013166084,0,0,0,5,0,0.4,0.30973451327433627,0.4829668063194972,0.11668532894238821,0.7456743052196724,0.5447308850615864,0.0,0.5570175438596491,0.07667812287326937
1021,113,100.0,113,0,110,3,0,0.0,2.6266482415317114,2.6057658361404563,14.67055497457672,2.0153255919440474,0.7172640199768132,1.7407960713601351,6.884955752212389,6.321882890351117,0.4553534513047024,0.1654869152550497,0.0006977899223794735,0.0,0.1654869152550497,0.013009139082441315,0,0,0,3,0,0.0,0.2743362831858407,0.47830323559684684,0.12287723719360119,0.7320812087270459,0.5358105202514298,0.0,0.5570175438596491,0.07683650309864762
1022,113,100.0,113,0,109,4,0,0.0,2.6481846059875727,2.6283111642887405,14.836615873773125,2.0208460712023557,0.7173924010121315,1.7478155718306163,6.884955752212389,6.321882890351117,0.4554851975690699,0.10650986967236713,0.0008024205208837363,0.0,0.10650986967236713,0.009205940687777331,0,0,0,4,0,0.25,0.3185840707964602,0.4776224577192634,0.1216915140771936,0.7402133674751279,0.5345291259487528,0.0,0.5216165413533834,0.0771186840377751
1023,111,98.23008849557522,113,2,108,3,0,0.017699115044247787,2.63234671661678,2.6154730123788754,15.278383363686629,2.025235532226948,0.771108894436837,1.8110113531781444,6.884955752212389,6.321882890351117,0.4542820740295057,0.10821428985244771,0.0007973861233104447,0.0,0.10821428985244771,0.016603370868308986,0,2,0,3,0,0.2,0.30973451327433627,0.4808384017980551,0.11563500834632753,0.763585165538715,0.5351382073906606,0.017699115044247787,0.4862155388471178,0.07717824288366731
1024,111,98.23008849557522,113,0,109,4,0,0.0,2.6299370246186933,2.613753169237731,15.65041313776322,2.0293932451474213,0.7728708084381218,1.8206659270027743,6.884955752212389,6.321882890351117,0.4535695155443449,0.09111891196290582,0.0007725243442900787,0.0,0.09111891196290582,0.016556326835537066,0,0,0,4,0,0.25,0.2920353982300885,0.48265243754145276,0.10904075777475891,0.7684556587128679,0.5367158111281909,0.0,0.4508145363408521,0.07729761729455153
1025,111,98.23008849557522,113,0,112,1,0,0.0,2.6127727131878764,2.5974889522925815,12.720532136020795,2.0324655485275014,0.8427069933753677,1.8432114580403833,6.884955752212389,6.321882890351117,0.4435380288468751,0.1896187375944557,0.0012563158414546855,0.0,0.1896187375944557,0.010323455339728227,0,0,0,1,0,0.0,0.2743362831858407,0.441678624945781,0.13298612689930212,0.7583801773541982,0.5273107156909016,0.0,0.5216165413533835,0.07730890944825994
1026,110,97.34513274336283,113,1,111,1,0,0.008849557522123894,2.569038936976464,2.553346270731736,10.627888965586829,2.0331570781932573,0.8969995613303882,1.8795919929492344,6.884955752212389,6.321882890351117,0.4369409053044693,0.18630676560395368,0.0018822850791568827,0.0,0.18630676560395368,-0.028746303350286273,0,1,0,1,0,0.0,0.3008849557522124,0.41469051993813544,0.150332248447273,0.7560114943579119,0.5167810150590972,0.008849557522123894,0.5570175438596492,0.07711209941501343
1027,110,97.34513274336283,113,1,112,0,0,0.008849557522123894,2.574558145958277,2.5535075677745724,11.270082026499919,2.0340420193158937,0.9169143943373251,1.9283763528149898,6.884955752212389,6.321882890351117,0.4372716271795538,0.26950732570083835,0.004136476355141982,0.0,0.26950732570083835,-0.053006349912354755,0,1,0,0,0,0.0,0.2743362831858407,0.4220554835671864,0.14100414933069155,0.7573987420591453,0.5127876773078118,0.008849557522123894,0.468358395989975,0.07716766793063332
1028,112,99.11504424778761,113,0,113,0,0,0.0,2.564776903848591,2.5436845514924933,12.411331257018276,2.0340992716704562,0.8873111894774532,1.9156435516710681,6.884955752212389,6.321882890351117,0.4450267379054351,0.0,0.0,0.0,0.0,0.0,0,0,0,0,0,0.0,0.3008849557522124,0.44482342743208014,0.12743050237197306,0.7691821473685083,0.5211443578025119,0.0,0.5037593984962406,0.07712057143348858
1029,112,99.11504424778761,113,0,113,0,0,0.0,2.5673827003707363,2.546659471170229,11.582248151399366,2.0343033613486985,0.898430787512931,1.911456524812224,6.884955752212389,6.321882890351117,0.4419500569947086,0.0,0.0,0.0,0.0,0.0,0,0,0,0,0,0.0,0.3274336283185841,0.43183801400824173,0.13538926969070422,0.7672014137619942,0.5204562270636295,0.0,0.5391604010025063,0.0771400515713242
1030,112,99.11504424778761,113,0,112,1,0,0.0,2.5652594271533764,2.544263854859297,11.646144183925957,2.034373390270348,0.9131971879175493,1.9260656313777607,6.884955752212389,6.321882890351117,0.44646485040766404,0.17717537173414227,0.0011529617941161744,0.0,0.17717537173414227,0.0108903050675202,0,0,0,1,0,0.0,0.30973451327433627,0.4376904266966276,0.13979849243137543,0.7621462019256915,0.5249995329364406,0.0,0.5037593984962406,0.07713164877844543
1031,112,99.11504424778761,113,0,113,0,0,0.0,2.583392862091791,2.562524504407575,12.578063490156074,2.0353625255491483,0.8706310110775999,1.9009172313830425,6.884955752212389,6.321882890351117,0.4491286423250076,0.0,0.0,0.0,0.0,0.0,0,0,0,0,0,0.0,0.3185840707964602,0.4494526850654278,0.12767447471192386,0.7616902772153251,0.5322860129178476,0.0,0.5391604010025063,0.07725358194011395
1032,113,100.0,113,0,113,0,0,0.0,2.572946442344136,2.551924245165406,12.355804923048538,2.0357530200737055,0.877039059030151,1.9027256747579693,6.884955752212389,6.321882890351117,0.448666188077377,0.0,0.0,0.0,0.0,0.0,0,0,0,0,0,0.0,0.3185840707964602,0.44715618163257903,0.13226612355595044,0.7512058328153395,0.5311796298679708,0.0,0.5037593984962406,0.07721369314464355
1033,113,100.0,113,0,112,1,0,0.0,2.592501553022803,2.570408567752909,12.024498788858795,2.0370536737733724,0.8848118552208308,1.8926307884192106,6.884955752212389,6.321882890351117,0.4532986707987201,0.37371683468741634,0.0029811674483591474,0.0,0.37371683468741634,-0.002378144348329947,0,0,0,1,0,0.0,0.336283185840708,0.4461255836994086,0.15053442819586782,0.7621462019256915,0.5331741012464175,0.0,0.5037593984962406,0.07735258159988787
1034,113,100.0,113,0,112,1,0,0.0,2.5786176139646493,2.556695076867655,11.641890045255382,2.037578541002181,0.9020023411579633,1.912493366021219,6.884955752212389,6.321882890351117,0.44980293145953043,0.13227829809337982,0.0006805709006620373,0.0,0.13227829809337982,-0.0006798605157840587,0,0,0,1,0,0.0,0.3274336283185841,0.4390341124451443,0.16027354940891958,0.74905723941574,0.5270700609663025,0.0,0.5391604010025063,0.07729975265036465
1035,113,100.0,113,0,113,0,0,0.0,2.5923851622372953,2.5695860521727747,12.57602264362136,2.0387221886292255,0.8822110724426273,1.9003654972866797,6.884955752212389,6.321882890351117,0.45096827299067743,0.0,0.0,0.0,0.0,0.0,0,0,0,0,0,0.0,0.3185840707964602,0.4500299050716776,0.1499413993509868,0.7594879160624586,0.5270818401875605,0.0,0.468358395989975,0.0774047404235579
1036,113,100.0,113,0,113,0,0,0.0,2.6258251941678346,2.6025815259395357,12.373833719594293,2.0414622843611316,0.8908358510730578,1.8905323728402221,6.884955752212389,6.321882890351117,0.4520315934997332,0.0,0.0,0.0,0.0,0.0,0,0,0,0,0,0.0,0.2920353982300885,0.4454673126742818,0.16041033397198834,0.7430486204921506,0.5287077025671184,0.0,0.5391604010025063,0.0776585534048379
1037,113,100.0,113,0,113,0,0,0.0,2.6306301506963816,2.60725845656621,12.54289683154976,2.044265690511447,0.8688263054859133,1.8712686363064863,6.884955752212389,6.321882890351117,0.45403529990488845,0.0,0.0,0.0,0.0,0.0,0,0,0,0,0,0.0,0.2743362831858407,0.4491972581919262,0.1615990242044087,0.7616902772153251,0.530305410138181,0.0,0.5391604010025063,0.07777119221436254
1038,113,100.0,113,0,112,1,0,0.0,2.606677723039434,2.5834177040698427,11.364459493344993,2.0456861210456005,0.9027970018965592,1.8702889088743178,6.884955752212389,6.321882890351117,0.451676291293877,0.1937684391945828,0.0013064565173847567,0.0,0.1937684391945828,0.01161088343298533,0,0,0,1,0,0.0,0.3008849557522124,0.43562638709893486,0.1778196908307406,0.7616902772153251,0.5254091123345883,0.0,0.5391604010025063,0.0776963290535318
1039,113,100.0,113,0,112,1,0,0.0,2.5896283961559714,2.566488586299616,10.123137344427512,2.046160562425003,0.9039954469190576,1.8749014805242052,6.884955752212389,6.321882890351117,0.448367170966792,0.20114538201395754,0.001339548913005343,0.0,0.20114538201395754,0.00557667313541943,0,0,0,1,0,0.0,0.3008849557522124,0.41993518047753153,0.20076151178088436,0.7517331174498502,0.5205151200078004,0.0,0.5391604010025063,0.07762607923330908
1040,113,100.0,113,0,111,2,0,0.0,2.6149209275716636,2.5916020484833235,10.958945508896592,2.0478751251111893,0.8813934939518098,1.8299871878702605,6.884955752212389,6.321882890351117,0.4516621370442899,0.07163979600787047,0.000626405099273698,0.0,0.07163979600787047,0.007951610633039341,0,0,0,2,0,0.5,0.30973451327433627,0.43135478564936464,0.1920885377318601,0.7477658958076476,0.5242276115153296,0.0,0.5745614035087719,0.07780673821293874
1041,113,100.0,113,0,111,2,0,0.0,2.627408071083592,2.6034472553729135,11.766771471399451,2.0500803672384174,0.8589249771827315,1.8396417547914166,6.884955752212389,6.321882890351117,0.4569326407022918,0.06986003471402254,0.0010929957985524894,0.0,0.06986003471402254,-0.01045378969006816,0,0,0,2,0,0.5,0.30973451327433627,0.44564173959746506,0.1846141919891813,0.7672014137619942,0.5322859671086089,0.0,0.5391604010025063,0.07793888034286439
1042,112,99.11504424778761,113,1,111,1,0,0.008849557522123894,2.618538355559341,2.5942547528283626,11.593851295486402,2.0517117531963573,0.8379560744587862,1.8455421612596943,6.884955752212389,6.321882890351117,0.45641296816562904,0.22209008892334683,0.0009226230678969933,0.0,0.22209008892334683,0.02564236687659127,0,1,0,1,0,0.5,0.30973451327433627,0.44529267762398717,0.1780479957017813,0.760734982582217,0.5340037928684117,0.008849557522123894,0.5391604010025063,0.07794609892011843
1043,112,99.11504424778761,113,0,112,1,0,0.0,2.6141584975020766,2.590098748634208,12.112520335554498,2.052999346618197,0.8277661494035485,1.8446755703530546,6.884955752212389,6.321882890351117,0.456156489249816,5.802659352840755e-05,0.0008706664032268573,0.0,5.802659352840755e-05,0.01008776977118453,0,0,0,1,0,1.0,0.3274336283185841,0.45122950636106274,0.1691627943376668,0.7474876574124124,0.5319107595073924,0.0,0.5037593984962406,0.0779648997039484
1044,112,99.11504424778761,113,0,111,2,0,0.0,2.636339732158944,2.611867312229796,12.82839317284713,2.055306486369745,0.8469296595190295,1.879318829012092,6.884955752212389,6.321882890351117,0.4577372670495141,0.0014505374005465068,0.0007205063739519397,0.0,0.0014505374005465068,0.014672980425963489,0,0,0,2,0,1.0,0.2831858407079646,0.45935094863603415,0.16956421121500367,0.7672317403358645,0.5259222126939013,0.0,0.468358395989975,0.07814873321383753
1045,112,99.11504424778761,113,0,112,1,0,0.0,2.6001703691778437,2.576073054225297,11.143907341820897,2.055657474590071,0.8892632920069553,1.888336003207963,6.884955752212389,6.321882890351117,0.45310012870040417,0.0027999950246934266,0.0005802934550581519,0.0,0.0027999950246934266,0.006869133721762566,0,0,0,1,0,1.0,0.2831858407079646,0.4400798017821677,0.18974883441683693,0.7379616221308479,0.519525734266523,0.0,0.5037593984962406,0.07797898093105599
1046,112,99.11504424778761,113,0,112,1,0,0.0,2.589748423714535,2.566082286606315,11.806983475933903,2.0554809900431734,0.8928349362471784,1.9124819184331614,6.884955752212389,6.321882890351117,0.45293255906131713,0.0037005459573455275,0.0006313981165129894,0.0,0.0037005459573455275,0.006429027024006828,0,0,0,1,0,1.0,0.2920353982300885,0.44790345423061945,0.17390958567334058,0.7044191148069926,0.522066211196011,0.0,0.5037593984962406,0.07792129263055225
1047,113,100.0,113,0,112,1,0,0.0,2.571386400074069,2.547781362053771,12.173038698424703,2.0543900922282,0.8809616842134377,1.9165277008917327,6.884955752212389,6.321882890351117,0.4517613419676072,0.005651577693481227,0.0006459814157365185,0.0,0.005651577693481227,-0.0016012650339699563,0,0,0,1,0,1.0,0.2743362831858407,0.4520959867280876,0.16780535898473684,0.7597041339772577,0.5184447010735322,0.0,0.468358395989975,0.0777949998711919
1048,113,100.0,113,0,111,2,0,0.0,2.549139905563754,2.5258322817808554,11.728484001464976,2.0522580835752517,0.9238815903997161,1.9435757109916332,6.884955752212389,6.321882890351117,0.4469214041435936,0.20361745614030566,0.0018558062525809399,0.0,0.20361745614030566,0.00015901365920123478,0,0,0,2,0,0.0,0.2743362831858407,0.4426130675779632,0.169658508231786,0.746692551695628,0.5094380727337005,0.0,0.468358395989975,0.07761637585351457
1049,113,100.0,113,0,111,2,0,0.0,2.5344721205741814,2.512357053946591,9.94075806071775,2.049579347514243,0.9728787310668521,1.9518359983845393,6.884955752212389,6.321882890351117,0.43696012264467954,0.010057209055717867,0.0006086836566857721,0.0,0.010057209055717867,0.008596105858152736,0,0,0,2,0,1.0,0.26548672566371684,0.41017355124847804,0.18911618056769766,0.7695028064295932,0.49914226192987643,0.0,0.5037593984962406,0.07745836365020742
1050,112,99.11504424778761,113,1,111,1,0,0.008849557522123894,2.53814989247461,2.5095884581800947,9.238097039920595,2.0472492789572407,0.9730123093837953,1.9455288549786818,6.884955752212389,6.321882890351117,0.4367871299717616,0.30290095485618357,0.002161573560458546,0.5,0.29450100834805054,0.009212707931432251,0,1,0,1,0,0.0,0.26548672566371684,0.40155069035961055,0.20147510106985142,0.7378436782189305,0.49771298493041594,0.008849557522123894,0.5570175438596492,0.07740310040699025
1051,112,99.11504424778761,113,0,110,3,0,0.0,2.562812129606786,2.5337502724335983,10.190640207289096,2.04596915703377,0.9352055074039257,1.9153154990170507,6.884955752212389,6.321882890351117,0.44010554601953267,0.06305732513756117,0.0004971193408947705,0.0,0.06305732513756117,0.01793421664028409,0,0,0,3,0,0.6666666666666666,0.2920353982300885,0.4149142613476358,0.183623849046673,0.7433749935932158,0.5089612292197319,0.0,0.5216165413533835,0.07748594768822338
1052,112,99.11504424778761,113,0,111,2,0,0.0,2.569414826431859,2.540557168471899,10.101124722738662,2.045114222115962,0.9194509059105977,1.891301060281863,6.884955752212389,6.321882890351117,0.43982740339488346,0.00890807501304383,0.0004540908829945578,0.0,0.00890807501304383,-0.004224239891370329,0,0,0,2,0,1.0,0.2831858407079646,0.4128308400480232,0.18057011421914182,0.7293922071145473,0.5155778903917818,0.0,0.5216165413533835,0.07749193718020247
1053,112,99.11504424778761,113,0,111,2,0,0.0,2.5513298789622674,2.522700865968282,9.63715631146608,2.0434102515561863,0.9481166423147332,1.9095957071099932,6.884955752212389,6.321882890351117,0.43659550147720383,0.01730095249735676,0.0005898788137200283,0.0,0.01730095249735676,0.002063062396131965,0,0,0,2,0,1.0,0.26548672566371684,0.4051129324547333,0.19059930560293598,0.7378436782189305,0.5086847469858631,0.0,0.5570175438596492,0.07734765093121697
1054,110,97.34513274336283,113,2,110,1,0,0.017699115044247787,2.5649444911636397,2.5289171752748842,10.30000711567876,2.042490707483577,0.968271420682155,1.9399282276962202,6.884955752212389,6.321882890351117,0.43768779661240664,0.19461222514325605,0.0009589996296142982,0.0,0.19461222514325605,0.018870430160949025,0,2,0,1,0,0.3333333333333333,0.2743362831858407,0.41251487224672073,0.17768822989657554,0.743750801531497,0.49887499350940867,0.017699115044247787,0.5394736842105263,0.07738665774252607
1055,111,98.23008849557522,113,0,111,2,0,0.0,2.568030620756626,2.531174426750816,11.098158469610064,2.0413811433179236,0.9547815697495716,1.9457150844853603,6.884955752212389,6.321882890351117,0.4409132930412507,0.010156532949300053,0.0004912530430430512,0.0,0.010156532949300053,0.0014223879728747502,0,0,0,2,0,1.0,0.30973451327433627,0.42610583416805187,0.16727895027652145,0.7141737081744718,0.5008241221294112,0.0,0.5394736842105263,0.07736701571691805
1056,111,98.23008849557522,113,0,111,2,0,0.0,2.5708489457619255,2.5340946066014767,10.390937768100676,2.0404894127796935,0.9759591432059295,1.9463436564848942,6.884955752212389,6.321882890351117,0.4359982325402707,0.009581799708086387,0.0005249233400286378,0.0,0.009581799708086387,-0.001962270660693377,0,0,0,2,0,1.0,0.2743362831858407,0.4112913210517634,0.17909828791278928,0.7383002218047046,0.49308075565589504,0.0,0.5040726817042607,0.07735292026178234
1057,111,98.23008849557522,113,0,110,3,0,0.0,2.5992269192446207,2.561656659855309,11.271298087538094,2.0410480089848937,0.9444384747116652,1.9114050311320328,6.884955752212389,6.321882890351117,0.4386996558168401,0.006397169988763911,0.000475808040028107,0.0,0.006397169988763911,0.000618508057107355,0,0,0,3,0,1.0,0.2743362831858407,0.422117793632873,0.1718709185520548,0.7256612289149358,0.49609516551591737,0.0,0.468671679197995,0.07751246702815717
1058,111,98.23008849557522,113,0,110,3,0,0.0,2.5981245560680604,2.5605470127484034,10.982679846071742,2.041515170919696,0.95617812345402,1.9122328448565384,6.884955752212389,6.321882890351117,0.4420217820061174,0.007682225404386157,0.000491121036003923,0.0,0.007682225404386157,0.002685914033622764,0,0,0,3,0,1.0,0.3008849557522124,0.4217861390741636,0.1856351369457507,0.7225759098703819,0.4972927021100167,0.0,0.5040726817042607,0.07752172192748762
1059,113,100.0,113,0,111,2,0,0.0,2.63105325964633,2.5926616033138736,12.184584878828,2.0435769968690836,0.9316854468697128,1.923980516755496,6.884955752212389,6.321882890351117,0.44585143416117057,0.011297829890299168,0.0005251525939283766,0.0,0.011297829890299168,0.003507516912280184,0,0,0,2,0,1.0,0.30973451327433627,0.43702438721575493,0.1676120733460319,0.7091656837879929,0.5021497081265147,0.0,0.468671679197995,0.07775153855634054
1060,113,100.0,113,0,110,3,0,0.0,2.6269380682001833,2.5887213383073795,10.655217642926692,2.0453091974451243,0.9521518448627283,1.9078668707615194,6.884955752212389,6.321882890351117,0.4440224039895564,0.009299643839508666,0.0004658575691197219,0.0,0.009299643839508666,0.004694342057374734,0,0,0,3,0,1.0,0.26548672566371684,0.41769686073890067,0.19182787925626102,0.7238165181227579,0.5026936408877637,0.0,0.468671679197995,0.07778571644503145
1061,113,100.0,113,0,110,3,0,0.0,2.656784550505453,2.61802484377873,11.596005300251381,2.0484139169682543,0.9274173691357404,1.9016930638994691,6.884955752212389,6.321882890351117,0.44509049522374133,0.009512514706235712,0.00045629876723955965,0.0,0.009512514706235712,0.004523365075662126,0,0,0,3,0,1.0,0.2743362831858407,0.4268395820961861,0.1799356578023367,0.7292945608001685,0.5017367126386979,0.0,0.4649122807017544,0.07803308722272087
1062,113,100.0,113,0,110,3,0,0.0,2.6378996867377706,2.6002500643670334,10.842603483497772,2.050423399168318,0.927428826703204,1.8848692973776708,6.884955752212389,6.321882890351117,0.4419020492070074,0.043343072354870164,0.0004667181978309047,0.0,0.043343072354870164,0.019951772125367768,0,0,0,3,0,0.6666666666666666,0.2920353982300885,0.41690414620973054,0.18243770619778735,0.7087629950454511,0.5034369886836023,0.0,0.4649122807017544,0.0780021814595777
1063,113,100.0,113,0,108,5,0,0.0,2.650674817659276,2.6126759921068627,11.643994250548527,2.0529342863367925,0.9182547366625389,1.9048285014624635,6.884955752212389,6.321882890351117,0.44082400773090735,0.0062860439633743576,0.00042881983246189834,0.0,0.0062860439633743576,0.0029556973393822794,0,0,0,5,0,1.0,0.3008849557522124,0.42395212243559677,0.1690320550469583,0.7239568924202213,0.5019982552879941,0.0,0.4649122807017544,0.07814542478733513
1064,112,99.11504424778761,113,1,107,5,0,0.008849557522123894,2.6899685455926075,2.6498425767400544,12.738126153019516,2.0572224446561473,0.8775023800751361,1.8829982777837744,6.884955752212389,6.321882890351117,0.4462613017580488,0.05279664712189224,0.000487680365192281,0.0,0.05279664712189224,0.01271724907671771,0,1,0,5,0,0.6666666666666666,0.3008849557522124,0.43812750040834514,0.15407006433509657,0.7008352640044477,0.5151490235408177,0.008849557522123894,0.4649122807017544,0.07847743960055302
1065,112,99.11504424778761,113,0,108,5,0,0.0,2.6907970707138773,2.650661238853865,12.094399485390023,2.0612246103831846,0.8552777450947239,1.8522595808058666,6.884955752212389,6.321882890351117,0.44726608056809347,0.08946094781066921,0.0005031890004324754,0.0,0.08946094781066921,0.01936890130720088,0,0,0,5,0,0.4,0.2920353982300885,0.4340084321972508,0.16458906944218266,0.7373458195645881,0.5194831999775146,0.0,0.4649122807017544,0.0786080883413299
1066,112,99.11504424778761,113,0,108,5,0,0.0,2.699566272189601,2.6593357120551584,12.369813482771725,2.0654124759095933,0.8516027936803151,1.8525087859907214,6.884955752212389,6.321882890351117,0.4488714333400816,0.07410178938651979,0.00031739200374449863,0.0,0.07410178938651979,0.01851973947817238,0,0,0,5,0,0.6,0.2831858407079646,0.43812671972875583,0.16281060966689404,0.7232028700308488,0.5201202706992728,0.0,0.4649122807017544,0.078784310325801
1067,112,99.11504424778761,113,0,106,7,0,0.0,2.696157357688544,2.655808519581339,11.9681239809395,2.069157201499807,0.8443739759691633,1.8415397970402025,6.884955752212389,6.321882890351117,0.45160022887029716,0.03641365166250275,0.0004342449054168177,0.0,0.03641365166250275,0.0158113336615493,0,0,0,7,0,0.7142857142857143,0.3008849557522124,0.437891066249007,0.172551624867899,0.7374259894437694,0.5231114232117529,0.0,0.4649122807017544,0.07888563433648488
1068,112,99.11504424778761,113,0,107,6,0,0.0,2.719145458712722,2.6784880498561305,11.736783484749752,2.073812208598886,0.8130860942252609,1.804354949943839,6.884955752212389,6.321882890351117,0.45138863175510235,0.03925621989382556,0.00047656110123432384,0.0,0.03925621989382556,0.01680301212502124,0,0,0,6,0,0.6666666666666666,0.2920353982300885,0.43387611346947436,0.17603472795674815,0.7540032936946802,0.5258185293020323,0.0,0.468671679197995,0.0791477168902764
1069,112,99.11504424778761,113,1,109,3,0,0.008849557522123894,2.6815362374405947,2.6371624549883315,10.598049059559493,2.076326287216973,0.8637236247022853,1.782548439970647,6.884955752212389,6.321882890351117,0.4472062762599809,0.1370098896981292,0.0004334113110011336,0.0,0.1370098896981292,0.0317090566121041,0,1,0,3,0,0.75,0.3008849557522124,0.42029672737524587,0.19180356961859624,0.7518473235716441,0.5191337750631952,0.008849557522123894,0.4649122807017544,0.0790391393369192
1070,111,98.23008849557522,113,1,110,2,0,0.008849557522123894,2.675442116722226,2.6293533203897583,10.016527851265689,2.078150739914554,0.8682471661891741,1.7121394318525502,6.884955752212389,6.321882890351117,0.44582830891555547,0.1936452300884228,0.0015722706466014408,0.0,0.1936452300884228,-0.0008494621416094509,0,1,0,2,0,0.3333333333333333,0.30973451327433627,0.41419859326945857,0.2056480422195595,0.7469745140486019,0.5175682334527186,0.008849557522123894,0.4649122807017544,0.0790663386147928
1071,111,98.23008849557522,113,0,111,2,0,0.0,2.7018718671383666,2.6556771130569032,9.355266589635661,2.081083521478843,0.8756120931843642,1.7420216660064338,6.884955752212389,6.321882890351117,0.44478080854642466,0.07825095816100842,0.0010850998889225744,0.0,0.07825095816100842,-0.009669301866329305,0,0,0,2,0,0.5,0.30973451327433627,0.4027644129536288,0.2260307607093421,0.7384982855094326,0.5120564298292153,0.0,0.4649122807017544,0.07929119087483558
1072,111,98.23008849557522,113,0,111,2,0,0.0,2.6746352518939607,2.629425166713661,8.455870676171122,2.0825032021838012,0.900195626001007,1.7308435553850852,6.884955752212389,6.321882890351117,0.4422372529912988,0.13651628020249082,0.001302369694413798,0.0,0.13651628020249082,-0.00510422733386523,0,0,0,2,0,0.5,0.2920353982300885,0.39111535601056285,0.2442434495883605,0.6838491959255086,0.5046014851111604,0.0,0.4649122807017544,0.07919988307440574
1073,110,97.34513274336283,113,1,110,2,0,0.008849557522123894,2.68177629889515,2.6380999474919693,8.668612317237585,2.084232132956308,0.8880768055224818,1.7631108817948924,6.884955752212389,6.321882890351117,0.43876666764104066,0.05969185634840149,0.0008028869643176704,0.0,0.05969185634840149,-0.00010680666314732967,0,1,0,2,0,0.6666666666666666,0.2831858407079646,0.38976251624751357,0.22891166767700757,0.7154513713980745,0.5105569369723707,0.008849557522123894,0.4649122807017544,0.07929023879875824
1074,111,98.23008849557522,113,0,109,4,0,0.0,2.673471319409027,2.629940312932163,8.27968974607004,2.085478815683507,0.9353118173669657,1.799867366611768,6.884955752212389,6.321882890351117,0.43517808858868245,0.023031870015149045,0.0001954219537939706,0.0,0.023031870015149045,0.028093705316791492,0,0,0,4,0,0.75,0.2743362831858407,0.3795567356024977,0.2314230489033615,0.7090225604504212,0.5071637988704816,0.0,0.468671679197995,0.0792881208123415
1075,112,99.11504424778761,113,0,108,5,0,0.0,2.681180171675908,2.6378157085462304,8.360170308201564,2.087044983218977,0.9342845587383736,1.803514609373491,6.884955752212389,6.321882890351117,0.4335220035368357,0.0204691046404088,0.000325459546867507,0.0,0.0204691046404088,0.02402449953630591,0,0,0,5,0,0.8,0.26548672566371684,0.3771629891108015,0.22313504700424236,0.7090225604504212,0.5123374627022484,0.0,0.468671679197995,0.07937617071240548
1076,112,99.11504424778761,113,0,109,4,0,0.0,2.6980605652957994,2.653348875652456,9.511828917741914,2.0892977303838824,0.8964310571141443,1.8062098138179818,6.884955752212389,6.321882890351117,0.4391339538503076,0.027475674564447765,0.0003185299569799681,0.0,0.027475674564447765,0.03203555024332998,0,0,0,4,0,0.75,0.26548672566371684,0.397067051957396,0.20564819964304715,0.7388384583058011,0.5134941140853239,0.0,0.4649122807017544,0.07953178069929544
1077,112,99.11504424778761,113,0,110,3,0,0.0,2.690678047978977,2.64647745951012,8.35029002411452,2.091060539206065,0.9028430817642286,1.7853470966225646,6.884955752212389,6.321882890351117,0.436249812243789,0.01015875280142574,0.0006028754382358732,0.0,0.01015875280142574,0.014767212802621518,0,0,0,3,0,1.0,0.26548672566371684,0.38087426124725343,0.23750032939659987,0.7388384583058011,0.5103915941542333,0.0,0.468671679197995,0.0795505894673709
1078,113,100.0,113,0,107,6,0,0.0,2.7069943809652113,2.661927546146874,8.75270105127842,2.093493294425835,0.8885681072001465,1.7732350431951038,6.884955752212389,6.321882890351117,0.4402714834732795,0.03514294248658178,0.0004142366064025655,0.0,0.03514294248658178,0.02620998609386278,0,0,0,6,0,0.6666666666666666,0.2743362831858407,0.38913813811106246,0.23496918536422678,0.7388384583058011,0.5108488592383374,0.0,0.468671679197995,0.07970906910030345
1079,113,100.0,113,0,109,4,0,0.0,2.7126676308353277,2.667878241613248,8.228526902589694,2.0960732105084383,0.8993182519865296,1.7829363754131007,6.884955752212389,6.321882890351117,0.4365027833192052,0.05082321382167003,0.00012493473213543715,0.0,0.05082321382167003,0.04040424135987776,0,0,0,4,0,0.5,0.26548672566371684,0.3779281266085956,0.24922363380531243,0.7510039715211579,0.5050896580772248,0.0,0.468671679197995,0.0798189849863598
1080,112,99.11504424778761,113,1,108,4,0,0.008849557522123894,2.7476071700063125,2.702115193597259,8.927411654098513,2.1001849461830098,0.8694203722005713,1.770065696362924,6.884955752212389,6.321882890351117,0.4425240158866519,0.058548120446075325,0.00026301173974979154,0.0,0.058548120446075325,0.04995602484072943,0,1,0,4,0,0.4,0.26548672566371684,0.39177374505516693,0.2426328925869831,0.7600359525042903,0.5076963635933173,0.008849557522123894,0.468671679197995,0.08012365223926833
1081,112,99.11504424778761,113,0,108,5,0,0.0,2.735713588951467,2.6912241392674328,8.254813063558053,2.1035225441256133,0.8937321818397884,1.7761022782626388,6.884955752212389,6.321882890351117,0.4405482182926068,0.022812637390037915,0.00042499252361369864,0.0,0.022812637390037915,0.01713722868495755,0,0,0,5,0,0.6,0.2920353982300885,0.38078602017283675,0.25549034920187064,0.7374259894437694,0.5059024275308338,0.0,0.4649122807017544,0.08016968385063517
1082,112,99.11504424778761,113,0,107,6,0,0.0,2.714986239911736,2.671193108474079,8.151288344851839,2.105636072388147,0.9307152615611848,1.8315600739522746,6.884955752212389,6.321882890351117,0.4353662282026154,0.01863609067203343,0.000958182709361434,0.0,0.01863609067203343,0.004816486457391911,0,0,0,6,0,0.8333333333333334,0.2920353982300885,0.37481152852811106,0.2536052386302449,0.7232028700308488,0.4999230416891107,0.0,0.4649122807017544,0.08013285449624244
1083,112,99.11504424778761,113,0,108,5,0,0.0,2.741573689211911,2.697040715547667,8.343680614862757,2.1089232302283882,0.881639288549595,1.8052447279509878,6.884955752212389,6.321882890351117,0.438584580919005,0.006953714752576846,0.0010008228542031873,0.0,0.006953714752576846,0.004305588379701719,0,0,0,5,0,1.0,0.3274336283185841,0.3794832024980921,0.2558906981181143,0.7550639101392644,0.5041107771989415,0.0,0.4649122807017544,0.08036969687728385
1084,112,99.11504424778761,113,0,106,7,0,0.0,2.7331283295951567,2.689013064802233,8.169960988349406,2.1115965788563704,0.8797224311790491,1.7967762828895788,6.884955752212389,6.321882890351117,0.4392775849069743,0.014927887929418737,0.0008081998748094791,0.0,0.014927887929418737,0.011349761098007363,0,0,0,7,0,1.0,0.3274336283185841,0.37861145489458226,0.25542902616147745,0.7515497126714382,0.5081276578211548,0.0,0.4649122807017544,0.080411973063956
1085,111,98.23008849557522,113,2,106,5,0,0.017699115044247787,2.7191817684837636,2.6960907927767237,8.297290456193032,2.113428035552769,0.9080876299089119,1.8327308914864617,6.884955752212389,6.321882890351117,0.43522701003728015,0.07822152460944594,0.001093416463673397,0.0,0.07822152460944594,0.002511252090552537,0,2,0,5,0,0.5714285714285714,0.3008849557522124,0.37609422054920666,0.25064959100654516,0.7440934999068269,0.49991687015903463,0.017699115044247787,0.4470551378446115,0.08040013153216594
1086,111,98.23008849557522,113,0,107,6,0,0.0,2.6933799146057598,2.6713334675668694,7.140886996665068,2.1149224489175413,0.946125549810025,1.8388964356213098,6.884955752212389,6.321882890351117,0.4298990271034264,0.033443435196804365,0.0008387967778462998,0.0,0.033443435196804365,0.00391426664718673,0,0,0,6,0,0.8333333333333334,0.30973451327433627,0.3565833889299561,0.2786363975634827,0.7396382231853941,0.4947023333112294,0.0,0.41165413533834583,0.08031835979418524
1087,111,98.23008849557522,113,0,109,4,0,0.0,2.699648738906709,2.6776774723175043,7.358716948306558,2.1166432356602103,0.9482863436629488,1.8499056065923225,6.884955752212389,6.321882890351117,0.43241373408728,0.06567984895871742,0.0008953960718260047,0.0,0.06567984895871742,0.0038653212621181654,0,0,0,4,0,0.75,0.3008849557522124,0.3612678172158349,0.2745247013919223,0.7257629958735676,0.4965161439161602,0.0,0.4470551378446115,0.08040409697702211
1088,111,98.23008849557522,113,0,109,4,0,0.0,2.753017048673201,2.730448543323044,8.519518217713072,2.1209241365273774,0.8816056622329884,1.8004058597636492,6.884955752212389,6.321882890351117,0.4386564401871422,0.06502489549560174,0.0008136755187744995,0.0,0.06502489549560174,0.0006948380116899577,0,0,0,4,0,0.75,0.3185840707964602,0.3801110274801062,0.24161034413152124,0.737443822377948,0.5129032787602922,0.0,0.4470551378446115,0.08080625529559173
1089,110,97.34513274336283,113,1,107,5,0,0.008849557522123894,2.752447123967102,2.73470390818981,8.116417267611382,2.124924656425913,0.874819246246834,1.7869495585696742,6.884955752212389,6.321882890351117,0.4406899360059475,0.0935390712686051,0.0007390083098400925,0.0,0.0935390712686051,0.010852213580977321,0,1,0,5,0,0.5,0.3008849557522124,0.3780774493482989,0.262916498301608,0.7515403124388973,0.5129575536328025,0.008849557522123894,0.45050125313283207,0.08092985976355654
1090,112,99.11504424778761,113,0,108,5,0,0.0,2.7477152019800215,2.729504369549396,8.307065078952137,2.1286342639224145,0.8880091195578927,1.7997444978135742,6.884955752212389,6.321882890351117,0.4421055207045512,0.05509229035006537,0.0009609222633295365,0.0,0.05509229035006537,0.012461209444772603,0,0,0,5,0,0.6,0.3185840707964602,0.3832735409887115,0.25977149202636546,0.7313561895078379,0.5108042298933523,0.0,0.45050125313283207,0.08102345867443139
1091,112,99.11504424778761,113,0,107,6,0,0.0,2.7364273424342254,2.7189287705576133,7.8502177840789304,2.1315744927907248,0.8803461375807641,1.7835059497427634,6.884955752212389,6.321882890351117,0.4411273005180003,0.10434759701879458,0.0009362197712767095,0.0,0.10434759701879458,0.009957632595717636,0,0,0,6,0,0.5,0.3008849557522124,0.3770152716927869,0.27128866076973784,0.7475743551121941,0.5133486224703288,0.0,0.4470551378446115,0.08105995828958384
1092,112,99.11504424778761,113,0,108,5,0,0.0,2.7441155079685733,2.7257824016857737,8.430688043541824,2.134675466660199,0.8656948417428223,1.7645647224674488,6.884955752212389,6.321882890351117,0.44590119829383057,0.08835256861064905,0.0009963797570269513,0.0,0.08835256861064905,0.015072139244919791,0,0,0,5,0,0.4,0.30973451327433627,0.39055394717254055,0.2668598678885263,0.7639105328882199,0.5182301131877683,0.0,0.45050125313283207,0.08119641908549986
1093,112,99.11504424778761,113,0,109,4,0,0.0,2.737119593500363,2.7190993407935227,8.250474028787385,2.1372424043667055,0.8823296761363912,1.77409748971596,6.884955752212389,6.321882890351117,0.4439638549215297,0.06972413140761308,0.0009556778524936249,0.0,0.06972413140761308,0.009488228051565725,0,0,0,4,0,0.5,0.3008849557522124,0.38603174653509925,0.26333345541323777,0.7680580266864268,0.5179270148710085,0.0,0.45050125313283207,0.08124257891099562
1094,112,99.11504424778761,113,1,107,5,0,0.008849557522123894,2.7098583495715958,2.6958286285254647,7.768177712699661,2.1382938642809752,0.9214091762244785,1.8038487176898212,6.884955752212389,6.321882890351117,0.4397918037681863,0.06126504584625208,0.001201615003792964,0.0,0.06126504584625208,0.002214839054967425,0,1,0,5,0,0.5,0.3008849557522124,0.3761332866510312,0.2669225525454815,0.7790728837065062,0.5179718949407041,0.008849557522123894,0.46835839598997486,0.08113950872356133
1095,111,98.23008849557522,113,1,108,4,0,0.008849557522123894,2.718683918384951,2.7184179372887347,7.578998655252607,2.1399296845240703,0.9176345460924766,1.7881007003523917,6.884955752212389,6.321882890351117,0.43608815769872455,0.08809958317774758,0.0007419550721398942,0.0,0.08809958317774758,0.02398995449375297,0,1,0,4,0,0.4,0.2831858407079646,0.3682370693138456,0.2717452617074175,0.7870180394485922,0.5172163605586382,0.008849557522123894,0.4859022556390977,0.08123534388766067
1096,109,96.46017699115045,113,2,107,4,0,0.017699115044247787,2.724845491692493,2.71675233857116,7.279530943043918,2.1424254923293664,0.9432465860067458,1.813406315652442,6.884955752212389,6.321882890351117,0.43437487128779284,0.18323202918558076,0.0007997620624653885,0.16666666666666666,0.11832686769118261,0.029465844605528813,0,2,0,4,0,0.5,0.2831858407079646,0.36231709102479936,0.2759272098077418,0.7789730301066795,0.5061673073361769,0.017699115044247787,0.4859022556390977,0.08134504277750791
1097,109,96.46017699115045,113,0,109,4,0,0.0,2.720347549501151,2.7119638465782296,7.350300928105773,2.144141604418745,0.905691389447691,1.7866302199213426,6.884955752212389,6.321882890351117,0.43330934108819896,0.18900535094456736,0.0012300649137051386,0.0,0.18900535094456736,0.0027515912129614795,0,0,0,4,0,0.5,0.2831858407079646,0.362670858566678,0.27205551290252394,0.7845144932272189,0.5065907698921889,0.0,0.4859022556390977,0.08137679836483004
1098,109,96.46017699115045,113,0,109,4,0,0.0,2.7326836444800082,2.7246917990712687,7.126786600990981,2.1463929429123265,0.911988945937471,1.7992177209831648,6.884955752212389,6.321882890351117,0.4289651916587611,0.029757423573835137,0.0007849475499068364,0.0,0.029757423573835137,-0.0057338362290692835,0,0,0,4,0,0.75,0.2743362831858407,0.3534939606379547,0.2738931389327242,0.7666389473117518,0.5047748486252759,0.0,0.5213032581453634,0.08150964233123914
1099,110,97.34513274336283,113,0,109,4,0,0.0,2.710803404574425,2.7030984561248483,6.78600677271947,2.1474098697403297,0.9212532038179079,1.7976730185130911,6.884955752212389,6.321882890351117,0.4279418533467281,0.20980005876697538,0.0020650642856620523,0.25,0.10871085515185197,0.0015789325161520706,0,0,0,4,0,0.5,0.30973451327433627,0.3483608855924734,0.2754844948696709,0.7577092341060458,0.5072241786726861,0.0,0.5213032581453634,0.08143238559328468
1100,110,97.34513274336283,113,1,106,6,0,0.008849557522123894,2.7225514520977523,2.705499363565223,6.382108534814684,2.1489583237639103,0.9528525414551208,1.8107950534642498,6.884955752212389,6.321882890351117,0.42541952811079575,0.18730564333865124,0.0018654180527949398,0.14285714285714285,0.13626206850633993,0.014345306311001964,0,1,0,6,0,0.5714285714285714,0.30973451327433627,0.339146154898083,0.29775567004568276,0.7407121313367869,0.49270040185923025,0.008849557522123894,0.5391604010025062,0.08154007155589217
1101,111,98.23008849557522,113,1,109,3,0,0.008849557522123894,2.717829284673475,2.694487687609663,5.677288620144766,2.1497198058583757,1.0223236707922199,1.8604922619455488,6.884955752212389,6.321882890351117,0.42211363827686865,0.21919917338748546,0.0019495735405338453,0.25,0.057768753310987124,0.007240438466568022,0,1,0,3,0,0.5,0.2920353982300885,0.3251525238536557,0.33068084466769304,0.7232778771042708,0.4817510982099367,0.008849557522123894,0.5570175438596491,0.08154053072189234
1102,110,97.34513274336283,113,1,109,3,0,0.008849557522123894,2.7092043235847023,2.674994632225945,5.309122334152854,2.1496676302693944,1.030222826361799,1.8570668199511868,6.884955752212389,6.321882890351117,0.4231228369661493,0.16904366639693957,0.0017680180659340563,0.25,0.0836806496937419,0.018502319567108405,0,1,0,3,0,0.75,0.2831858407079646,0.3218689494520984,0.35816875626435457,0.7381928101561017,0.4780594331472522,0.008849557522123894,0.5216165413533834,0.08149575667663209
1103,110,97.34513274336283,113,0,109,4,0,0.0,2.680069788888937,2.6466583836646493,4.941514059749503,2.147623074970328,1.0451380252170333,1.8481091984560112,6.884955752212389,6.321882890351117,0.4175518238007445,0.04108360801166127,0.0006558040903283882,0.0,0.04108360801166127,0.0010589633483750194,0,0,0,4,0,0.75,0.3274336283185841,0.31194876985466063,0.361846301765528,0.7302695106183918,0.4751077255595319,0.0,0.5216165413533834,0.08128545680733554
1104,110,97.34513274336283,113,0,109,4,0,0.0,2.6865639784122943,2.6533454927654763,5.138643337683353,2.146045975027781,1.006994642835737,1.8362937113426907,6.884955752212389,6.321882890351117,0.41894600347082633,0.04669704473617621,0.0009902393952273007,0.0,0.04669704473617621,-0.00563932302503059,0,0,0,4,0,0.75,0.2831858407079646,0.31611033953226875,0.34606681078334556,0.7412367780548735,0.48279040312758753,0.0,0.5216165413533834,0.08126807654923654
1105,111,98.23008849557522,113,0,108,5,0,0.0,2.6677241372906075,2.6354980201844262,4.757216217665622,2.143665940444296,1.0330306150471609,1.8225318869238905,6.884955752212389,6.321882890351117,0.4126037597505743,0.033024343254937014,0.0009027982130869555,0.0,0.033024343254937014,-0.0046781141121574835,0,0,0,5,0,0.8,0.2920353982300885,0.30419737760120147,0.3631405023077716,0.7572861510308071,0.47582314872636566,0.0,0.5216165413533834,0.08109864584406921
1106,112,99.11504424778761,113,0,108,5,0,0.0,2.6713470209448626,2.639514315920737,4.921014589626707,2.141639493270313,1.006762333992742,1.8007413190079735,6.884955752212389,6.321882890351117,0.4139494023169541,0.03254848846228262,0.0008362017748389939,0.0,0.03254848846228262,0.012514804232558529,0,0,0,5,0,0.8,0.3274336283185841,0.30827697563057455,0.34382751314811927,0.768224888040945,0.4859775523930528,0.0,0.5216165413533834,0.08105270545375345
1107,113,100.0,113,0,109,4,0,0.0,2.640974697073895,2.6099401850032353,4.5022255386710475,2.1382454421755495,1.0382341037915876,1.7573932054666976,6.884955752212389,6.321882890351117,0.40877746402010406,0.002451119814555465,0.0007449188621536683,0.0,0.002451119814555465,-0.012376923704810194,0,0,0,4,0,1.0,0.3185840707964602,0.2975074090839561,0.35642972765947234,0.7743655623468086,0.48212855783021363,0.0,0.48621553884711777,0.0807935598666738
1108,113,100.0,113,0,107,6,0,0.0,2.632732701724565,2.6014398201611977,4.476080405674006,2.134636052527781,1.0254319953055988,1.7533864804614003,6.884955752212389,6.321882890351117,0.408217466047025,0.0254119258888803,0.0006878501671523308,0.0,0.0254119258888803,0.006243472089023557,0,0,0,6,0,0.8333333333333334,0.3008849557522124,0.29703142867954463,0.35660708623576365,0.7743655623468086,0.4825857358117455,0.0,0.48621553884711777,0.08063825919663298
1109,113,100.0,113,0,108,5,0,0.0,2.6380729910024425,2.606430979748092,4.767637601963753,2.131507272477766,1.0173541063059763,1.8070500341694955,6.884955752212389,6.321882890351117,0.4082557799019588,0.03138312355167909,0.0009292956341077699,0.0,0.03138312355167909,-0.0035343676600856576,0,0,0,5,0,0.8,0.3008849557522124,0.30173244070628236,0.33290458369197673,0.7760166491515111,0.48316349537079234,0.0,0.4649122807017544,0.08056606173769305
1110,113,100.0,113,0,106,7,0,0.0,2.6236930187425287,2.5918214343087187,4.736352381940861,2.127837411555617,1.0248584980470712,1.8165758169733996,6.884955752212389,6.321882890351117,0.4079946945092061,0.025407274762919263,0.0007923828446495341,0.0,0.025407274762919263,0.003652522388048331,0,0,0,7,0,0.8571428571428571,0.3008849557522124,0.30206223431277057,0.3359013894293409,0.7760166491515111,0.47984802838510776,0.0,0.4649122807017544,0.08037815972152497
1111,113,100.0,113,0,108,5,0,0.0,2.65483491444996,2.622423371386522,4.857762998588063,2.125947249842595,1.0168573508971237,1.810319000614014,6.884955752212389,6.321882890351117,0.41003663537758417,0.04484318977575313,0.0006154215064262134,0.0,0.04484318977575313,0.004469524391206891,0,0,0,5,0,0.8,0.2831858407079646,0.30430506008435537,0.3380217177702099,0.7546085704745297,0.4806144566208075,0.0,0.4649122807017544,0.08047412229509437
1112,113,100.0,113,0,108,5,0,0.0,2.660551490325387,2.627917018921888,5.288910192617877,2.124454423510385,0.957392422281014,1.6985488094253811,6.884955752212389,6.321882890351117,0.41462596999049817,0.04520526705328588,0.0007204803156500795,0.0,0.04520526705328588,0.009465368545632647,0,0,0,5,0,0.8,0.2920353982300885,0.3154321499979941,0.31198255768602307,0.7546085704745297,0.49230164863836406,0.0,0.4649122807017544,0.08045551780823218
1113,112,99.11504424778761,113,1,107,5,0,0.008849557522123894,2.655205120704661,2.6241839114949235,5.383096716472907,2.1227980197517797,0.960015400533886,1.7290750225425544,6.884955752212389,6.321882890351117,0.41504590128670915,0.03554739533536725,0.0009896935678682939,0.0,0.03554739533536725,0.007359682538527497,0,1,0,5,0,0.8333333333333334,0.3008849557522124,0.3179610826404742,0.30347044506345183,0.7439280181481374,0.494139385042277,0.008849557522123894,0.4649122807017544,0.08037642800722336
1114,112,99.11504424778761,113,0,105,8,0,0.0,2.6396699248206055,2.6093524530852537,5.082033182867739,2.120565379968823,0.9639074459423871,1.7067069464871678,6.884955752212389,6.321882890351117,0.4111504167851978,0.04471792369520099,0.0010914208515461175,0.0,0.04471792369520099,0.0022516871301377916,0,0,0,8,0,0.75,0.3185840707964602,0.3105397263062598,0.3156266654682825,0.7524073952930564,0.4916575121184608,0.0,0.48621553884711777,0.08022817959158213
1115,112,99.11504424778761,113,0,106,7,0,0.0,2.6396831960187823,2.610077238171642,4.99375505795248,2.118510541109803,0.949093229934876,1.6281300789143838,6.884955752212389,6.321882890351117,0.4106214635320218,0.07931173503671796,0.0008057072191180521,0.0,0.07931173503671796,0.00615987362417176,0,0,0,7,0,0.7142857142857143,0.30973451327433627,0.3084526263758864,0.31821557686512564,0.7607680347787709,0.49358904145044286,0.0,0.4649122807017544,0.08016329369444666
1116,111,98.23008849557522,113,1,106,6,0,0.008849557522123894,2.686517594082633,2.6566552821555542,5.184099960646341,2.118949927823421,0.9190700421553449,1.591247399904644,6.884955752212389,6.321882890351117,0.41246330051121194,0.028982700029686233,0.0009393870520566792,0.0,0.028982700029686233,-0.0007030808967837889,0,1,0,6,0,0.8571428571428571,0.3185840707964602,0.3095970043995079,0.31202776174904684,0.7977880476696557,0.5047830199260052,0.008849557522123894,0.4649122807017544,0.08041135444150126
1117,111,98.23008849557522,113,0,107,6,0,0.0,2.7038033676269166,2.673143730883244,5.298130507010665,2.120186807807005,0.9340025416945047,1.651537831292369,6.884955752212389,6.321882890351117,0.41299718657179985,0.004341410426505516,0.0008468797036152165,0.0,0.004341410426505516,0.002765730973614248,0,0,0,6,0,1.0,0.2920353982300885,0.31060755512147104,0.32128229866479047,0.7817832423325116,0.500079619059733,0.0,0.468671679197995,0.08053688036125088
1118,111,98.23008849557522,113,1,107,5,0,0.008849557522123894,2.7052105090865637,2.6701422884771184,5.324615137957436,2.121406472531562,0.973812447263441,1.6397676630344464,6.884955752212389,6.321882890351117,0.4098269395078096,0.03071638395728207,0.00088431877672353,0.0,0.03071638395728207,0.008775372087128456,0,1,0,5,0,0.8333333333333334,0.2831858407079646,0.3083281683447382,0.32015311953462083,0.7690328395689165,0.4950898290749407,0.008849557522123894,0.468671679197995,0.0805824689563198
1119,111,98.23008849557522,113,0,107,6,0,0.0,2.6958459770697236,2.661063699520943,5.109891990223853,2.121877104286875,1.0006870578922307,1.6856499647436685,6.884955752212389,6.321882890351117,0.40466345350451505,0.06772919936480648,0.0007156295777069111,0.0,0.06772919936480648,-0.0009077605791100729,0,0,0,6,0,0.6666666666666666,0.2743362831858407,0.30096065894209856,0.3151878170434897,0.7772168305166742,0.49046939447152976,0.0,0.43327067669172936,0.08055052269044347
1120,111,98.23008849557522,113,0,106,7,0,0.0,2.7024000752600648,2.667480102872873,5.227820599367858,2.122642493258318,0.9815742947671546,1.6543490486721864,6.884955752212389,6.321882890351117,0.4064341328082093,0.09234582503299885,0.0006735145044667517,0.0,0.09234582503299885,0.0076438919249177196,0,0,0,7,0,0.42857142857142855,0.2920353982300885,0.3037469532409394,0.3189378693781128,0.7882853859405963,0.49211602242544117,0.0,0.468671679197995,0.08060748667861031
1121,111,98.23008849557522,113,1,106,5,1,0.008849557522123894,2.6927917470824547,2.665656998829654,4.954353981550402,2.122887007870832,1.0328227336347608,1.6924220273009887,6.884955752212389,6.321882890351117,0.40462680559611774,0.11061244673513973,0.000887858347603856,0.0,0.11061244673513973,0.0033142042116436183,0,2,0,5,0,0.42857142857142855,0.30973451327433627,0.2978648212282372,0.33575949373653274,0.7776744201254999,0.4862822191848949,0.008849557522123894,0.4508145363408521,0.08056717400144872
1122,111,98.23008849557522,113,0,107,6,0,0.0,2.7361809394273244,2.708477183609904,5.262709903848643,2.1256619818665174,1.0004340658220028,1.6254461704319967,6.884955752212389,6.321882890351117,0.40855500676324197,0.05277126977835255,0.0011117080063960526,0.0,0.05277126977835255,0.0010229046421374455,0,0,0,6,0,0.6666666666666666,0.2743362831858407,0.3039041680885374,0.32345031698216736,0.7798495914034391,0.49231738511416273,0.0,0.42951127819548873,0.08087183526629554
1123,112,99.11504424778761,113,0,107,6,0,0.0,2.7398479745935784,2.7123674107499918,5.262252034761179,2.12845827373913,0.9818744402171091,1.6408463031775518,6.884955752212389,6.321882890351117,0.40893649000842425,0.03622685555370961,0.0007619112800654028,0.0,0.03622685555370961,0.0003895820040668944,0,0,0,6,0,0.8333333333333334,0.2831858407079646,0.3036269155039208,0.32936800188967635,0.7798495914034391,0.4928726939671855,0.0,0.42951127819548873,0.0809785595908563
1124,111,98.23008849557522,113,1,108,4,0,0.008849557522123894,2.7386811606284556,2.708263095719167,5.363088231302536,2.131017747618393,0.9987652142412018,1.6279260569108693,6.884955752212389,6.321882890351117,0.40797258909946565,0.20716272696677893,0.0013246678536752118,0.2,0.06897807757596662,0.005319972229971515,0,1,0,4,0,0.6,0.2831858407079646,0.3047100019670224,0.3224507662206011,0.7411114756430839,0.4946307593011013,0.008849557522123894,0.5216165413533834,0.08105362899165874
1125,111,98.23008849557522,113,0,109,4,0,0.0,2.7084812529793676,2.678833970447215,5.2127119419832235,2.131779498392253,1.0150453324582867,1.6934649399036534,6.884955752212389,6.321882890351117,0.405844503050949,0.00727607345120415,0.0008589819156557364,0.0,0.00727607345120415,-0.004308236671682092,0,0,0,4,0,1.0,0.3008849557522124,0.30197278374862824,0.312219516246324,0.762282949347232,0.4961529202568672,0.0,0.4508145363408521,0.0809267079493332
1126,112,99.11504424778761,113,0,108,5,0,0.0,2.7183421295201455,2.68852244761302,5.485514909122107,2.1329830875184976,0.9968042874073697,1.6744320320974089,6.884955752212389,6.321882890351117,0.4093034881596167,0.047766527878690485,0.0008921882649263618,0.0,0.047766527878690485,0.002538376760317962,0,0,0,5,0,0.8,0.30973451327433627,0.30935709030775566,0.3045626145431918,0.7466431776175106,0.5039607312678277,0.0,0.4649122807017544,0.08101405707955818
1127,112,99.11504424778761,113,0,108,5,0,0.0,2.7245493892941384,2.694488738166748,5.8766309599052065,2.1344123326710633,0.9708664601630139,1.67649114171986,6.884955752212389,6.321882890351117,0.41246788656094924,0.00818142283104504,0.0009610046122685095,0.0,0.00818142283104504,8.837205060214792e-05,0,0,0,5,0,1.0,0.30973451327433627,0.3187275280142235,0.2902805858416157,0.7734287091957883,0.5084069616912135,0.0,0.4508145363408521,0.08109027098080876
1128,112,99.11504424778761,113,0,109,4,0,0.0,2.723101853987489,2.692861422509019,5.442361494503818,2.1356689210267583,1.0033890168947435,1.7354786728117588,6.884955752212389,6.321882890351117,0.4105556751440751,0.029667597138636415,0.0008087434015773805,0.0,0.029667597138636415,-0.003632678818336982,0,0,0,4,0,0.75,0.26548672566371684,0.3094624509604279,0.3130678766763786,0.758076150678946,0.5007872172519711,0.0,0.48621553884711777,0.08112275332640592
1129,113,100.0,113,0,107,6,0,0.0,2.717749691405644,2.687705732815246,5.293394422562521,2.1365853200064877,1.014764376664486,1.6945140149019486,6.884955752212389,6.321882890351117,0.40958299880424587,0.05476189431244719,0.0010250979320366234,0.0,0.05476189431244719,0.0070366689174993224,0,0,0,6,0,0.5,0.3008849557522124,0.3056866594519701,0.3208433983968985,0.7503896145121982,0.5020127710042512,0.0,0.42951127819548873,0.08112495934865012
1130,113,100.0,113,0,108,5,0,0.0,2.7323643014164083,2.7018757154435797,5.42267493424559,2.1381604330817874,1.0024024644356386,1.6544781731746319,6.884955752212389,6.321882890351117,0.4116521983789794,0.060377924626181065,0.0011705858550144423,0.0,0.060377924626181065,0.007615843430285585,0,0,0,5,0,0.6,0.26548672566371684,0.309048590145905,0.31583121586678103,0.7394688315419652,0.5056962946964481,0.0,0.4649122807017544,0.08124782080070948
1131,112,99.11504424778761,113,1,108,4,0,0.008849557522123894,2.72295942931436,2.695280615683114,5.5075188672085424,2.1391634614557256,1.011949515387588,1.662908513864581,6.884955752212389,6.321882890351117,0.41117052475392946,0.10977888232769084,0.0012869218495019728,0.0,0.10977888232769084,0.0019695493521756148,0,1,0,4,0,0.6,0.2831858407079646,0.31018379960396975,0.3146320701017744,0.7486617051158896,0.5053333928969076,0.008849557522123894,0.46491228070175433,0.0812325015797779
1132,112,99.11504424778761,113,0,109,4,0,0.0,2.7420656740831006,2.7134757882854323,5.62221245672169,2.1411622618640624,1.0197502802363245,1.6857455059889916,6.884955752212389,6.321882890351117,0.414830033940526,0.020921207980945412,0.0009500518620929694,0.0,0.020921207980945412,0.000528114790071893,0,0,0,4,0,1.0,0.2920353982300885,0.3145337293788963,0.3243706135663968,0.7470821972000709,0.5061885821580251,0.0,0.4508145363408521,0.08139121371413507
1133,112,99.11504424778761,113,0,108,5,0,0.0,2.7698412559233674,2.7411584647595006,6.238370564596055,2.144434753561457,0.9919518224559978,1.6447500410388447,6.884955752212389,6.321882890351117,0.41950844052901215,0.09236905800152344,0.001207937363099458,0.0,0.09236905800152344,0.005564370193117796,0,0,0,5,0,0.8,0.3008849557522124,0.32652175831176783,0.3002491386808351,0.7844120276901697,0.519295099670026,0.0,0.4508145363408521,0.08163353316968928
1134,112,99.11504424778761,113,0,108,5,0,0.0,2.7763716982647115,2.747273584529345,6.283236914124798,2.1478096347345095,0.9808996843923835,1.6509991172410976,6.884955752212389,6.321882890351117,0.42008486623143004,0.07103750968385394,0.0010730558376582035,0.0,0.07103750968385394,0.003521000003000596,0,0,0,5,0,0.4,0.30973451327433627,0.32799865470283424,0.29814763439865083,0.7680857741646435,0.5226315912928884,0.0,0.4508145363408521,0.08177286339912046
1135,111,98.23008849557522,113,1,108,4,0,0.008849557522123894,2.808293313134139,2.7757859814691153,6.974674191467765,2.152554283145518,0.9606636565230142,1.6455665670725956,6.884955752212389,6.321882890351117,0.4278927330969615,0.2743516093748525,0.0014867259261524724,0.2,0.10606495039970545,0.01977334874824894,0,1,0,4,0,0.2,0.2920353982300885,0.34420224101480784,0.2788646363080055,0.74878759900352,0.5315812655326384,0.008849557522123894,0.4649122807017544,0.08208244703151901
1136,112,99.11504424778761,113,0,106,7,0,0.0,2.792877598640949,2.760801724164755,6.661673118316323,2.1561000436830136,0.9554061806551001,1.6174794735622078,6.884955752212389,6.321882890351117,0.4260828177917586,0.05873659591168666,0.0008272906942322836,0.0,0.05873659591168666,0.008344470348827555,0,0,0,7,0,0.8571428571428571,0.2920353982300885,0.33812012041268985,0.2929666739891307,0.7822257030441169,0.5243047137093757,0.0,0.394110275689223,0.08211744787342945
1137,111,98.23008849557522,113,1,105,7,0,0.008849557522123894,2.804112020217969,2.778462862723579,6.784546030661063,2.159967195001213,0.9541956262726748,1.6180457877267285,6.884955752212389,6.321882890351117,0.42816117272128085,0.0995257041754046,0.0008771865860943034,0.0,0.0995257041754046,0.010193209995232516,0,1,0,7,0,0.375,0.2743362831858407,0.3415096463312159,0.3001022786189937,0.7673660868791089,0.5257119647733152,0.008849557522123894,0.42951127819548873,0.08229585837007916
1138,111,98.23008849557522,113,0,108,5,0,0.0,2.8312117302179556,2.8056535511163716,7.328873027241344,2.1653127039116784,0.9292048083912796,1.5971255329637146,6.884955752212389,6.321882890351117,0.4300960374801712,0.07480644467149453,0.0008540621554609173,0.0,0.07480644467149453,0.019055085636643588,0,0,0,5,0,0.6,0.26548672566371684,0.348904620964035,0.28549431911138456,0.7703340245119009,0.5312208859454735,0.0,0.4508145363408521,0.08260032532668556
1139,110,97.34513274336283,113,1,109,3,0,0.008849557522123894,2.84035116092972,2.8115488029492908,7.62110896118281,2.1707791026492322,0.9278636713726383,1.6241431803861315,6.884955752212389,6.321882890351117,0.43207629268876135,0.09341983294179061,0.0009121695201075139,0.0,0.09341983294179061,0.016204353931144763,0,1,0,3,0,0.5,0.26548672566371684,0.35529966671983165,0.2737359228847348,0.7607166120639022,0.5394417445011176,0.008849557522123894,0.42951127819548873,0.08281881214349826
1140,111,98.23008849557522,113,0,109,4,0,0.0,2.8210700484353755,2.792306956180434,7.722343190219496,2.174766090538617,0.9449817296183434,1.6773454877743725,6.884955752212389,6.321882890351117,0.43138869327493423,0.025401738967967904,0.0011446661923466372,0.0,0.025401738967967904,0.018966917816927026,0,0,0,4,0,0.75,0.2743362831858407,0.3575585948927394,0.27157912637029685,0.7407010656201913,0.5366829968422026,0.0,0.4649122807017544,0.08284843293363624
1141,111,98.23008849557522,113,0,109,4,0,0.0,2.8437684100357967,2.8142934236667467,8.414787948796365,2.1796129927037504,0.910561161062242,1.648945594595831,6.884955752212389,6.321882890351117,0.4355508655944844,0.0020728462933178107,0.0008800914706086142,0.0,0.0020728462933178107,0.009810481542248922,0,0,0,4,0,1.0,0.30973451327433627,0.3695040417005335,0.2596659464674743,0.7529864277124703,0.5418902594439652,0.0,0.4649122807017544,0.08311513248098315
1142,112,99.11504424778761,113,0,110,3,0,0.0,2.8349312694168507,2.8054440887554426,8.59350155526373,2.1837059237184597,0.9065334796125528,1.6214242934337362,6.884955752212389,6.321882890351117,0.4376941210749641,0.032084515236785564,0.0010329680061828223,0.0,0.032084515236785564,0.02522714648121664,0,0,0,3,0,0.6666666666666666,0.3185840707964602,0.3739522988328246,0.25793328880541316,0.7716631765580205,0.5430319153836721,0.0,0.42951127819548873,0.08320032193065482
1143,112,99.11504424778761,113,0,111,2,0,0.0,2.8644941977059704,2.8345703641946156,9.415370214467128,2.1890131676465043,0.8876744958964217,1.608803285714594,6.884955752212389,6.321882890351117,0.4360653857624297,0.006717646779662317,0.0007418980128459567,0.0,0.006717646779662317,0.024953363329838052,0,0,0,2,0,1.0,0.2920353982300885,0.37997130088648406,0.24342071027915052,0.7489648198789128,0.5385057233567121,0.0,0.3941102756892231,0.08351589544501853
1144,112,99.11504424778761,113,1,108,4,0,0.008849557522123894,2.857568812859747,2.8400871050854395,8.792797587733784,2.193684133962542,0.9160821717378276,1.6221602962588484,6.884955752212389,6.321882890351117,0.4317919814102953,0.030721244237852458,0.0007809040385068765,0.0,0.030721244237852458,0.021224506996523052,0,1,0,4,0,0.8,0.3008849557522124,0.3668304150004972,0.2535087760927026,0.7624469864100687,0.536778908343414,0.008849557522123894,0.39755639097744366,0.08362891503096126
1145,112,99.11504424778761,113,0,108,5,0,0.0,2.864201369438028,2.8473928358684177,8.295263751005375,2.1990090644386964,0.9171132293609162,1.6108206072565985,6.884955752212389,6.321882890351117,0.4303354097849248,0.05942412510423216,0.0015737722485416375,0.0,0.05942412510423216,0.01442413212286695,0,0,0,5,0,0.6,0.2920353982300885,0.3573644900246551,0.2645662605474774,0.7743027315769858,0.5358519284005901,0.0,0.4329573934837093,0.0838303957482002
1146,111,98.23008849557522,113,1,106,6,0,0.008849557522123894,2.8918110568104707,2.8665038287113678,8.499202098821513,2.2053836461208545,0.892699983974555,1.600487569664301,6.884955752212389,6.321882890351117,0.435470440761738,0.08401339171211666,0.0013606504457394537,0.0,0.08401339171211666,0.01781983844775183,0,1,0,6,0,0.5714285714285714,0.3008849557522124,0.3643818995893521,0.25846677580475363,0.7655004881181399,0.5442388230681463,0.008849557522123894,0.4295112781954887,0.08416994097941032
1147,111,98.23008849557522,113,0,109,4,0,0.0,2.8999815131399584,2.874943143952289,8.289050623427194,2.2113623057100122,0.9106846388584929,1.6192461224400683,6.884955752212389,6.321882890351117,0.4343295967669918,0.0635289514841472,0.0016634775188181048,0.0,0.0635289514841472,0.012029781919100813,0,0,0,4,0,0.5,0.30973451327433627,0.3605251795340393,0.2574227716784151,0.7988404285545712,0.545028313995432,0.0,0.3991228070175438,0.0843997751898774
1148,109,96.46017699115045,113,2,109,2,0,0.017699115044247787,2.889000985782076,2.8517926042135016,8.395154820144922,2.216404408847872,0.9449387327976584,1.6529234882373065,6.884955752212389,6.321882890351117,0.43141989684785487,0.05652175589223755,0.0017214123019561017,0.0,0.05652175589223755,0.008830774703077082,0,2,0,2,0,0.5,0.2831858407079646,0.360883468776767,0.26237066312754315,0.781989237099939,0.5256948121695195,0.017699115044247787,0.3941102756892231,0.08450425048088109
1149,108,95.57522123893806,113,2,110,1,0,0.017699115044247787,2.9017846162366685,2.8604692176165085,8.250369200186169,2.2211533372854877,1.006906596781258,1.7463128595638218,6.884955752212389,6.321882890351117,0.4292301795570943,0.15688700863766,0.0014713643707963894,0.0,0.15688700863766,0.004327085688313896,0,2,0,1,0,0.0,0.26548672566371684,0.3561999381415078,0.26605641571435623,0.7624064594075239,0.5211678526562614,0.017699115044247787,0.4157268170426065,0.08471827948034039
1150,107,94.69026548672566,113,1,112,0,0,0.008849557522123894,2.9097014941910455,2.879757660201206,8.610190056985148,2.2257613761613255,1.0124087433469944,1.7626266858713349,6.884955752212389,6.321882890351117,0.43027402221593425,0.15404419916464135,0.0009243854369284085,0.0,0.15404419916464135,0.003605771625501908,0,1,0,0,0,0.0,0.2743362831858407,0.3602683134844645,0.2671241379131233,0.7803940341125474,0.5168215605769642,0.008849557522123894,0.5040726817042607,0.08490352128074843
1151,108,95.57522123893806,113,0,113,0,0,0.0,2.880984815605071,2.8513388762857175,8.364251502596119,2.2292579921944093,1.027643228781357,1.7815476983085679,6.884955752212389,6.321882890351117,0.42674489367671,0.0,0.0,0.0,0.0,0.0,0,0,0,0,0,0.0,0.2743362831858407,0.355289870604525,0.27459904689305437,0.7803940341125474,0.5094770560024772,0.0,0.5040726817042607,0.08487046387318696
1152,107,94.69026548672566,113,1,110,2,0,0.008849557522123894,2.9094790437671554,2.8773420167299264,8.48412276389137,2.2339289835610936,1.0224780284299022,1.7767165878684148,6.884955752212389,6.321882890351117,0.43031776036868985,0.06813521647719321,0.001958329776717799,0.0,0.06813521647719321,-0.003779370355193231,0,1,0,2,0,0.6666666666666666,0.2831858407079646,0.3579818671575196,0.2857593995469836,0.7460239979817529,0.5139723367073916,0.008849557522123894,0.5040726817042607,0.08516058231600747
1153,109,96.46017699115045,113,0,111,2,0,0.0,2.9076914047046127,2.8767505034540393,8.266363021307335,2.2381944476675106,1.036757722221666,1.7780047704899515,6.884955752212389,6.321882890351117,0.4289004933979996,0.01482443507023345,0.0010054065381023566,0.0,0.01482443507023345,0.020592427926681367,0,0,0,2,0,1.0,0.2831858407079646,0.3542052279060462,0.29477379023611766,0.7817878271174226,0.5140072727212867,0.0,0.468671679197995,0.08528647294346359
1154,111,98.23008849557522,113,0,111,2,0,0.0,2.911002177757629,2.8800504774733575,8.14302436297151,2.242357150522721,1.0501308007268335,1.7936115791718648,6.884955752212389,6.321882890351117,0.42736830612699817,0.043126467307448416,0.0021373830967494427,0.0,0.043126467307448416,-0.0008805570581837951,0,0,0,2,0,0.5,0.2831858407079646,0.3501894271296475,0.288463433253029,0.7759287417561125,0.5182058301127642,0.0,0.468671679197995,0.08543460740851852
1155,112,99.11504424778761,113,0,111,2,0,0.0,2.9470718357882295,2.9151653501908026,9.273013262835327,2.2480326290825854,0.9954371050257106,1.7509764827047836,6.884955752212389,6.321882890351117,0.434126793574352,0.09973540753901099,0.0012278461635417228,0.0,0.09973540753901099,0.011332710793886092,0,0,0,2,0,0.5,0.2743362831858407,0.3690555323950655,0.2838021567109333,0.7925945275758468,0.5215290074783154,0.0,0.5040726817042607,0.08579435425268232
1156,111,98.23008849557522,113,1,110,2,0,0.008849557522123894,2.9312046527423314,2.8940116353640604,9.253716303370654,2.252523511405356,1.0134428605344923,1.8140570325392726,6.884955752212389,6.321882890351117,0.4355572534104062,0.1634895367721623,0.0021714637983547593,0.0,0.1634895367721623,-0.0055147465526406885,0,1,0,2,0,0.3333333333333333,0.2743362831858407,0.3728620974809397,0.279621508467286,0.7955016029822678,0.5094811337138381,0.008849557522123894,0.43327067669172936,0.08585697249804736
1157,112,99.11504424778761,113,0,109,4,0,0.0,2.9326161827359414,2.8954378878639155,9.493461244168447,2.256558566883574,1.000967682895067,1.8164662278230082,6.884955752212389,6.321882890351117,0.43491689470020933,0.146617060840937,0.0016482247974959102,0.0,0.146617060840937,0.0075087829014903185,0,0,0,4,0,0.5,0.3008849557522124,0.37463608901827866,0.2741709425914444,0.7893258121377104,0.5080412605145596,0.0,0.4332706766917293,0.08599157588896222
1158,111,98.23008849557522,113,1,110,2,0,0.008849557522123894,2.9228845751996806,2.891259667282712,9.06919534325044,2.2598429923563224,1.0164384039244712,1.8501844342386715,6.884955752212389,6.321882890351117,0.4341137290119834,0.18404397315685683,0.0015795512393000245,0.0,0.18404397315685683,-0.0033071817328038287,0,1,0,2,0,0.3333333333333333,0.2920353982300885,0.3696769219361417,0.29128131293944615,0.8054925136755484,0.5050118299886903,0.008849557522123894,0.4508145363408521,0.08604673661728493
1159,110,97.34513274336283,113,1,112,0,0,0.008849557522123894,2.8995341151612934,2.8778239988941636,9.1378757140637,2.2620280263511146,1.0183536506254058,1.8665021855092383,6.884955752212389,6.321882890351117,0.4342116009580945,0.005870523463460623,0.0011994735810336987,0.0,0.005870523463460623,-0.0022604783118724825,0,1,0,0,0,1.0,0.26548672566371684,0.3707501176150249,0.2918689977407243,0.8124950541007638,0.5030881951567994,0.008849557522123894,0.41541353383458646,0.08599905196222556
1160,110,97.34513274336283,113,0,112,1,0,0.0,2.868216516589383,2.8464204672038473,8.787469727986263,2.262983158381166,1.047884862914645,1.8828342180225466,6.884955752212389,6.321882890351117,0.4314578038099517,0.29562876871914945,0.0033888099118816167,0.0,0.29562876871914945,-0.0031570800179581138,0,0,0,1,0,0.0,0.2831858407079646,0.3660144461998614,0.29551588377487237,0.8180320046577922,0.5005548707376815,0.0,0.4508145363408521,0.08587265513356006
1161,111,98.23008849557522,113,0,112,1,0,0.0,2.880610345510979,2.859766324567759,9.228259407933614,2.2645528756614377,1.003126457194981,1.8420162554765858,6.884955752212389,6.321882890351117,0.43153357302242457,0.011213262467333021,0.0008895636751606885,0.0,0.011213262467333021,0.0021735534742699514,0,0,0,1,0,1.0,0.2743362831858407,0.36989626064855496,0.27704628390446057,0.8212355189829321,0.5077823267788752,0.0,0.41541353383458646,0.08598424212225221
1162,111,98.23008849557522,113,0,111,2,0,0.0,2.9097174658312834,2.888549209684066,10.255145807519767,2.2674790534851543,0.966561431545943,1.8143233259308307,6.884955752212389,6.321882890351117,0.4377119053174203,0.12484001812601703,0.002080019680485867,0.0,0.12484001812601703,-0.005803562142399965,0,0,0,2,0,0.5,0.2920353982300885,0.3859426074617991,0.2704180705646535,0.8011932862577129,0.5090916424533548,0.0,0.41541353383458646,0.08622227249144312
1163,112,99.11504424778761,113,0,111,2,0,0.0,2.8838459818651874,2.863263162457346,9.268771447242234,2.268941398339075,1.0031540958781924,1.8342559565273115,6.884955752212389,6.321882890351117,0.4318918121072053,0.18485969808131208,0.0022526962382449136,0.0,0.18485969808131208,-0.0020419853950829348,0,0,0,2,0,0.5,0.2743362831858407,0.3702662061621606,0.2798427091511396,0.8433093789943967,0.5052552961503406,0.0,0.41541353383458646,0.08613913893617163
1164,112,99.11504424778761,113,1,109,2,1,0.008849557522123894,2.9033518504341838,2.878144785514817,9.061241542813146,2.2712649362133313,1.000334369689264,1.8142654698913614,6.884955752212389,6.321882890351117,0.4342450145073804,0.17405309676890426,0.0017985434378898885,0.0,0.17405309676890426,0.019967045959856475,0,2,0,2,0,0.5,0.2743362831858407,0.3692528281080772,0.28664090157982786,0.8147811596313681,0.5082305137596059,0.008849557522123894,0.5040726817042607,0.08631011395067832
1165,111,98.23008849557522,113,1,109,3,0,0.008849557522123894,2.897603341648773,2.8720755929497197,9.083637882159415,2.2730119541336804,1.0257069448893226,1.8088783470097012,6.884955752212389,6.321882890351117,0.4308320144037061,0.32197364789486316,0.0016399120352382777,0.5,0.20391679926636544,0.03578610060303718,0,1,0,3,0,0.5,0.25663716814159293,0.3639691373378932,0.2823655527783006,0.7935558374767505,0.4984807987956907,0.008849557522123894,0.468671679197995,0.08633659362025023
1166,111,98.23008849557522,113,0,112,1,0,0.0,2.9155288462898667,2.888797253618814,9.488222891759484,2.2754159037604365,0.988779982075236,1.7887472672310656,6.884955752212389,6.321882890351117,0.43357438789429814,0.032953249294159645,9.1685353095435e-09,0.0,0.032953249294159645,0.057847917006078886,0,0,0,1,0,1.0,0.24778761061946902,0.3729424597431664,0.2770940763507815,0.7707614682654822,0.5022502427442539,0.0,0.43327067669172936,0.08650220858352897
1167,111,98.23008849557522,113,0,111,2,0,0.0,2.9623065902074655,2.936043165813363,11.310089494820364,2.280057343498579,0.8983839380016594,1.7147392926293297,6.884955752212389,6.321882890351117,0.4420185264330472,0.10167067681744421,0.0008889242335439466,0.0,0.10167067681744421,0.03408346076513141,0,0,0,2,0,0.5,0.23893805309734514,0.3973955335629189,0.2516108704955789,0.7464356999022131,0.5110211102639413,0.0,0.468671679197995,0.08688281049545277
1168,111,98.23008849557522,113,0,112,1,0,0.0,2.9933967938965527,2.966438967240171,11.233282710630265,2.2859426264278806,0.901151180233716,1.7096399986356396,6.884955752212389,6.321882890351117,0.4426196002932543,0.056533841911806236,6.286756455764219e-09,0.0,0.056533841911806236,0.06975196707092712,0,0,0,1,0,0.0,0.22123893805309736,0.3967205642413935,0.25561276942324684,0.7764285191717679,0.5134606296534884,0.0,0.468671679197995,0.08722429186117633
1169,112,99.11504424778761,113,0,110,3,0,0.0,2.9900684913200437,2.9633213261334785,11.29220001387106,2.2912981737668603,0.8922399888390381,1.6996305749536327,6.884955752212389,6.321882890351117,0.4414761548470767,0.030983373020190164,0.0005419915607045932,0.0,0.030983373020190164,0.029613158781819988,0,0,0,3,0,0.6666666666666666,0.26548672566371684,0.39501015076041823,0.2470897835649386,0.7583261962760716,0.5162650736323301,0.0,0.43327067669172936,0.08737693606374759
1170,112,99.11504424778761,113,1,109,3,0,0.008849557522123894,2.9740610099201903,2.940479524744484,10.942086853888613,2.295577747596416,0.9316058444789888,1.753092685287673,6.884955752212389,6.321882890351117,0.44074034416657093,0.3226904182090289,0.000834344987229722,0.25,0.07269809201075994,0.05963813636968038,0,1,0,3,0,0.5,0.25663716814159293,0.39309354683410225,0.24926484067236004,0.8062823455310502,0.5149529202331216,0.008849557522123894,0.4508145363408521,0.08743217347960364
1171,112,99.11504424778761,113,0,112,1,0,0.0,2.9292172945064303,2.895747320869563,10.135295197435987,2.2969066142770935,0.9641915822220144,1.7688384905669725,6.884955752212389,6.321882890351117,0.4375379873155165,0.02039520898712381,0.0006096208643702242,0.0,0.02039520898712381,0.011352037022323902,0,0,0,1,0,1.0,0.25663716814159293,0.3848029035765922,0.2612834056166511,0.7940860026779596,0.5105416293285411,0.0,0.4862155388471178,0.0872499596001955
1172,112,99.11504424778761,113,0,113,0,0,0.0,2.896395405967268,2.863708030994056,8.977591838713275,2.2965310824545857,1.0181710938659547,1.7970044059456878,6.884955752212389,6.321882890351117,0.4288810815568447,0.0,0.0,0.0,0.0,0.0,0,0,0,0,0,0.0,0.25663716814159293,0.364955884960917,0.2810904857684478,0.7940860026779596,0.4972848609596656,0.0,0.4862155388471178,0.08707397981648221
1173,112,99.11504424778761,113,0,112,1,0,0.0,2.9119667017044786,2.879024052776709,9.20873103163931,2.2969539000825616,1.0125497073184502,1.8092109596378,6.884955752212389,6.321882890351117,0.43158037396882043,0.01905620120918306,0.0006753937620612963,0.0,0.01905620120918306,0.009155407296696838,0,0,0,1,0,1.0,0.24778761061946902,0.3696836142242125,0.2794492526621608,0.7702322434345361,0.49778098836160933,0.0,0.4862155388471178,0.08716520131280849
1174,112,99.11504424778761,113,0,113,0,0,0.0,2.898897907711123,2.866115865433311,8.653836801317055,2.2966971552855626,1.0446634605619656,1.841493908650924,6.884955752212389,6.321882890351117,0.43026683356109086,0.0,0.0,0.0,0.0,0.0,0,0,0,0,0,0.0,0.2743362831858407,0.36257750626092594,0.29156019396416855,0.7892521583793982,0.49746342783419323,0.0,0.4862155388471178,0.08709174179014502
1175,113,100.0,113,0,113,0,0,0.0,2.9026888886617006,2.8705649230757624,9.049863588159983,2.296681652965063,1.0277359903700916,1.8325643502565547,6.884955752212389,6.321882890351117,0.4294214719641516,0.0,0.0,0.0,0.0,0.0,0,0,0,0,0,0.0,0.26548672566371684,0.36609566806180127,0.2781017188098644,0.7716277503768323,0.49814960839393924,0.0,0.45081453634085217,0.08711020667562427
1176,113,100.0,113,0,112,1,0,0.0,2.913732480299397,2.882472238923909,9.301476226538325,2.297269343933752,1.0158393542013393,1.875712365389776,6.884955752212389,6.321882890351117,0.4254765706064647,0.005779152102635594,0.0017364577294302634,0.0,0.005779152102635594,-0.027725682237055738,0,0,0,1,0,1.0,0.25663716814159293,0.36210334112553444,0.2590424187702432,0.7683076772955109,0.4991549945958722,0.0,0.45081453634085217,0.0871840012012116
1177,113,100.0,113,0,112,1,0,0.0,2.9136206918101415,2.882918045133089,9.341028103151915,2.2978424284448136,1.0028734725259214,1.86682602128702,6.884955752212389,6.321882890351117,0.4250674164556669,0.0063151365708030175,0.0016746616274479283,0.0,0.0063151365708030175,-0.029854559597915387,0,0,0,1,0,1.0,0.26548672566371684,0.3613085310207484,0.24718968028177718,0.7748405003933617,0.505418045512724,0.0,0.4862155388471178,0.08720155712459135
1178,113,100.0,113,0,111,2,0,0.0,2.926910688702847,2.8966241960444337,10.406568675262152,2.2990724726717353,0.9538989450188261,1.7576636006616448,6.884955752212389,6.321882890351117,0.4266991504432702,0.003420681747043302,0.0011862230415944446,0.0,0.003420681747043302,-0.012495569211212199,0,0,0,2,0,1.0,0.25663716814159293,0.3737518511796413,0.2249397244804253,0.7942979765843728,0.5092941290871659,0.0,0.45081453634085217,0.08730688808681764
1179,112,99.11504424778761,113,1,111,1,0,0.008849557522123894,2.935302863964283,2.9090331465503056,10.097240022040642,2.3006467369611934,0.9886171917554749,1.7558086691959223,6.884955752212389,6.321882890351117,0.42527116984894064,0.10433586127704417,0.001887924686240077,0.0,0.10433586127704417,-0.0052499770032565785,0,1,0,1,0,0.5,0.25663716814159293,0.3678454483699712,0.2324301083258201,0.7848989564782312,0.5066586675561136,0.008849557522123894,0.45081453634085217,0.0873986105355069
1180,112,99.11504424778761,113,0,110,3,0,0.0,2.9124344895275573,2.8862221364477043,9.322673674297477,2.301173411267113,1.0152951206669965,1.7984055039849145,6.884955752212389,6.321882890351117,0.4225718329391197,0.24167156495679465,0.0029068628945339964,0.0,0.24167156495679465,-0.009320765009850204,0,0,0,3,0,0.0,0.2743362831858407,0.35872026992650863,0.2449848846215003,0.7680780924832779,0.5003259489902124,0.0,0.45081453634085217,0.08730091652974017
1181,111,98.23008849557522,113,1,110,2,0,0.008849557522123894,2.9693373488542503,2.937252464483484,10.899500285714904,2.304520855614886,0.9492909335490608,1.7956580882833355,6.884955752212389,6.321882890351117,0.4317969195346103,0.33857306312712954,0.003349932952526523,0.3333333333333333,0.182070817007729,-0.004850466597833281,0,1,0,2,0,0.0,0.2743362831858407,0.38184124981631357,0.234528796131366,0.8025592412852423,0.5037364177150184,0.008849557522123894,0.45081453634085217,0.08769124158211658
1182,111,98.23008849557522,113,0,112,1,0,0.0,2.9424073322421505,2.911003944446336,10.413293770912743,2.3060559541803154,0.9694546987609802,1.8169490761921103,6.884955752212389,6.321882890351117,0.4276747824197822,1.1810386036317659e-05,0.001566751862692602,0.0,1.1810386036317659e-05,-0.05611661891650388,0,0,0,1,0,1.0,0.2831858407079646,0.37447424284259645,0.2388371745284546,0.7831921102747517,0.49942036641098103,0.0,0.4508145363408521,0.08760511506583503
1183,111,98.23008849557522,113,0,110,3,0,0.0,2.9709384914213266,2.938840669633814,12.136162972110286,2.3089018497456744,0.8922276148665088,1.7782851870346497,6.884955752212389,6.321882890351117,0.4358875913966913,0.006071539636009394,0.0010451695488933968,0.0,0.006071539636009394,-0.020507161506787552,0,0,0,3,0,1.0,0.26548672566371684,0.3994389251509342,0.22406355816719792,0.7611837726301319,0.5081092755333534,0.0,0.4862155388471178,0.08783772795414276
1184,112,99.11504424778761,113,0,110,3,0,0.0,2.9575396718990956,2.924772084108792,10.696477929245782,2.310856311525234,0.9367738807511795,1.776355997850197,6.884955752212389,6.321882890351117,0.43293008390712306,0.018197580163371276,0.0011670051231215167,0.0,0.018197580163371276,-0.021458186037829934,0,0,0,3,0,0.6666666666666666,0.2743362831858407,0.38399549454426624,0.2515099107776676,0.7585662391892727,0.503501859622632,0.0,0.45081453634085217,0.08783251324895182
1185,112,99.11504424778761,113,0,112,1,0,0.0,2.9827768927534786,2.9486831995013856,11.55750183348803,2.3138965206902706,0.8774773608832009,1.7119268062679314,6.884955752212389,6.321882890351117,0.43879289404377797,0.04282583275096963,0.0009517069632960387,0.0,0.04282583275096963,0.0007596985853237648,0,0,0,1,0,1.0,0.26548672566371684,0.39838751205951406,0.24343604322848325,0.7425786033551897,0.5121490634100592,0.0,0.45081453634085217,0.0880547985847414
1186,113,100.0,113,0,112,1,0,0.0,2.9675980869393097,2.9339130489489187,10.977275999029644,2.3159975300957467,0.8968686414942234,1.7265628202116645,6.884955752212389,6.321882890351117,0.43667832600433276,0.023960308172949363,0.0008919199310934208,0.0,0.023960308172949363,0.005539087307782964,0,0,0,1,0,1.0,0.2743362831858407,0.3912692996703957,0.24477938656887718,0.7400757663709512,0.5135568154032414,0.0,0.45081453634085217,0.08804531623273529
1187,113,100.0,113,0,111,2,0,0.0,2.970526950117345,2.936547659640209,10.512794312913332,2.3180989617491097,0.9238249587513805,1.7440467986206127,6.884955752212389,6.321882890351117,0.4382727295221531,0.0031841563331647975,0.0011284951470581003,0.0,0.0031841563331647975,-0.030044611512050068,0,0,0,2,0,1.0,0.25663716814159293,0.3871382789721102,0.2547087815365578,0.7473435125715615,0.5113805265241168,0.0,0.4508145363408521,0.08812638557269865
1188,113,100.0,113,0,111,2,0,0.0,2.9626776682504716,2.9292453163855736,9.739678677810154,2.319698226883278,0.973846105259611,1.7920082684426892,6.884955752212389,6.321882890351117,0.43268258982034835,0.002789989543834524,0.0012097107278579368,0.0,0.002789989543834524,-0.02474538798845538,0,0,0,2,0,1.0,0.26548672566371684,0.37238699179330387,0.26006506307544985,0.7532235123553943,0.5065469334817485,0.0,0.4862155388471178,0.08813769099780847
1189,113,100.0,113,0,111,2,0,0.0,2.9676758753670813,2.933773528461739,9.493452300568299,2.321425402960145,0.9966052147144618,1.8212788626354999,6.884955752212389,6.321882890351117,0.4304784371305328,0.009505301410379639,0.0012343944536573172,0.0,0.009505301410379639,-0.020010273459890815,0,0,0,2,0,1.0,0.2831858407079646,0.36755522029693444,0.2644359858405643,0.748941805212324,0.5006326975775923,0.0,0.45081453634085217,0.08821727705783634
1190,113,100.0,113,0,111,2,0,0.0,2.979738002291549,2.9452187580702085,9.87019677032557,2.3236222321980247,0.9837744805575653,1.8212014489858621,6.884955752212389,6.321882890351117,0.4292774851391097,0.013923581132018446,0.0012540018397002443,0.0,0.013923581132018446,-0.023876420982684943,0,0,0,2,0,1.0,0.2743362831858407,0.3703540784658913,0.2540968262228096,0.7484205626779543,0.5010218229980837,0.0,0.4862155388471178,0.08834702817831856
1191,113,100.0,113,0,112,1,0,0.0,3.01015389921725,2.9755440772065778,10.16901369211979,2.3272138853937263,0.9565296736976643,1.7857908185986648,6.884955752212389,6.321882890351117,0.4302821097905265,0.036207009204579296,0.0007227313002225804,0.0,0.036207009204579296,0.009915145165960815,0,0,0,1,0,1.0,0.23008849557522124,0.37310015610283886,0.25405065961572365,0.7353021700053011,0.5038986224591879,0.0,0.4862155388471178,0.08861263771737697
1192,113,100.0,113,0,112,1,0,0.0,3.014485492197347,2.980049844944165,10.64569049780969,2.3308063579683127,0.947888075497144,1.7859046466239168,6.884955752212389,6.321882890351117,0.43147696151734394,0.029708058788855796,0.0006979316338457031,0.0,0.029708058788855796,0.010234153864667084,0,0,0,1,0,1.0,0.2831858407079646,0.3781059220983307,0.24724981624284437,0.7500727710384515,0.5012790599467287,0.0,0.45081453634085217,0.08874785163679412
1193,113,100.0,113,0,111,2,0,0.0,3.0291155480614758,2.9951759515085157,11.955168848274344,2.3349367224281603,0.8871977305848682,1.7206239322402344,6.884955752212389,6.321882890351117,0.43535366796128927,0.06407240780921378,0.0011326452650757316,0.0,0.06407240780921378,-0.004919133406172782,0,0,0,2,0,0.0,0.2831858407079646,0.3933461151779226,0.22847402842371461,0.7523706558846734,0.5058457770535443,0.0,0.4862155388471178,0.0889515603181629
1194,113,100.0,113,0,111,2,0,0.0,3.026501295492696,2.9924932981579286,11.9273561806346,2.3386702947213696,0.8770565568733932,1.7486206623480272,6.884955752212389,6.321882890351117,0.4368811316390193,0.056743152449831684,0.0011847230552740314,0.0,0.056743152449831684,-0.012358210702016925,0,0,0,2,0,0.5,0.3185840707964602,0.3958115438087188,0.23578202989607683,0.7504904895454283,0.5050669546529661,0.0,0.4862155388471178,0.08905650508932063
1195,113,100.0,113,0,111,2,0,0.0,3.0409094723534924,3.0082170683639635,11.370378471135952,2.342963065617274,0.8968926382354004,1.7806398940492822,6.884955752212389,6.321882890351117,0.4313021873113352,0.06240295651855373,0.0011203381825161036,0.0,0.06240295651855373,-0.02143796877417503,0,0,0,2,0,0.5,0.3008849557522124,0.3820608182202447,0.23705579919006642,0.7130985474638946,0.5043621506187391,0.0,0.5216165413533835,0.0892642379480197
1196,112,99.11504424778761,113,1,111,1,0,0.008849557522123894,3.0414303461948986,3.017164634719225,11.164971698918972,2.347005695393645,0.931515151458139,1.8172203577639552,6.884955752212389,6.321882890351117,0.4312720494518636,0.12513559095565766,0.0013443203365056655,0.0,0.12513559095565766,-0.008768100351545849,0,1,0,1,0,0.0,0.2743362831858407,0.3807049046971211,0.2510127544507105,0.7327241868330137,0.4986265541414393,0.008849557522123894,0.4508145363408521,0.08939462747730305
1197,112,99.11504424778761,113,0,109,4,0,0.0,3.0325471562926967,3.0086853565884377,11.19912376758149,2.350795195727119,0.9104896792270477,1.7472006077883488,6.884955752212389,6.321882890351117,0.42993016055297395,0.08422327287081496,0.00048826280596815473,0.0,0.08422327287081496,0.040847345310291966,0,0,0,4,0,0.5,0.3008849557522124,0.3793115576834017,0.2473701693882313,0.7394767901690874,0.4999868351744485,0.0,0.3991228070175439,0.08946999541439789
1198,112,99.11504424778761,113,0,110,3,0,0.0,3.0817522933002355,3.056889772239659,11.688161838379068,2.3567830696517404,0.8800426979166909,1.7033584542943085,6.884955752212389,6.321882890351117,0.43453008706219065,0.25666139587571524,0.002074304939810999,0.3333333333333333,0.2289189503448782,-0.012640888253158714,0,0,0,3,0,0.3333333333333333,0.25663716814159293,0.38609931683670534,0.26061799340538133,0.7547146550860366,0.5032739057916874,0.0,0.4508145363408521,0.0899052942880038
1199,111,98.23008849557522,113,1,108,4,0,0.008849557522123894,3.1212294084464904,3.0928220523481547,13.045724710595573,2.3644582773249803,0.851075480933078,1.6608933419312362,6.884955752212389,6.321882890351117,0.4346316696254635,0.28292239228281535,0.001435522156619859,0.2,0.22816180484815804,0.043937278713132646,0,1,0,4,0,0.4,0.25663716814159293,0.3949531466848275,0.24027709113124868,0.7802613739455035,0.4994687942465437,0.008849557522123894,0.468671679197995,0.0903452886840818
1200,110,97.34513274336283,113,1,108,4,0,0.008849557522123894,3.143329084139086,3.1101587442421965,13.047255141850487,2.3725077874195795,0.8219748075805824,1.626165636720481,6.884955752212389,6.321882890351117,0.43651423574640225,0.14873676816679862,0.0009545155983167973,0.0,0.14873676816679862,0.009990560211486477,0,1,0,4,0,0.4,0.2743362831858407,0.39916111068724014,0.24363119081053317,0.7593837463281001,0.49705168287744345,0.008849557522123894,0.48621553884711777,0.09071022736325857
1201,110,97.34513274336283,113,1,106,6,0,0.008849557522123894,3.120936086637503,3.0842455638769377,12.342109201010713,2.378740978230472,0.8606522558891923,1.7332990118689278,6.884955752212389,6.321882890351117,0.43422368088215246,0.19748242212480052,0.002101365658373143,0.14285714285714285,0.06402939481893964,-0.0029756693108388133,0,1,0,6,0,0.5714285714285714,0.2831858407079646,0.3907461888968953,0.2391769541038569,0.7794368396235463,0.499317108567814,0.008849557522123894,0.48621553884711777,0.090795289887449
1202,110,97.34513274336283,113,0,109,4,0,0.0,3.0442833988341427,3.008986454173046,10.653419531992325,2.3805394391774275,0.9609821022514526,1.8216927791287894,6.884955752212389,6.321882890351117,0.42526883269690585,0.02097447613789687,0.0008322608029841345,0.0,0.02097447613789687,-0.0072179449315386834,0,0,0,4,0,1.0,0.26548672566371684,0.3710949493445376,0.261302657766431,0.7612053386798345,0.48705021647926205,0.0,0.43828320802005016,0.09046887474587983
1203,110,97.34513274336283,113,0,110,3,0,0.0,3.0793584272751295,3.043886204550129,10.895906130920148,2.38398926060778,0.9320960396926701,1.7954541987205344,6.884955752212389,6.321882890351117,0.4288454349227564,0.046194660275592166,0.0010305183785962854,0.0,0.046194660275592166,0.002156541484654347,0,0,0,3,0,0.6666666666666666,0.2743362831858407,0.3740298885178413,0.2757081972242796,0.7653186699194648,0.48722375618375413,0.0,0.41541353383458646,0.09075329672346133
1204,111,98.23008849557522,113,0,108,5,0,0.0,3.0712836414283227,3.0367625919449965,10.650374968989466,2.3868607112102116,0.9488102492475161,1.8043280536595143,6.884955752212389,6.321882890351117,0.42593126461698483,0.040537310461461765,0.0013163053860585244,0.0,0.040537310461461765,-0.002717708173619515,0,0,0,5,0,0.8,0.2831858407079646,0.36819672612075144,0.2757630604341779,0.7894547148970622,0.4859616506357176,0.0,0.4169799498746868,0.09080368766639729
1205,112,99.11504424778761,113,0,108,5,0,0.0,3.0413279036108167,3.0072826921357647,9.832805229442712,2.388059684274597,0.985433960877689,1.8386147573114513,6.884955752212389,6.321882890351117,0.4228067927923971,0.06501375281674822,0.001076704053295016,0.0,0.06501375281674822,-0.0025766120393645895,0,0,0,5,0,0.6,0.2831858407079646,0.3586910735560084,0.28529051872915745,0.7975154676973735,0.4832087902121107,0.0,0.4169799498746868,0.09069180781381841
1206,113,100.0,113,0,108,5,0,0.0,3.0547700695439475,3.0205453084993517,10.833605067037986,2.3898536173257274,0.9424106265700954,1.8010433160387245,6.884955752212389,6.321882890351117,0.4273377737929025,0.10566933560497851,0.0012322938061667657,0.0,0.10566933560497851,-0.005228496017032636,0,0,0,5,0,0.6,0.2920353982300885,0.3715406344067662,0.2737555156349361,0.7959803596043541,0.48759221088993454,0.0,0.41541353383458646,0.09081572381679595
1207,113,100.0,113,0,108,5,0,0.0,3.015314635222042,2.981618204100443,9.889843485561407,2.3895653992680717,1.0110500085803862,1.8645093473249115,6.884955752212389,6.321882890351117,0.42413204111763614,0.008720652286684342,0.001161848280082928,0.0,0.008720652286684342,-0.00522340029903885,0,0,0,5,0,1.0,0.30973451327433627,0.3613722702855257,0.2933974891278771,0.7636988074507476,0.4794438052602708,0.0,0.4508145363408521,0.0906093362411495
1208,113,100.0,113,0,107,6,0,0.0,3.0298476002614385,2.996166698614553,10.662907713942076,2.390031193046882,0.9864622403738531,1.8416679734955113,6.884955752212389,6.321882890351117,0.4267935516343089,0.0467236199360333,0.001285694744783119,0.0,0.0467236199360333,-0.0029561919271086277,0,0,0,6,0,0.8333333333333334,0.3008849557522124,0.37032358899644696,0.2818696621202321,0.7760644414566791,0.4823862977859032,0.0,0.48621553884711777,0.09069672453494995
1209,113,100.0,113,0,106,7,0,0.0,3.064157504833252,3.029060216110454,12.129950020644047,2.392131131612172,0.9034575834930353,1.7819385816767648,6.884955752212389,6.321882890351117,0.4367462471028609,0.03620857605811613,0.0012329645024672796,0.0,0.03620857605811613,0.0002472084861763519,0,0,0,7,0,0.8571428571428571,0.336283185840708,0.39384268098159597,0.27185176408972545,0.7892904297757325,0.490801206978536,0.0,0.4508145363408521,0.09093465188624249
1210,112,99.11504424778761,113,1,106,6,0,0.008849557522123894,3.089793089915438,3.0567343151705755,13.152587913340929,2.3953849387877173,0.881930964309226,1.77505025452837,6.884955752212389,6.321882890351117,0.4395694847077507,0.14943142270083792,0.0016721133774596018,0.14285714285714285,0.11604929949072688,0.00794777690366639,0,1,0,6,0,0.7142857142857143,0.30973451327433627,0.4049098675701253,0.2607275473690361,0.7634322860427635,0.4960654138647886,0.008849557522123894,0.42951127819548873,0.09116568075121133
1211,112,99.11504424778761,113,0,103,10,0,0.0,3.078320315878031,3.045605917681118,12.151619082871676,2.397983219718372,0.9303470315737994,1.8046995298762782,6.884955752212389,6.321882890351117,0.43940184217259226,0.07098833209674267,0.0013359371671959521,0.0,0.07098833209674267,0.009327914167382911,0,0,0,10,0,0.6,0.3185840707964602,0.3968679352322548,0.2783585755045221,0.7800535068376202,0.4951817677908834,0.0,0.42951127819548873,0.09119044701982344
1212,112,99.11504424778761,113,0,104,9,0,0.0,3.0825638808920517,3.049527524307752,12.409968264432827,2.400615575874113,0.9132093586526976,1.797953112929232,6.884955752212389,6.321882890351117,0.44050232926386657,0.06691519392784384,0.001418868345411676,0.0,0.06691519392784384,0.007215181614343708,0,0,0,9,0,0.6666666666666666,0.336283185840708,0.39922845113851696,0.27519727417627,0.7858319316205903,0.4987707565473149,0.0,0.41541353383458646,0.091294872081605
1213,111,98.23008849557522,113,1,104,8,0,0.008849557522123894,3.1054893357820257,3.0721368585846887,13.67472731232612,2.4042034911188757,0.8752330937284198,1.754633176246746,6.884955752212389,6.321882890351117,0.444402548875489,0.07743584939887944,0.0012409936160054707,0.1111111111111111,0.07143675670034338,0.007000308260510235,0,1,1,7,0,0.7777777777777778,0.30973451327433627,0.4142195933804644,0.25575349545570875,0.7685369948696592,0.4995309018085502,0.008849557522123894,0.40288220551378445,0.09152291125604435
1214,110,97.34513274336283,113,1,107,5,0,0.008849557522123894,3.086152897906701,3.047144027450223,11.900882872192387,2.406638543310362,0.9364882340996523,1.818229819286446,6.884955752212389,6.321882890351117,0.43800899158520745,0.08967362856743649,0.0014416683647769113,0.16666666666666666,0.08190848846780617,-0.00687336857463076,0,1,0,5,0,0.8333333333333334,0.3008849557522124,0.39335971737277076,0.27448970999027716,0.7806786309080388,0.49726968109060615,0.008849557522123894,0.4169799498746868,0.09150319964060008
1215,111,98.23008849557522,113,0,109,4,0,0.0,3.088109595911684,3.0489747812790142,12.011727990859033,2.408695765031268,0.962476013639607,1.8409526901134357,6.884955752212389,6.321882890351117,0.43619173743276574,0.1943763503205997,0.0020797126248047835,0.25,0.08367574151580606,0.010593184221669633,0,0,0,4,0,0.5,0.30973451327433627,0.3933131572121315,0.2739167711462388,0.7663058826426974,0.49074944876306476,0.0,0.4382832080200501,0.09157801070462025
1216,111,98.23008849557522,113,0,109,4,0,0.0,3.1170543199651033,3.077082868673418,12.715420882523219,2.4120444998984167,0.9151562084226431,1.7908555366768986,6.884955752212389,6.321882890351117,0.4425948976236369,0.019502952253009995,0.0014065839494000658,0.0,0.019502952253009995,-0.006824687041816824,0,0,0,4,0,0.75,0.30973451327433627,0.40563221773528113,0.2657337215705595,0.7831563206082071,0.4988358233211124,0.0,0.40288220551378445,0.0918285858731921
1217,109,96.46017699115045,113,2,105,6,0,0.017699115044247787,3.1363022645793968,3.103418944615334,14.231439265703576,2.41611019480368,0.9086413735136097,1.7756681103394076,6.884955752212389,6.321882890351117,0.4478128871460483,0.1548710732593885,0.001945226063431222,0.125,0.058913411509868674,0.00664535048832246,0,2,0,6,0,0.625,0.3008849557522124,0.4222346154836575,0.2461041542000652,0.7861029196822247,0.49982365795585226,0.017699115044247787,0.399436090225564,0.09205333983155843
1218,109,96.46017699115045,113,1,107,3,2,0.008849557522123894,3.1655190619180575,3.1247891825376106,15.93571784079027,2.421781859961701,0.8864039639231388,1.7584737842943043,6.884955752212389,6.321882890351117,0.4515392946645058,0.5002098106945453,0.0008479847817935421,0.5,0.0002109443952646377,0.07559009396057453,0,3,0,3,0,1.0,0.2831858407079646,0.43907618474841426,0.26522543561594675,0.7674941585708229,0.5073599141941902,0.008849557522123894,0.4329573934837093,0.0923787018328632
1219,109,96.46017699115045,113,1,108,4,0,0.008849557522123894,3.11795542305664,3.07273963498604,14.373746866642806,2.424358370438802,0.9556315506512529,1.834283302006291,6.884955752212389,6.321882890351117,0.4476167475511059,0.06833855775178962,0.0017777865002698591,0.0,0.06833855775178962,-0.015871661331012633,0,1,0,4,0,0.6,0.2831858407079646,0.4257922327944469,0.28808809920495076,0.7615826010719116,0.49713086727463324,0.008849557522123894,0.4207393483709273,0.0922223256260661
1220,109,96.46017699115045,113,0,108,5,0,0.0,3.099140977078506,3.0547137174308214,13.067596077804415,2.4255856124984096,1.0177177024290318,1.8810843624208817,6.884955752212389,6.321882890351117,0.4417397641799512,0.0702959596440696,0.0017261186419643328,0.0,0.0702959596440696,0.0014499170815863937,0,0,0,5,0,0.6,0.2743362831858407,0.40828399695128015,0.29433288149451087,0.7509976345464217,0.4934120416273353,0.0,0.4508145363408521,0.09216704579907017
1221,109,96.46017699115045,113,0,108,5,0,0.0,3.096828429673795,3.0521477835063906,13.54513050046818,2.4266054974820324,1.017012298616185,1.884981971934942,6.884955752212389,6.321882890351117,0.440997467080146,0.03721758575245498,0.0016530979281856855,0.0,0.03721758575245498,-0.00020349914606430098,0,0,0,5,0,0.8,0.24778761061946902,0.4120436835170771,0.28315815306872605,0.752801826579993,0.4904649294198924,0.0,0.4508145363408521,0.09218772102918708
1222,111,98.23008849557522,113,0,108,5,0,0.0,3.07229097776027,3.0283534226188196,12.596349168087082,2.426357505227517,1.0542186798943964,1.902866130145877,6.884955752212389,6.321882890351117,0.4348544016746878,0.035995355334633924,0.0013903061120046842,0.0,0.035995355334633924,0.00042020698824782874,0,0,0,5,0,0.8,0.2743362831858407,0.39789129530866096,0.290447851285517,0.7489767887947592,0.4826989425139989,0.0,0.4508145363408521,0.09205719487966565
1223,112,99.11504424778761,113,0,107,6,0,0.0,3.0413953497135973,2.998348469935522,11.497233453433406,2.4246076883769554,1.0834493941439483,1.9272486789530148,6.884955752212389,6.321882890351117,0.4295214379868124,0.03640451228232197,0.0014657269383877769,0.0,0.03640451228232197,-0.0005798087977209229,0,0,0,6,0,0.8333333333333334,0.24778761061946902,0.38390773611190426,0.29701088815694476,0.75153159852346,0.47760035359317043,0.0,0.4508145363408521,0.09184740605338822
1224,113,100.0,113,0,109,4,0,0.0,3.065427944680285,3.0211163914810615,12.437776839546638,2.424119981967822,1.0474670718585706,1.912906809337034,6.884955752212389,6.321882890351117,0.4350942513110345,0.053376494307917334,0.001390825390216727,0.0,0.053376494307917334,0.002244159169352694,0,0,0,4,0,0.75,0.24778761061946902,0.3977395731581929,0.2914216341987196,0.7489767887947592,0.47934784319213286,0.0,0.4508145363408521,0.09195215291420458
1225,113,100.0,113,0,109,4,0,0.0,3.045548965492167,3.002060017841477,12.636684530601125,2.4226993304870095,1.0412498103627017,1.9145149773667467,6.884955752212389,6.321882890351117,0.4306394888874554,0.05062463719077718,0.0014092831467990223,0.0,0.05062463719077718,0.0024505620201235034,0,0,0,4,0,0.75,0.26548672566371684,0.395850699814503,0.28199819469964926,0.7424905403047888,0.4746048712334259,0.0,0.41541353383458646,0.09180785205681549
1226,113,100.0,113,0,110,3,0,0.0,3.0193745526722804,2.976956732432478,11.01793638074646,2.420098890684944,1.1146110717178386,1.953440536312198,6.884955752212389,6.321882890351117,0.42258776348122495,0.06232560993174712,0.0013134767988640592,0.0,0.06232560993174712,0.00499889391012472,0,0,0,3,0,0.6666666666666666,0.23893805309734514,0.37306883283882175,0.30502398015403437,0.737108108753743,0.4614970541043253,0.0,0.41541353383458646,0.09159478161325572
1227,113,100.0,113,0,109,4,0,0.0,2.9914087960264215,2.95001904938913,9.70450617685931,2.416300472621499,1.1678407366044818,1.9904835580043347,6.884955752212389,6.321882890351117,0.4138939337114538,0.04600472150228148,0.0013503346477834201,0.0,0.04600472150228148,0.002747984871430742,0,0,0,4,0,0.75,0.23893805309734514,0.3521869552832727,0.3186701269567884,0.716973367722565,0.45295558154909377,0.0,0.4508145363408521,0.09133488705919797
1228,112,99.11504424778761,113,1,108,4,0,0.008849557522123894,2.9959952660013527,2.9529744446576665,9.474353516509039,2.4129780009904302,1.1550648159695596,1.9693742059203896,6.884955752212389,6.321882890351117,0.4122812029032499,0.04265862355970837,0.0014913572292529346,0.0,0.04265862355970837,-0.004943762382112538,0,1,0,4,0,0.8,0.22123893805309736,0.347671766488133,0.3153311612322842,0.7090395183862052,0.45261792593579314,0.008849557522123894,0.4508145363408521,0.09125279802628197
1229,112,99.11504424778761,113,0,107,6,0,0.0,2.9904245396170457,2.9474779012093686,9.771066906798998,2.4095012385046277,1.1383927857631364,1.9577870594129017,6.884955752212389,6.321882890351117,0.4152439408311488,0.016327773867287274,0.0015055673578955227,0.0,0.016327773867287274,-0.002397961828175014,0,0,0,6,0,0.8333333333333334,0.23008849557522124,0.3537738036807711,0.3032076433842935,0.7800176201501375,0.45912663089686595,0.0,0.4508145363408521,0.0911150459679964
1230,112,99.11504424778761,113,0,109,4,0,0.0,2.978198933394401,2.9361636821863075,8.389856604338513,2.4056720555302773,1.1907801978064882,1.9916911539034876,6.884955752212389,6.321882890351117,0.4080706763809534,0.006502931311468307,0.0012690107353424056,0.0,0.006502931311468307,-0.00662116158990228,0,0,0,4,0,1.0,0.24778761061946902,0.33154920032062074,0.3335814590777638,0.7709792357605495,0.45341424550144893,0.0,0.41541353383458646,0.09093287970523532
1231,112,99.11504424778761,113,0,108,5,0,0.0,2.9955680783063956,2.9530219938588536,8.515348747018022,2.4029375591962054,1.1789840923305877,1.9878799734690065,6.884955752212389,6.321882890351117,0.41045261469213723,0.053100280932250665,0.001145835829773707,0.0,0.053100280932250665,-0.007696594746846586,0,0,0,5,0,0.6,0.24778761061946902,0.33434160632234927,0.34293273433807026,0.7599662014879706,0.45481444080235983,0.0,0.41541353383458646,0.09093328960185482
1232,112,99.11504424778761,113,0,107,6,0,0.0,3.0215464213819296,2.9787930339296516,8.743781424551972,2.401679306496335,1.1405385071183234,1.9469929457045378,6.884955752212389,6.321882890351117,0.4101363144393244,0.04594307054174177,0.0013890078315795954,0.0,0.04594307054174177,-0.013390393909353945,0,0,0,6,0,0.6666666666666666,0.23008849557522124,0.3344823703147586,0.3331131832540876,0.7263574509340829,0.459190629876676,0.0,0.4207393483709273,0.09102340868615724
1233,113,100.0,113,0,109,4,0,0.0,2.9860526165606203,2.944360881277319,7.0687146989569944,2.39875919076477,1.2281858042350204,2.0177243513373257,6.884955752212389,6.321882890351117,0.4047936439046331,0.08070957950363683,0.001525352985435614,0.0,0.08070957950363683,-0.020511036512703335,0,0,0,4,0,0.5,0.23008849557522124,0.31267127812648476,0.37545820874953434,0.7407165348727095,0.45233266706826436,0.0,0.4508145363408521,0.09075363651364454
1234,113,100.0,113,0,109,4,0,0.0,2.983324857573301,2.9421457958435306,6.530465109714933,2.3959116532443807,1.2455990626249873,2.0309564744100905,6.884955752212389,6.321882890351117,0.4002614408063552,0.09365222515147806,0.001583336529035612,0.0,0.09365222515147806,-0.023024558530699984,0,0,0,4,0,0.5,0.23893805309734514,0.3020505766726573,0.3872291305870895,0.7599626745999439,0.45043298937341664,0.0,0.41541353383458646,0.09064998872505906
1235,113,100.0,113,0,109,4,0,0.0,2.9863793924336717,2.9450854011112035,6.346399006347702,2.3933928044332577,1.2326212928148157,2.003069309292127,6.884955752212389,6.321882890351117,0.4024705710895786,0.05873032610489158,0.0015224496333549207,0.0,0.05873032610489158,-0.027482923697524364,0,0,0,4,0,0.5,0.23008849557522124,0.30247877250779787,0.39695864515629903,0.7528810436467585,0.45649698657047616,0.0,0.41541353383458646,0.0905856420633488
1236,113,100.0,113,0,110,3,0,0.0,2.999217844250983,2.957300306708302,6.538230518332367,2.3916509639157715,1.2043294658896018,1.9776563105534812,6.884955752212389,6.321882890351117,0.40469889340414467,0.11055205678653014,0.0018170275974773564,0.0,0.11055205678653014,-0.030878577588690986,0,0,0,3,0,0.3333333333333333,0.23008849557522124,0.30723235800953375,0.3992222304493505,0.7517830199825294,0.45673793955863895,0.0,0.41541353383458646,0.09059477576360929
1237,111,98.23008849557522,113,2,109,2,0,0.017699115044247787,3.007536766160871,2.9666061960254866,7.060868352265582,2.3904300393867954,1.1647325160734465,1.9627868393545465,6.884955752212389,6.321882890351117,0.4086455894396679,0.08232369038619744,0.0012779111112403655,0.0,0.08232369038619744,-0.027839889564178766,0,2,0,2,0,0.25,0.23893805309734514,0.3161862079579641,0.3824625026113891,0.7817142981395028,0.46352200398468674,0.017699115044247787,0.43327067669172936,0.090597777663708
1238,111,98.23008849557522,113,0,108,5,0,0.0,3.0178987447427734,2.976754034403762,7.640267750586397,2.3898593749120347,1.1149016708393882,1.9208062827960255,6.884955752212389,6.321882890351117,0.4109353814127079,0.13196509283073704,0.0010790609633221412,0.0,0.13196509283073704,0.004454308631236026,0,0,0,5,0,0.2,0.24778761061946902,0.32297887262006675,0.36428846272129684,0.7694567731422948,0.4692284850566484,0.0,0.43327067669172936,0.09063154918672191
1239,111,98.23008849557522,113,0,112,1,0,0.0,2.996512293613283,2.955342831226686,7.354935609319575,2.388241914224849,1.1348670390219653,1.9528696436105704,6.884955752212389,6.321882890351117,0.4078437744845054,0.17235956645470552,0.0006452502322887275,0.0,0.17235956645470552,-0.008573946624877093,0,0,0,1,0,0.0,0.24778761061946902,0.3185813547013779,0.36779746471994906,0.7888201723329523,0.46424943589945367,0.0,0.43327067669172936,0.09047348994585377
1240,111,98.23008849557522,113,0,107,6,0,0.0,3.006565494372757,2.9651822225075835,7.253885094311918,2.3872243353432263,1.135561791580975,1.9538116320172256,6.884955752212389,6.321882890351117,0.40802257383371465,0.1355892718745312,0.0010359521311280224,0.0,0.1355892718745312,-0.0025129037946597147,0,0,0,6,0,0.16666666666666666,0.23893805309734514,0.31710873939213774,0.37556419595908314,0.7785119598093289,0.46206936158336787,0.0,0.468671679197995,0.09049159087704459
1241,111,98.23008849557522,113,0,107,6,0,0.0,3.0189581927809312,2.977535928978063,8.053701567979983,2.386895876091362,1.1065966175265267,1.9341148030179798,6.884955752212389,6.321882890351117,0.40826281449311197,0.1400097471338016,0.0006958984568603901,0.0,0.1400097471338016,0.016247909922752147,0,0,0,6,0,0.3333333333333333,0.23893805309734514,0.3249373987899663,0.33604123566276073,0.7576845878555498,0.4677410092426976,0.0,0.5040726817042607,0.09054317196446278
1242,112,99.11504424778761,113,1,107,5,0,0.008849557522123894,3.028289065698751,3.0092302889963514,8.05757939022905,2.387055443130691,1.1090165647107573,1.9180009851686295,6.884955752212389,6.321882890351117,0.4108747550863652,0.18132423870760417,0.0009269623337748136,0.0,0.18132423870760417,0.003289552966176034,0,1,0,5,0,0.16666666666666666,0.24778761061946902,0.32588735138230046,0.34950037326243977,0.7494918944444223,0.4658550230179064,0.008849557522123894,0.5216165413533834,0.09059487014973085
1243,111,98.23008849557522,113,1,107,4,1,0.008849557522123894,3.0310168191521294,3.00569106149004,7.856855132144474,2.388464048650102,1.1700734122170684,1.9883533536422406,6.884955752212389,6.321882890351117,0.412582387292749,0.4383231851067136,0.0014533183737438298,0.3333333333333333,0.11100439155281465,0.0219428803404854,0,2,0,4,0,0.5,0.23893805309734514,0.32646784828635267,0.37215113155697804,0.7677521135771681,0.46262376667005417,0.008849557522123894,0.48621553884711777,0.09065303411265985
1244,109,96.46017699115045,113,2,108,3,0,0.017699115044247787,3.0327615802168375,3.0113087381448653,8.04693196606925,2.3895481911889873,1.1813979736706148,1.9668436773237885,6.884955752212389,6.321882890351117,0.4140485257590345,0.2624168589509033,0.0018094585229765623,0.2,0.18609948804799742,0.00998435411958285,0,2,0,3,0,0.4,0.24778761061946902,0.3302469094950808,0.3802898779244823,0.7451726747935434,0.4572278671440453,0.017699115044247787,0.5391604010025062,0.09069602702881979
1245,108,95.57522123893806,113,1,108,4,0,0.008849557522123894,3.0446689443098514,3.0196295676983143,8.050376225488227,2.391375487740526,1.1914491028673446,2.0344029474713032,6.884955752212389,6.321882890351117,0.4122356248571728,0.07639195416124145,0.002248880702671857,0.0,0.07639195416124145,-0.026670806322267992,0,1,0,4,0,0.8,0.23008849557522124,0.32750990291292553,0.37676710842089245,0.7587065072837389,0.4492541148362243,0.008849557522123894,0.5216165413533834,0.09081332362330871
1246,107,94.69026548672566,113,1,112,0,0,0.008849557522123894,3.042028780248981,3.006757561940722,7.938614792782304,2.3927776216217924,1.2127053009822126,2.065133297777248,6.884955752212389,6.321882890351117,0.4133807240670253,0.9666589227715636,0.009059999433878592,1.0,0.03334107722843638,0.04078404492691767,0,1,0,0,0,1.0,0.25663716814159293,0.32878816130269506,0.38950267936701316,0.7391313485240261,0.4419246882098116,0.008849557522123894,0.574874686716792,0.09084444343397416
1247,108,95.57522123893806,113,0,108,5,0,0.0,3.0476809394902893,3.0126717852006735,7.396322068894869,2.393875088261163,1.2052081292703374,2.0527122919339074,6.884955752212389,6.321882890351117,0.41082824761036507,0.03933971801831353,0.001655371061482615,0.0,0.03933971801831353,-0.010930169701151904,0,0,0,5,0,0.6,0.25663716814159293,0.3195299898629572,0.4051072971513211,0.7513059061336387,0.44445220022911447,0.0,0.5394736842105263,0.09090739450803152
1248,109,96.46017699115045,113,0,108,5,0,0.0,3.0651718374427697,3.029788332734606,7.745391256586845,2.3957688448168057,1.207387330297162,2.024622322215975,6.884955752212389,6.321882890351117,0.41276996416383693,0.040432333624078935,0.0015251814104369622,0.0,0.040432333624078935,-0.0017111025560612614,0,0,0,5,0,0.8,0.24778761061946902,0.3245432664490355,0.39995147008086557,0.7513059061336387,0.44482891965502597,0.0,0.5394736842105263,0.09105470953363198
1249,110,97.34513274336283,113,1,108,4,0,0.008849557522123894,3.046226836362203,3.008351021455456,8.239664152205652,2.3965769619459274,1.1754925808725918,2.0086767844835043,6.884955752212389,6.321882890351117,0.41610376644461167,0.0473829204266753,0.0014326051126528666,0.0,0.0473829204266753,-0.005146678891191714,0,1,0,4,0,0.8,0.26548672566371684,0.3347731490262496,0.37385188673853975,0.745010084131399,0.4501264905707909,0.008849557522123894,0.574874686716792,0.09098552863748911
1250,111,98.23008849557522,113,0,109,4,0,0.0,3.0463285272599028,3.0081864845139172,8.069428893569166,2.3972073943740435,1.1674164554394548,2.0096479392271713,6.884955752212389,6.321882890351117,0.41713312555696636,0.0335590660990631,0.0013704854313357356,0.0,0.0335590660990631,-0.005105902329420375,0,0,0,4,0,0.75,0.25663716814159293,0.3344284896484904,0.37784804613667117,0.7526025397825821,0.45367678237153947,0.0,0.574874686716792,0.09100596469188175
1251,112,99.11504424778761,113,0,109,4,0,0.0,3.0745179237830107,3.035508533394911,8.690859587921931,2.3991797859491513,1.1481551439965842,1.9685723308416465,6.884955752212389,6.321882890351117,0.4212275626124675,0.01780119088646116,0.0012334377573411082,0.0,0.01780119088646116,-0.01010603744656452,0,0,0,4,0,1.0,0.24778761061946902,0.34385638897130594,0.36657939942523815,0.7449874353729378,0.4542715103122702,0.0,0.6102756892230576,0.09120925781725603
1252,112,99.11504424778761,113,0,108,5,0,0.0,3.027757331459721,2.989755225816807,7.29750704776794,2.398713508819903,1.1927622878391053,1.9920166599685611,6.884955752212389,6.321882890351117,0.4128217720299583,0.01069534981276348,0.0012584017737987175,0.0,0.01069534981276348,-0.005139452210380124,0,0,0,5,0,1.0,0.26548672566371684,0.3221720525449735,0.3957606166160777,0.7622851385837517,0.4482917312884205,0.0,0.6102756892230576,0.0909607161086118
1253,112,99.11504424778761,113,0,108,5,0,0.0,3.067371583527827,3.0287113186861254,7.436601630042241,2.400246916040593,1.1669517259965574,1.9461295586189895,6.884955752212389,6.321882890351117,0.41852678933883003,0.009155240290870859,0.0013523385143006756,0.0,0.009155240290870859,-0.012212222933233319,0,0,0,5,0,1.0,0.26548672566371684,0.32763012903225697,0.40956139622339016,0.7622851385837517,0.4536892498129622,0.0,0.6102756892230576,0.09120725747331443
1254,112,99.11504424778761,113,1,106,6,0,0.008849557522123894,3.114310093028606,3.0710006072443683,8.03323497994947,2.403988422889611,1.1166446847439997,1.934444296291023,6.884955752212389,6.321882890351117,0.4243885689550284,0.03801932609043247,0.0010163030316891332,0.0,0.03801932609043247,0.009527230975594143,0,1,0,6,0,0.5714285714285714,0.26548672566371684,0.3383593964362275,0.3987864478940262,0.747216345014259,0.46039837087554136,0.008849557522123894,0.6102756892230576,0.09156021686148301
1255,112,99.11504424778761,113,0,105,8,0,0.0,3.147584425090402,3.1037100945734726,7.887826347681018,2.408981424044883,1.0996026484654946,1.9570463172880745,6.884955752212389,6.321882890351117,0.42269420267646995,0.017691653888090148,0.0009581212340929391,0.0,0.017691653888090148,-0.0034660860797316173,0,0,0,8,0,0.875,0.25663716814159293,0.3330732086713713,0.40974236927561286,0.747216345014259,0.46128872538415383,0.0,0.6102756892230576,0.09188441436466709
1256,112,99.11504424778761,113,0,106,7,0,0.0,3.146730584798914,3.1034898687045467,7.458124942383451,2.4136476355771843,1.118318320917639,1.8942233305936511,6.884955752212389,6.321882890351117,0.42226695758996446,0.01858180807219626,0.0010896446212904668,0.0,0.01858180807219626,-0.0012019556693666817,0,0,0,7,0,0.8571428571428571,0.25663716814159293,0.32767504923430213,0.42193588928182574,0.7434530448377934,0.46547982727927384,0.0,0.574874686716792,0.09202764137745373
1257,112,99.11504424778761,113,0,105,8,0,0.0,3.1705282876001917,3.127051675573336,8.06259823183685,2.419210494550673,1.0887008345138207,1.912348899145106,6.884955752212389,6.321882890351117,0.42823172716395197,0.06081692627277712,0.0008874038244126169,0.0,0.06081692627277712,0.00817904464269864,0,0,0,8,0,0.625,0.25663716814159293,0.3397883650382006,0.4104557416212519,0.7434530448377934,0.47491519329505344,0.0,0.574874686716792,0.09232246860628977
1258,110,97.34513274336283,113,2,105,6,0,0.017699115044247787,3.172284688440503,3.1363473288926094,7.538894993051012,2.424542081338681,1.118877548385696,1.926676244430035,6.884955752212389,6.321882890351117,0.42438501981680843,0.06825619088748705,0.0009678890853803775,0.0,0.06825619088748705,0.008705479069558528,0,2,0,6,0,0.625,0.26548672566371684,0.32926491125469975,0.4206729945861204,0.7648953208744544,0.46993427974024,0.017699115044247787,0.5573308270676692,0.09249977894695899
1259,110,97.34513274336283,113,1,108,4,0,0.008849557522123894,3.180529192366518,3.1408736285461267,7.403850620308091,2.4303310993571494,1.123516192196988,1.884551505271232,6.884955752212389,6.321882890351117,0.42493275389512997,0.08344205410772329,0.0012415684917779215,0.0,0.08344205410772329,0.014192862335033807,0,1,0,4,0,0.8,0.25663716814159293,0.327476898616495,0.42069557867908364,0.7449545645578983,0.4678244040795394,0.008849557522123894,0.5573308270676692,0.09272398893640352
1260,110,97.34513274336283,113,0,110,3,0,0.0,3.168863913198679,3.1290101114911244,7.196553690529219,2.434938297308579,1.140297629427584,1.9460664737109963,6.884955752212389,6.321882890351117,0.4232779890215388,0.00651658268266771,0.000598058161571092,0.0,0.00651658268266771,0.009690811444443614,0,0,0,3,0,1.0,0.25663716814159293,0.3229430408259175,0.41419127310752585,0.7437181041560764,0.4723883260817593,0.0,0.5573308270676692,0.09281129337007232
1261,110,97.34513274336283,113,0,108,5,0,0.0,3.165414430696807,3.126056768069922,6.908525177543224,2.4391048680710417,1.1601343761289427,1.9537685238248306,6.884955752212389,6.321882890351117,0.4162395512016259,0.03813199799837147,0.0009901026173856965,0.0,0.03813199799837147,0.011422883141610796,0,0,0,5,0,0.8,0.26548672566371684,0.31175300057183075,0.4141354621311434,0.7472190167474321,0.4699480160527392,0.0,0.5573308270676692,0.09292574881963622
1262,110,97.34513274336283,113,0,110,3,0,0.0,3.1721789070334045,3.132866338608321,7.167286570321327,2.4433524275691765,1.1332975242545194,1.92667813338156,6.884955752212389,6.321882890351117,0.41684748279819184,0.07537151702642389,0.0011164942960209944,0.0,0.07537151702642389,0.00885850606483,0,0,0,3,0,0.6666666666666666,0.2743362831858407,0.3153727563735624,0.40048744404713016,0.7536284046891474,0.47134512692147656,0.0,0.5219298245614036,0.09309383406990425
1263,112,99.11504424778761,113,0,109,4,0,0.0,3.1748151056785803,3.1353650964547097,7.219206534815317,2.447457836165951,1.1277545167929706,1.8794259599989738,6.884955752212389,6.321882890351117,0.41930556296622856,0.1637139411809294,0.0013809707788851864,0.0,0.1637139411809294,0.0036672805929537644,0,0,0,4,0,0.5,0.25663716814159293,0.3178002240376685,0.4013234428346458,0.7571135949958132,0.47821636120775296,0.0,0.4865288220551379,0.09323678462495938
1264,112,99.11504424778761,113,1,109,3,0,0.008849557522123894,3.1710686878150454,3.1264707135434393,7.195371190893505,2.451073211528456,1.1457570719382415,1.9274471389964711,6.884955752212389,6.321882890351117,0.4204192471992618,0.17116112771668168,0.0015704618316118059,0.0,0.17116112771668168,-0.0076515438242690526,0,1,0,3,0,0.5,0.3008849557522124,0.3194736397262374,0.40794184877714373,0.7479741179990012,0.479456975809791,0.008849557522123894,0.4865288220551379,0.09333233243387379
1265,112,99.11504424778761,113,0,112,1,0,0.0,3.167939135075457,3.1223425235264544,6.925346188314592,2.4540319037572393,1.1882701642400124,1.9207904188992484,6.884955752212389,6.321882890351117,0.4215504117957991,0.004451853626492934,0.0009050223911647203,0.0,0.004451853626492934,-0.01303330482488474,0,0,0,1,0,1.0,0.30973451327433627,0.3184814427480214,0.4282634589538763,0.7633208737379088,0.47255067351794217,0.0,0.5219298245614036,0.09341020719907064
1266,112,99.11504424778761,113,0,110,3,0,0.0,3.134081528164479,3.0894375091034103,6.2350580761819385,2.455139377746732,1.2209986755574511,1.9229723498418405,6.884955752212389,6.321882890351117,0.4126547580498834,0.12375322323560746,0.0011823023236092664,0.0,0.12375322323560746,-0.0009913376878492401,0,0,0,3,0,0.6666666666666666,0.2831858407079646,0.302137552494323,0.43385744733683757,0.7594956974739201,0.4637071775463604,0.0,0.5219298245614036,0.09327592576884416
1267,111,98.23008849557522,113,1,110,2,0,0.008849557522123894,3.1101379183366538,3.0625625068634275,6.147973559536809,2.4549836865020276,1.2568745996676627,2.0111046467577784,6.884955752212389,6.321882890351117,0.4114331863792191,0.1262190224168803,0.0012950159473229014,0.0,0.1262190224168803,0.0008060229581769995,0,1,0,2,0,0.6666666666666666,0.2920353982300885,0.3013372767789275,0.43772765472550007,0.7425704477316094,0.46162124897657847,0.008849557522123894,0.5219298245614036,0.09315128641062466
1268,111,98.23008849557522,113,0,112,1,0,0.0,3.0781390138463616,3.0320714344751396,6.14889787878778,2.453129697055591,1.274033102854004,2.033804580081823,6.884955752212389,6.321882890351117,0.4076861623771939,0.00018419427947973365,0.0012526281991948798,0.0,0.00018419427947973365,-0.0008767067834796194,0,0,0,1,0,1.0,0.2743362831858407,0.29900352809851716,0.42087427891102863,0.7462264610870045,0.4574669641529034,0.0,0.5573308270676692,0.09293268836737162
1269,112,99.11504424778761,113,0,111,2,0,0.0,3.0566785396971223,3.010596482368637,5.9041665191784976,2.450306817592412,1.2876291653820378,2.04107643893638,6.884955752212389,6.321882890351117,0.40909998779363854,0.008884790287878724,0.0010285627745448887,0.0,0.008884790287878724,0.003103051460955686,0,0,0,2,0,1.0,0.2743362831858407,0.2976172729918805,0.43111197703697274,0.7464321569463619,0.4559823481359948,0.0,0.5573308270676692,0.09273615642972644
1270,112,99.11504424778761,113,0,112,1,0,0.0,3.069812428782593,3.0229565826423985,5.74852213753403,2.4482875101145805,1.2921334875262258,2.018438753427482,6.884955752212389,6.321882890351117,0.40830334042790617,0.00012018146298349634,0.0007534091897611367,0.0,0.00012018146298349634,0.005923693016999687,0,0,0,1,0,1.0,0.25663716814159293,0.29560400357138317,0.43859428544570445,0.7464321569463619,0.4548104570118946,0.0,0.5573308270676692,0.09273799674818148
1271,111,98.23008849557522,113,1,111,1,0,0.008849557522123894,3.03803651020088,2.989568701408736,5.563156543937947,2.4448308218741763,1.3022451453876918,2.02215276552568,6.884955752212389,6.321882890351117,0.40795463542039756,0.13277771879596634,0.0020218151446853984,0.0,0.13277771879596634,-0.03167782808830355,0,1,0,1,0,0.5,0.25663716814159293,0.29428189113370307,0.4375815982953671,0.7403976329469648,0.45621950078400614,0.008849557522123894,0.5573308270676692,0.09246985326405148
1272,112,99.11504424778761,113,0,111,2,0,0.0,3.0221396680170063,2.9740701261387317,5.4710421020507605,2.440685264809209,1.3088673483318365,2.0352698092054418,6.884955752212389,6.321882890351117,0.40652089805631886,0.07799829990961835,0.000553456970699501,0.0,0.07799829990961835,0.06360590385510745,0,0,0,2,0,0.5,0.2743362831858407,0.2920696129866365,0.4378004943843156,0.7365961592652857,0.452178802103121,0.0,0.5573308270676692,0.09225933042173216
1273,112,99.11504424778761,113,0,111,2,0,0.0,3.0009724512347717,2.953911440798108,5.220522314860542,2.4357822582234667,1.3322859063414163,2.1018576528801436,6.884955752212389,6.321882890351117,0.39981096379720094,0.07534253692718636,0.0007392975242527318,0.0,0.07534253692718636,0.06349357295634514,0,0,0,2,0,0.5,0.26548672566371684,0.28226288922071263,0.4283380424751331,0.7184239920200355,0.4460470461443027,0.0,0.6281328320802005,0.09199851317059256
1274,112,99.11504424778761,113,0,112,1,0,0.0,3.010686637086364,2.963526048100503,5.211715493003714,2.4316754733434003,1.3358687419782334,2.097104745785672,6.884955752212389,6.321882890351117,0.40003771554467216,0.15136489531469147,0.0002361099889933394,0.0,0.15136489531469147,0.12136627591055177,0,0,0,1,0,0.0,0.26548672566371684,0.28207884378152664,0.42852843758639175,0.7184239920200355,0.44625788489581053,0.0,0.6281328320802005,0.09191727103451229
1275,111,98.23008849557522,113,1,112,0,0,0.008849557522123894,3.021392253851764,2.9701957891101305,5.393129051762233,2.428360269852276,1.3370776069946235,2.0847344978772635,6.884955752212389,6.321882890351117,0.39935107406422476,0.15371140387604115,0.00018929785752181078,0.0,0.15371140387604115,0.12366251959617724,0,1,0,0,0,0.0,0.25663716814159293,0.28509418349849264,0.42517359279501077,0.6832731047747824,0.44493061069282325,0.008849557522123894,0.6456766917293233,0.09186600747719646
1276,112,99.11504424778761,113,0,112,1,0,0.0,3.032962698196069,2.98165993041996,5.425325562400349,2.425639816628141,1.3422591409655282,2.091624857350676,6.884955752212389,6.321882890351117,0.3978987832127847,0.01880354909261254,0.0025752966056769105,0.0,0.01880354909261254,-0.0049395503315601275,0,0,0,1,0,1.0,0.24778761061946902,0.2838288752404102,0.4297760820177973,0.6992960737985643,0.44106415734105003,0.0,0.6102756892230576,0.09183786776545967
1277,112,99.11504424778761,113,0,112,1,0,0.0,3.071341604518866,3.018845703445468,5.516214062283613,2.424972020088957,1.316551966663368,2.0629986267518343,6.884955752212389,6.321882890351117,0.40037724809944986,0.02819266389153587,0.002527970859250438,0.0,0.02819266389153587,-0.020492271560549113,0,0,0,1,0,1.0,0.2743362831858407,0.2866774493399617,0.4462985590152956,0.7233210263775401,0.4440421070893719,0.0,0.6102756892230576,0.09200865363949715
1278,112,99.11504424778761,113,0,112,1,0,0.0,3.0610017541284273,3.009438297292875,5.224772370264719,2.423870660704937,1.3333715658814989,2.0808614514124093,6.884955752212389,6.321882890351117,0.39615626011504435,0.024647631139987657,0.0026404884063789876,0.0,0.024647631139987657,-0.02059862613654606,0,0,0,1,0,1.0,0.2920353982300885,0.27806516828238603,0.44920964405339475,0.7231802466565947,0.4405256453120958,0.0,0.574874686716792,0.09192214106231514
1279,112,99.11504424778761,113,0,112,1,0,0.0,3.0767578041830355,3.024829996474362,5.747654867188577,2.4236173641290484,1.30515086986651,2.088968365003651,6.884955752212389,6.321882890351117,0.3978032890658876,0.019270677953042714,0.0024920785375438883,0.0,0.019270677953042714,-0.009459999008381903,0,0,0,1,0,1.0,0.25663716814159293,0.2864634772719707,0.42333454869160003,0.7150135731184775,0.44659494802368116,0.0,0.574874686716792,0.0919929147561417
1280,113,100.0,113,0,112,1,0,0.0,3.098317701772675,3.045510513958595,6.287868522083429,2.4244259991432293,1.2849532199511422,2.057156545327459,6.884955752212389,6.321882890351117,0.403104108042067,0.028342047274776443,0.0012463686743778009,0.0,0.028342047274776443,0.008084475250201395,0,0,0,1,0,1.0,0.24778761061946902,0.29771369994925967,0.40596405875387215,0.7259889438089142,0.4553589784157461,0.0,0.5040726817042607,0.09212627472339334
1281,113,100.0,113,0,112,1,0,0.0,3.1118469308282224,3.0588681123033976,6.421132760562521,2.425859074578261,1.2775336083371984,2.0454639818058338,6.884955752212389,6.321882890351117,0.4041240756226465,0.14482783993655213,0.0018176221922228748,0.0,0.14482783993655213,0.01657920590035844,0,0,0,1,0,0.0,0.25663716814159293,0.29931720752704044,0.3958003304357713,0.7312779868101125,0.4622205211860554,0.0,0.5394736842105263,0.09223921954403762
1282,113,100.0,113,0,112,1,0,0.0,3.1056432093034245,3.0527609360439287,6.353536623105325,2.426892681837735,1.2869812554387916,2.015768229711467,6.884955752212389,6.321882890351117,0.4059073889889644,0.003109806033027112,0.0022268536089590863,0.0,0.003109806033027112,0.011094462368134828,0,0,0,1,0,1.0,0.2831858407079646,0.3008248689700799,0.39725868485141463,0.717370572489574,0.4656035538234202,0.0,0.5040726817042607,0.0922408726566587
1283,113,100.0,113,0,110,3,0,0.0,3.070039734419705,3.017610937646297,6.238539840835685,2.426083232268992,1.2552758750648154,2.0195329781446754,6.884955752212389,6.321882890351117,0.40570753543339566,0.053619179403970596,0.0014007747714396268,0.0,0.053619179403970596,0.015130689726666757,0,0,0,3,0,0.3333333333333333,0.2920353982300885,0.3008142778325392,0.3995929930293709,0.7497804595216422,0.46848418993153074,0.0,0.5040726817042607,0.0920372690553439
1284,113,100.0,113,0,110,3,0,0.0,3.060208601135595,3.0082769196690653,5.720479304025597,2.424852886605654,1.2755862443502737,2.0242207198380804,6.884955752212389,6.321882890351117,0.4026574093260602,0.02883932504861481,0.0016231396972672119,0.0,0.02883932504861481,-0.009323052530337606,0,0,0,3,0,0.6666666666666666,0.2920353982300885,0.29120118548549934,0.42911548640875463,0.7515716213137484,0.46541560852608305,0.0,0.5040726817042607,0.09194922288293197
1285,113,100.0,113,0,107,6,0,0.0,3.089529343105783,3.0360062525396794,5.972795439323648,2.425102734714583,1.2675918868650227,2.025037397334788,6.884955752212389,6.321882890351117,0.4064632171638931,0.04642414692355348,0.001310964598954247,0.0,0.04642414692355348,-0.003216139085716385,0,0,0,6,0,0.6666666666666666,0.336283185840708,0.29697185428734435,0.4353443579194051,0.7309440838753252,0.46710780834769744,0.0,0.5040726817042607,0.09210372414520804
1286,113,100.0,113,0,109,4,0,0.0,3.096137634780531,3.0425531170760753,5.91404567657441,2.425667895805846,1.2633218836235631,2.023029268541649,6.884955752212389,6.321882890351117,0.40470566566460153,0.05323900390269522,0.001630365039922691,0.0,0.05323900390269522,-0.003897323458266544,0,0,0,4,0,0.5,0.336283185840708,0.2935241599506563,0.4370961523013381,0.7375842007229639,0.4667554329387347,0.0,0.5040726817042607,0.09215463001474752
1287,113,100.0,113,0,108,5,0,0.0,3.081735459970185,3.0285411466395455,5.666952055599006,2.4254886717854753,1.2845642173904672,2.05190805241988,6.884955752212389,6.321882890351117,0.4018696848576928,0.04386557693404973,0.0015853774461836554,0.0,0.04386557693404973,-0.0017600063753887784,0,0,0,5,0,0.6,0.3185840707964602,0.2885068239468409,0.45064940763941014,0.7399279768814527,0.4604094353505767,0.0,0.5394736842105263,0.0920769539743562
1288,113,100.0,113,0,110,3,0,0.0,3.08755722843634,3.0344707400261246,5.824962285447635,2.4256206676576033,1.263929012964588,2.046777628347217,6.884955752212389,6.321882890351117,0.40370821392946454,0.011926457023981167,0.0016272743651201422,0.0,0.011926457023981167,-0.022685584614407246,0,0,0,3,0,1.0,0.336283185840708,0.2920075235276986,0.4368156677432003,0.7581943526808329,0.46599840922395,0.0,0.5394736842105263,0.09211023512891499
1289,112,99.11504424778761,113,1,107,5,0,0.008849557522123894,3.113693478963524,3.0699577830499325,6.41750849441363,2.427040939572309,1.2032418033737813,1.9793157265205834,6.884955752212389,6.321882890351117,0.4044183307825775,0.08946039190126275,0.0015569576854911615,0.0,0.08946039190126275,-0.004818701404184796,0,1,0,5,0,0.6666666666666666,0.3008849557522124,0.29876866034008015,0.4324985982268296,0.7351293758258377,0.4607986684917767,0.008849557522123894,0.5394736842105263,0.09228581034513703
1290,112,99.11504424778761,113,0,104,9,0,0.0,3.114942813065824,3.0710452546813163,6.562502007939364,2.4289245612801804,1.173483093116202,1.9545361422304053,6.884955752212389,6.321882890351117,0.4054917238039075,0.060098471171081816,0.0015503394261818183,0.0,0.060098471171081816,-0.0031355643938551195,0,0,0,9,0,0.5555555555555556,0.3008849557522124,0.3020911812537675,0.4342209336475332,0.7580340932502851,0.4650142091980687,0.0,0.5040726817042607,0.09235159719488295
1291,112,99.11504424778761,113,0,105,8,0,0.0,3.1408190844873536,3.0955738503709567,7.006625123174248,2.431929637904901,1.1421354751726973,1.9415057002152336,6.884955752212389,6.321882890351117,0.40888533223338475,0.12610992679671193,0.001953397440252797,0.125,0.05741489597352831,0.00032935664273844867,0,0,0,8,0,0.75,0.2920353982300885,0.31072496571722974,0.43555426213515963,0.7429398616142815,0.4647491995905934,0.0,0.574874686716792,0.09257596726448068
1292,111,98.23008849557522,113,1,106,6,0,0.008849557522123894,3.159741656532758,3.110509514437722,7.599494763380963,2.435628993678546,1.1110500567771913,1.9204083647694554,6.884955752212389,6.321882890351117,0.41463074979701187,0.04919457846087694,0.0016167950661480932,0.0,0.04919457846087694,-0.010481722831458666,0,1,0,6,0,0.7142857142857143,0.2831858407079646,0.3225698165615223,0.4351630387432194,0.7665856136936302,0.46466950079138764,0.008849557522123894,0.5219298245614035,0.09278751459456133
1293,111,98.23008849557522,113,0,108,5,0,0.0,3.1658812120932804,3.117784306448007,7.4287455742720025,2.4393335191566616,1.1228807227465614,1.909450462109118,6.884955752212389,6.321882890351117,0.4107736845354151,0.1590240719391658,0.00154618688603083,0.0,0.1590240719391658,0.005102813385085181,0,0,0,5,0,0.2,0.30973451327433627,0.316108057657479,0.4354304535039817,0.7385120397756292,0.465382410449392,0.0,0.5219298245614035,0.0929353102535488
1294,112,99.11504424778761,113,0,110,3,0,0.0,3.1638413103564695,3.1147236642533787,7.447907616177384,2.4426490567002186,1.1124803974720827,1.8622248289516556,6.884955752212389,6.321882890351117,0.4162933974212941,0.09064540481169836,0.0016131233958070954,0.0,0.09064540481169836,-0.013315820843402548,0,0,0,3,0,0.0,0.34513274336283184,0.32307709267298923,0.44082751560025124,0.7484015686774972,0.47364548374039056,0.0,0.5219298245614035,0.09302991294520939
1295,112,99.11504424778761,113,0,108,5,0,0.0,3.2072019298206964,3.1563868289141066,8.336737402060633,2.4478621070256983,1.062868236413886,1.826714705905476,6.884955752212389,6.321882890351117,0.4233863572661023,0.13633970530983028,0.0016495702806346986,0.0,0.13633970530983028,0.0018116573732863018,0,0,0,5,0,0.4,0.336283185840708,0.3383756398947286,0.4253836870765877,0.7523860977712792,0.4816566271534773,0.0,0.5219298245614035,0.09341149751082647
1296,111,98.23008849557522,113,1,105,7,0,0.008849557522123894,3.2161305292891833,3.1643447835432417,8.540054638938267,2.453175899335081,1.0690662712571213,1.8212586577044307,6.884955752212389,6.321882890351117,0.42374483577843036,0.11572255113715826,0.0015347188739633522,0.0,0.11572255113715826,0.005539918146626965,0,1,0,7,0,0.375,0.3008849557522124,0.34075329902624324,0.4205394253320849,0.7539274599727971,0.4779971301054609,0.008849557522123894,0.5219298245614035,0.09362410637158675
1297,111,98.23008849557522,113,1,106,6,0,0.008849557522123894,3.2724541071932993,3.231804456573483,9.710881368270819,2.4608822022557795,1.0288289061008495,1.7889639498939225,6.884955752212389,6.321882890351117,0.4295952165658552,0.1184089132197105,0.0013405864535541898,0.0,0.1184089132197105,0.007128670725225193,0,1,0,6,0,0.2857142857142857,0.2920353982300885,0.3564403192923141,0.4061399849904801,0.7539274599727971,0.4777631994558439,0.008849557522123894,0.5219298245614035,0.09414931598401846
1298,110,97.34513274336283,113,1,105,7,0,0.008849557522123894,3.2748977173116525,3.231297813829498,9.223179173207296,2.468924436056168,1.03726420722299,1.7821231581978858,6.884955752212389,6.321882890351117,0.4271776937389429,0.11367491276444021,0.0012292431538079363,0.0,0.11367491276444021,-0.0014925639887645031,0,1,1,6,0,0.5,0.2920353982300885,0.34887877225851766,0.4159930827785057,0.7701774354493179,0.48057005711412054,0.008849557522123894,0.4865288220551379,0.09441574433592462
1299,110,97.34513274336283,113,0,105,8,0,0.0,3.270484500286382,3.227439325806532,9.258046125459074,2.4760698721851364,1.0567821525582721,1.7819550400868684,6.884955752212389,6.321882890351117,0.4270805987862376,0.09404267728701747,0.0010749442159586602,0.0,0.09404267728701747,-0.01127489971997854,0,0,0,8,0,0.5,0.2831858407079646,0.349438354522895,0.4116779250396628,0.7643990106663479,0.48213771279121664,0.0,0.4865288220551379,0.09461954130283737
1300,110,97.34513274336283,113,0,110,3,0,0.0,3.2918083680447716,3.248498641880038,9.97288905333546,2.483828658449768,0.9885455793755287,1.7283910057985978,6.884955752212389,6.321882890351117,0.43058931464063255,0.10193429629043486,0.0007582790786818742,0.0,0.10193429629043486,0.0051151705652563995,0,0,0,3,0,0.3333333333333333,0.3008849557522124,0.3591873153564316,0.3985823388986283,0.760913820359682,0.4904874296115731,0.0,0.45112781954887227,0.09497141133231064
1301,111,98.23008849557522,113,0,108,5,0,0.0,3.325452896682334,3.2821880383969635,10.221114761251128,2.4928007866884485,0.9751508550661353,1.6819229412422778,6.884955752212389,6.321882890351117,0.42526828436703323,0.049049489889667994,0.0006212375107710327,0.0,0.049049489889667994,0.011057019704557209,0,0,0,5,0,0.6,0.2920353982300885,0.3533426546142904,0.3764304818341599,0.763369290491171,0.4842628892791007,0.0,0.4157268170426066,0.09542323769550921
1302,111,98.23008849557522,113,1,106,6,0,0.008849557522123894,3.294069886918478,3.251857103501632,9.759401370660623,2.499669220795611,1.005895709522714,1.748487663180472,6.884955752212389,6.321882890351117,0.4236615164152573,0.10726876091527683,0.001225760532100862,0.0,0.10726876091527683,-0.011866502415039492,0,1,0,6,0,0.5714285714285714,0.2920353982300885,0.3477471644661785,0.3787924022988903,0.760913820359682,0.48157979374294374,0.008849557522123894,0.45112781954887227,0.0954834298270178
1303,112,99.11504424778761,113,0,105,8,0,0.0,3.345273677956273,3.3027466160232426,10.95121010878253,2.5086796785947802,0.9392447953079125,1.6776661945821127,6.884955752212389,6.321882890351117,0.4301443804528793,0.09337878844360392,0.0005579780651556435,0.0,0.09337878844360392,0.011636486391276821,0,0,0,8,0,0.5,0.3185840707964602,0.36347771080180136,0.37185924964358746,0.760913820359682,0.48539630572592757,0.0,0.45112781954887227,0.09602426407718077
1304,111,98.23008849557522,113,1,104,8,0,0.008849557522123894,3.361434411997862,3.3202028198054334,10.929237463554076,2.5179343980702393,0.955570939464046,1.7468934920607353,6.884955752212389,6.321882890351117,0.43119831930920816,0.06104849921093583,0.0006913765378322847,0.0,0.06104849921093583,0.007203836428945004,0,1,0,8,0,0.5555555555555556,0.3185840707964602,0.36456555877363417,0.3802609780400647,0.7847843130023693,0.49659445010426395,0.008849557522123894,0.46867167919799496,0.09639760401092325
1305,111,98.23008849557522,113,0,108,5,0,0.0,3.352352219900756,3.311608510495804,11.096205843686976,2.526238343624728,0.9525665237035816,1.7116054780584673,6.884955752212389,6.321882890351117,0.43079059769243067,0.008921437904776133,0.0006543010828555369,0.0,0.008921437904776133,0.01047140763679999,0,0,0,5,0,1.0,0.3185840707964602,0.36701674563675235,0.3751737461303457,0.7805751797698495,0.4948580226812011,0.0,0.40288220551378445,0.09661467590705436
1306,111,98.23008849557522,113,0,108,5,0,0.0,3.3903075062028387,3.3487562777897693,11.181054419206738,2.535896074141747,0.9349197890407219,1.732011847509067,6.884955752212389,6.321882890351117,0.43251840288211096,0.01442810647494539,0.0007281341627175628,0.0,0.01442810647494539,-0.0023095933386578114,0,0,0,5,0,1.0,0.3185840707964602,0.3668480469723097,0.36893688491916715,0.7801090999335237,0.5012219833970493,0.0,0.40288220551378445,0.09710972754514059
1307,111,98.23008849557522,113,1,108,4,0,0.008849557522123894,3.3739920070661933,3.333815291938309,10.940978493301792,2.5441441356880725,0.962282888623805,1.7540118034478864,6.884955752212389,6.321882890351117,0.43040386060122304,0.046000062188050465,0.0009579623786982227,0.0,0.046000062188050465,-0.002613737597328525,0,1,0,4,0,0.8,0.34513274336283184,0.3642280864975517,0.3739159497183841,0.817937256698321,0.49733138504764185,0.008849557522123894,0.36246867167919794,0.09728886644529874
1308,111,98.23008849557522,113,0,106,7,0,0.0,3.360225950419992,3.3202067657652528,10.090325517177144,2.551225989627492,1.0182336902971258,1.8217741938746583,6.884955752212389,6.321882890351117,0.4285211305791248,0.07643523605424322,0.000982375512166457,0.0,0.07643523605424322,-0.0015043200449422597,0,0,0,7,0,0.42857142857142855,0.3274336283185841,0.35439093418485296,0.38683335816686043,0.7908266117460622,0.4928977398559311,0.0,0.3978696741854637,0.09744388941832566
1309,111,98.23008849557522,113,1,104,8,0,0.008849557522123894,3.3770722948366796,3.3300322503279967,10.062942913129682,2.5586918244327075,1.0174495378609851,1.8204102763853265,6.884955752212389,6.321882890351117,0.43042766738835514,0.08634635810160611,0.0010637775371754614,0.0,0.08634635810160611,0.0014756902285970844,0,1,0,8,0,0.6666666666666666,0.3185840707964602,0.35547949945626167,0.38986501452552663,0.8087707091291767,0.4952416951724332,0.008849557522123894,0.3978696741854637,0.0977641118069955
1310,111,98.23008849557522,113,0,104,9,0,0.0,3.4004489791271424,3.3528624280781005,10.09979860127299,2.5665055527092275,1.0510070794695427,1.8064728008637592,6.884955752212389,6.321882890351117,0.4295493826695833,0.06497427390613636,0.0008385338801976529,0.0,0.06497427390613636,0.0010872803283989614,0,0,0,9,0,0.6666666666666666,0.3274336283185841,0.35267274601841636,0.3855081731964139,0.8075775688906272,0.49342536017574473,0.0,0.3978696741854637,0.09812798260395372
1311,109,96.46017699115045,113,2,101,10,0,0.017699115044247787,3.46266599184782,3.4179015201089764,11.381258825194523,2.576872105896452,1.0658035315937762,1.8665460740452793,6.884955752212389,6.321882890351117,0.4373307092414156,0.2093633836954821,0.001832167584573682,0.16666666666666666,0.0457962873388247,0.011431736509635785,1,1,0,10,0,0.8333333333333334,0.30973451327433627,0.37057155520586355,0.3902903039573917,0.8037878918377878,0.4951880846203881,0.017699115044247787,0.38001253132832086,0.09876674834368826
1312,108,95.57522123893806,113,2,102,7,2,0.017699115044247787,3.4819798373141033,3.424480316299348,11.729856479468282,2.5877629955233012,1.1060328610281696,1.9462707004085207,6.884955752212389,6.321882890351117,0.4360448314280494,0.29894356096524954,0.001427872710006598,0.18181818181818182,0.12337170943750722,0.028424395968296726,0,4,0,7,0,0.5454545454545454,0.3008849557522124,0.37258598269252763,0.37862236025640494,0.7850589044519312,0.4903940399869112,0.017699115044247787,0.43327067669172936,0.09920757221498308
1313,107,94.69026548672566,113,1,106,5,1,0.008849557522123894,3.5094741427247578,3.442574570372798,11.979522277635517,2.598709054622208,1.098765410981507,1.9599304517181797,6.884955752212389,6.321882890351117,0.43919418402648747,0.2807434943169674,0.002334136525383471,0.2857142857142857,0.04732224771410832,0.016535372004500854,0,2,0,5,0,0.5714285714285714,0.3008849557522124,0.3779957790130224,0.3776839749530523,0.777367207711227,0.50190939981487,0.008849557522123894,0.43327067669172936,0.09969104226070712
1314,107,94.69026548672566,113,1,102,10,0,0.008849557522123894,3.546846220522578,3.4746156039470675,12.03616540681866,2.610404316367051,1.0993248366017332,1.8953943880551614,6.884955752212389,6.321882890351117,0.43724846357058733,0.11032209145706934,0.001557333734708466,0.0,0.11032209145706934,0.013494160884200301,0,1,0,10,0,0.45454545454545453,0.3008849557522124,0.3745472464309798,0.38225284112563224,0.777367207711227,0.5013855916704167,0.008849557522123894,0.43327067669172936,0.10024758302531073
1315,106,93.80530973451327,113,1,106,6,0,0.008849557522123894,3.5587057982493184,3.4842528317847625,13.51931516796797,2.6216725880608793,1.073467648376364,1.9339291863958743,6.884955752212389,6.321882890351117,0.44010395589091256,0.134612606367208,0.001322545535455217,0.0,0.134612606367208,-0.002851533362562148,0,1,0,6,0,0.2857142857142857,0.30973451327433627,0.391087870876612,0.3543087725955991,0.7712588189547822,0.5030457030019801,0.008849557522123894,0.4511278195488722,0.10066306438406962
1316,108,95.57522123893806,113,0,108,5,0,0.0,3.576127892171474,3.500802145233402,14.209005632101485,2.6329868067508775,1.037340538096392,1.9074532097622585,6.884955752212389,6.321882890351117,0.44222035416882877,0.08776781336198383,0.000665352237418449,0.0,0.08776781336198383,0.004928474816846107,0,0,0,5,0,0.6,0.3008849557522124,0.39895270307471387,0.3491344007524249,0.7828486760494755,0.5086854029307393,0.0,0.42951127819548873,0.10110781068145035
1317,109,96.46017699115045,113,1,108,4,0,0.008849557522123894,3.563916891841911,3.5032560417482417,14.241988569584606,2.643012124391728,1.037295346573853,1.9236278134874527,6.884955752212389,6.321882890351117,0.442009433259434,0.14019064570206702,0.0010837752718659485,0.0,0.14019064570206702,-0.0010223000978214491,0,1,0,4,0,0.4,0.3185840707964602,0.39863692896248126,0.34499783602156536,0.7693684976923184,0.5088030461768345,0.008849557522123894,0.42951127819548873,0.10136365010012269
1318,110,97.34513274336283,113,0,109,4,0,0.0,3.565693245690375,3.505045233152332,13.964068445005934,2.6531918770248817,1.0507858979799638,1.9181064318955166,6.884955752212389,6.321882890351117,0.4409870492585066,0.04148997819408914,0.0011298660999113225,0.0,0.04148997819408914,-0.012476016436113097,0,0,0,4,0,0.75,0.2920353982300885,0.39459721475222687,0.3466788068027473,0.7693684976923184,0.5098415283117502,0.0,0.42951127819548873,0.1016943078893627
1319,111,98.23008849557522,113,0,109,4,0,0.0,3.644551248419736,3.5817777846229406,15.456668477218187,2.6666088312522396,1.0062292260518824,1.8996656194411152,6.884955752212389,6.321882890351117,0.4490314560976838,0.042308351156398666,0.0010140965433652295,0.0,0.042308351156398666,-0.009945444868460857,0,0,0,4,0,0.75,0.2920353982300885,0.4112262046644906,0.3501402422787754,0.7956460760213606,0.5150504421086682,0.0,0.4157268170426066,0.1025126999698623
1320,112,99.11504424778761,113,0,109,4,0,0.0,3.65360193767618,3.5913340006233057,14.936207176841437,2.6796608875733265,1.0233740892831475,1.9060302243139062,6.884955752212389,6.321882890351117,0.4457405162196406,0.06265252430004642,0.0008952541638298257,0.0,0.06265252430004642,0.003980440780394778,0,0,0,4,0,0.5,0.2831858407079646,0.4018870460635797,0.348423998954065,0.7905902058396097,0.5147959216294679,0.0,0.42951127819548873,0.1029705212738454
1321,112,99.11504424778761,113,0,110,3,0,0.0,3.5971365656010175,3.536656463578218,14.001849786789672,2.6891224882915563,1.113245643112238,2.0055698868163714,6.884955752212389,6.321882890351117,0.44376374072102776,0.05828572061701135,0.0007473170341640616,0.0,0.05828572061701135,0.003230916955244726,0,0,0,3,0,0.6666666666666666,0.2920353982300885,0.394737753900075,0.34955844099946665,0.8029227704732256,0.5110677702377907,0.0,0.42951127819548873,0.10298727007194915
1322,113,100.0,113,0,109,4,0,0.0,3.579688299698782,3.5208856895133644,13.711106887022428,2.6971883297990007,1.1131896335111655,1.9751814261063618,6.884955752212389,6.321882890351117,0.44126995404840996,0.07689981566277487,0.0009828000589172901,0.0,0.07689981566277487,-0.009774355515367317,0,0,0,4,0,0.5,0.30973451327433627,0.390700304074202,0.3454395948547952,0.7978144230298911,0.5122425972411099,0.0,0.42951127819548873,0.10315498526954896
1323,113,100.0,113,0,109,4,0,0.0,3.606178361520025,3.547173821468504,14.049522728855724,2.7060737821852356,1.0942347707190112,1.900039048558674,6.884955752212389,6.321882890351117,0.44087132666411133,0.1555205547265085,0.0014423611556702472,0.0,0.1555205547265085,-0.024970834770359523,0,0,0,4,0,0.0,0.2920353982300885,0.39183260999305625,0.34623765362456466,0.8230541507121326,0.5137903527625166,0.0,0.42951127819548873,0.10356829952572302
1324,112,99.11504424778761,113,1,108,4,0,0.008849557522123894,3.5669016420755244,3.5366091180016146,12.79768852536015,2.71248618901832,1.161202915631554,1.9976956442544365,6.884955752212389,6.321882890351117,0.43526486983519597,0.09652381452914549,0.0014271277316295027,0.0,0.09652381452914549,-0.0053219179527492335,0,1,0,4,0,0.4,0.2920353982300885,0.37572187681360664,0.3689087354978411,0.7918816024318105,0.4998912762256126,0.008849557522123894,0.44705513784461154,0.10357460835372073
1325,111,98.23008849557522,113,1,105,6,1,0.008849557522123894,3.602410284409737,3.5653463167243453,13.270594063854707,2.7216382587562546,1.14795946598134,1.9745784464500458,6.884955752212389,6.321882890351117,0.4383917035106999,0.30742504150663597,0.0015611505852580203,0.25,0.057425064414983455,0.024753854394763262,0,2,0,6,0,0.625,0.2831858407079646,0.38242104941226635,0.3742660418406294,0.8175425563469887,0.4980370879185442,0.008849557522123894,0.42951127819548873,0.10404144313082955
1326,110,97.34513274336283,113,1,107,5,0,0.008849557522123894,3.6342822067178555,3.5939526407085607,13.959066166954473,2.731466570715694,1.1526390116595373,1.9793449179076106,6.884955752212389,6.321882890351117,0.44302670917206854,0.05562368415288845,0.0008964414088434886,0.0,0.05562368415288845,-0.006052483982170509,0,1,0,5,0,0.6666666666666666,0.26548672566371684,0.39117101823280376,0.3677149669744597,0.8055927887638528,0.49793139813362197,0.008849557522123894,0.44705513784461154,0.10451146992845721
1327,108,95.57522123893806,113,2,106,4,1,0.017699115044247787,3.626713170231186,3.575024065186396,13.932164349796588,2.740179031068507,1.2270651382888158,2.043690957239121,6.884955752212389,6.321882890351117,0.4416996958131234,0.5675163401076883,0.0031338280904586076,0.5714285714285714,0.17117426511720896,0.006040504855176408,0,3,0,4,0,0.42857142857142855,0.2743362831858407,0.39083298528311955,0.3833593598562953,0.8077834349999069,0.49626895884549516,0.017699115044247787,0.4291979949874687,0.1047490205162104
1328,107,94.69026548672566,113,2,107,4,0,0.017699115044247787,3.645639687985737,3.588892693494381,13.92924486890696,2.748697874973683,1.2797114895681814,2.128954119445736,6.884955752212389,6.321882890351117,0.4407490918765702,0.19561085033971903,0.0014703218410119106,0.0,0.19561085033971903,0.021586843769196618,0,2,0,4,0,0.3333333333333333,0.25663716814159293,0.388839539506105,0.38304833569252394,0.8186376997763984,0.4894451049494975,0.017699115044247787,0.4470551378446116,0.10511292877263168
1329,107,94.69026548672566,113,0,112,1,0,0.0,3.679549681544453,3.6218594288156525,15.602672554895621,2.758104183542568,1.2290455192179335,2.1061632981920533,6.884955752212389,6.321882890351117,0.44523039826377486,0.01619294952913673,0.00038205614051921045,0.0,0.01619294952913673,0.010669251235372657,0,0,0,1,0,1.0,0.25663716814159293,0.4052925819044286,0.36494637742269065,0.8052334496421697,0.4924644811976606,0.0,0.4470551378446116,0.10557980664644026
1330,108,95.57522123893806,113,0,111,2,0,0.0,3.6505404802381554,3.593884706872976,14.774052650706054,2.765501012971331,1.254349016906679,2.0978494473350464,6.884955752212389,6.321882890351117,0.4422243760028419,0.06084474974031287,0.00047325459382235467,0.0,0.06084474974031287,0.01798815831268774,0,0,0,2,0,0.5,0.26548672566371684,0.39802857001805386,0.3837380133855383,0.8045910811754802,0.4872368076887408,0.0,0.41165413533834594,0.10566857008695149
1331,108,95.57522123893806,113,1,110,2,0,0.008849557522123894,3.653802691311871,3.588160882215813,14.583879466671737,2.772592351989556,1.2920788616482435,2.130458482213595,6.884955752212389,6.321882890351117,0.4411098505815023,0.32167504198811714,0.0027818890175802854,0.3333333333333333,0.04622924241226087,0.01827601514186039,0,1,0,2,0,0.6666666666666666,0.2920353982300885,0.39699791966569725,0.39185354651728516,0.8057840978061128,0.4852690946913477,0.008849557522123894,0.41697994987468673,0.10590903421636505
1332,110,97.34513274336283,113,0,111,2,0,0.0,3.656366265319877,3.591017262138136,14.836922543658234,2.778928235177678,1.319588363661568,2.159571991732994,6.884955752212389,6.321882890351117,0.4407350569621893,0.024414196075919135,0.001410256813772139,0.0,0.024414196075919135,-0.006188738758344248,0,0,0,2,0,1.0,0.30973451327433627,0.3978724235810459,0.37771200920798553,0.7968447238141386,0.48650013743688986,0.0,0.41697994987468673,0.10612212564401632
1333,111,98.23008849557522,113,1,109,3,0,0.008849557522123894,3.656589662119051,3.5911266442985728,15.672429433525096,2.7848633327914314,1.2810260011702803,2.151088762307268,6.884955752212389,6.321882890351117,0.44489027347258614,0.06578726059088313,0.0014064494402449925,0.0,0.06578726059088313,0.0006217013584977615,0,1,0,3,0,0.75,0.30973451327433627,0.40872837543278384,0.3551148212241229,0.7735698525633982,0.494806003303637,0.008849557522123894,0.41165413533834594,0.10631084758829695
1334,110,97.34513274336283,113,1,111,1,0,0.008849557522123894,3.6669342960322457,3.607218583968845,16.563722150959194,2.790918686812766,1.2512760347282703,2.1403891706689167,6.884955752212389,6.321882890351117,0.44748185313574873,0.023515762533838164,0.0005888350525336571,0.0,0.023515762533838164,0.012102177933908387,0,1,0,1,0,1.0,0.3185840707964602,0.4189956744150276,0.35288077526184514,0.7745964422964482,0.49510541917432144,0.008849557522123894,0.41165413533834583,0.1065539769527754
1335,110,97.34513274336283,113,0,112,1,0,0.0,3.6991651397539913,3.6386953558922936,16.47306514187607,2.798507323176461,1.2473634643125442,2.1346425679219894,6.884955752212389,6.321882890351117,0.44660644148544626,0.053353352978579016,0.0005109193223883438,0.0,0.053353352978579016,0.021478163095920766,0,0,0,1,0,0.0,0.2831858407079646,0.4149826663555151,0.3692059904637138,0.7745964422964482,0.4920594749232084,0.0,0.41165413533834583,0.10695500352332782
1336,111,98.23008849557522,113,0,110,3,0,0.0,3.6740420850581845,3.615022109552039,15.253670733461625,2.80441893890829,1.3099152631992952,2.1710436649694627,6.884955752212389,6.321882890351117,0.43997871978123504,0.09071190717675552,0.0013763852559617346,0.0,0.09071190717675552,-0.0016050587786222332,0,0,0,3,0,0.6666666666666666,0.26548672566371684,0.397823849215967,0.37170895164314105,0.7710869897748196,0.4860327080465892,0.0,0.41165413533834583,0.10701625096159569
1337,111,98.23008849557522,113,0,111,2,0,0.0,3.675892733524809,3.61686381846533,14.974713402052274,2.810049973761168,1.32926178171591,2.1792560971864954,6.884955752212389,6.321882890351117,0.4417661227439418,0.10725191011270498,0.0014968783405939078,0.0,0.10725191011270498,-0.0074418641282902875,0,0,0,2,0,0.5,0.2831858407079646,0.39743565087579263,0.3785504961614378,0.7933883600028628,0.4882455261813658,0.0,0.41165413533834583,0.10720349791838571
1338,112,99.11504424778761,113,0,111,2,0,0.0,3.626962233432564,3.5694672737228226,13.76681650892937,2.8129279379429772,1.371372521329077,2.1916304257306267,6.884955752212389,6.321882890351117,0.43458253650233214,0.09941725066762516,0.0014514578165644024,0.0,0.09941725066762516,-0.004974095998061034,0,0,0,2,0,0.5,0.2743362831858407,0.38246812359171867,0.3857457565075714,0.7796538219962635,0.48062113934772727,0.0,0.41165413533834583,0.10704981618052462
1339,113,100.0,113,0,110,3,0,0.0,3.622986562073746,3.5662512794395687,13.553591802844936,2.8154613114857074,1.3893814095041843,2.1904379636829967,6.884955752212389,6.321882890351117,0.43125088591120364,0.24238069358434333,0.002773706873285134,0.3333333333333333,0.0978351480962271,0.008892221985478566,0,0,0,3,0,0.6666666666666666,0.25663716814159293,0.37659308790140755,0.3779846595603209,0.7902332923670171,0.48031470648445157,0.0,0.41165413533834583,0.10711001627800379
1340,112,99.11504424778761,113,1,111,1,0,0.008849557522123894,3.5734702799986255,3.510402476386618,12.984896631404101,2.8153956229807515,1.4498638686647813,2.2799196986634804,6.884955752212389,6.321882890351117,0.4290956551475691,0.3420479289531699,0.003819473010579022,0.5,0.18512835338971495,-0.002853581960873819,0,1,0,1,0,0.5,0.25663716814159293,0.3718879082886848,0.3773649746493272,0.7716842395143533,0.47287173294554735,0.008849557522123894,0.41165413533834594,0.10686035849245032
1341,112,99.11504424778761,113,0,112,1,0,0.0,3.567818558473395,3.5051621464351315,12.767317482161516,2.8146834056074743,1.455036860747578,2.268370393875193,6.884955752212389,6.321882890351117,0.42875038263808385,0.005615684786481878,0.0013816168745197134,0.0,0.005615684786481878,0.0041793592089325315,0,0,0,1,0,1.0,0.2743362831858407,0.36896540568035885,0.37850935932502544,0.7716842395143533,0.4768297686727121,0.0,0.41165413533834594,0.10680958711069251
1342,111,98.23008849557522,113,1,110,2,0,0.008849557522123894,3.5885618561261587,3.520570678122534,13.168557372584981,2.815009270843178,1.449325972383252,2.2626326326938333,6.884955752212389,6.321882890351117,0.43140175661748126,0.01530148397489071,0.0015193558076436926,0.0,0.01530148397489071,0.008321108644708364,0,1,0,2,0,1.0,0.2743362831858407,0.3752478603909459,0.39196636224891046,0.773402782542455,0.4742464867521941,0.008849557522123894,0.4116541353383459,0.1069236040082471
1343,111,98.23008849557522,113,0,112,1,0,0.0,3.57256404836528,3.505930360332191,12.846606826700093,2.8143603306659184,1.4556240205720785,2.270440324580853,6.884955752212389,6.321882890351117,0.4271114398457869,0.003250955478166412,0.0019082642031229419,0.0,0.003250955478166412,0.003341840551281061,0,0,0,1,0,1.0,0.2743362831858407,0.3683455403614984,0.38125696665265973,0.7936897591712417,0.47614149850500426,0.0,0.4116541353383459,0.1068231023504253
1344,111,98.23008849557522,113,0,111,2,0,0.0,3.5501290137040384,3.484366552601851,11.901814661388366,2.8126618247895636,1.4882256432521415,2.28252431352569,6.884955752212389,6.321882890351117,0.42363965135955417,0.15691982569806134,0.0010778661758014923,0.0,0.15691982569806134,0.012704348569381907,0,0,0,2,0,0.5,0.2831858407079646,0.35680667430998975,0.3986106138397784,0.8081802966558014,0.46981442534493056,0.0,0.4116541353383459,0.10665723840092467
1345,112,99.11504424778761,113,0,110,3,0,0.0,3.5546927555992496,3.487949839450832,12.192987166191456,2.811251921424171,1.4870060561744507,2.2900693660009175,6.884955752212389,6.321882890351117,0.42717679610160086,0.12386756545763938,0.001117532921727079,0.0,0.12386756545763938,0.012953415917732544,0,0,0,3,0,0.6666666666666666,0.2743362831858407,0.3630580108265425,0.39816366811113296,0.773402782542455,0.46663313835704096,0.0,0.4116541353383459,0.1066354908905871
1346,112,99.11504424778761,113,0,109,4,0,0.0,3.5503692225132832,3.483513215139872,12.279554143481693,2.809706767943828,1.4989765901046115,2.2993533309026892,6.884955752212389,6.321882890351117,0.42693086503051925,0.07861102027056936,0.0009848653406009495,0.0,0.07861102027056936,0.008519827573832739,0,0,0,4,0,0.75,0.26548672566371684,0.36340181330892346,0.4014204849424819,0.7940144170025949,0.4604749498624576,0.0,0.4116541353383459,0.10656503182840553
1347,113,100.0,113,0,111,2,0,0.0,3.5459929654382822,3.4789004403466572,12.088203070964262,2.8080260058806497,1.5218568999796653,2.3086228823516457,6.884955752212389,6.321882890351117,0.42781979046659924,0.028315949401427475,0.0010649030494549426,0.0,0.028315949401427475,0.0027336195878350233,0,0,0,2,0,1.0,0.2920353982300885,0.3623580858569798,0.4147216925324376,0.7918382769596267,0.4570319246261665,0.0,0.44705513784461154,0.10649002263838074
1348,113,100.0,113,0,110,3,0,0.0,3.537091734018804,3.4699102078062882,12.1310611640724,2.805996818048553,1.5001018572953781,2.299890509918727,6.884955752212389,6.321882890351117,0.43059208562100526,0.013846404646460983,0.001107366098285672,0.0,0.013846404646460983,0.004506056386561171,0,0,0,3,0,1.0,0.2920353982300885,0.36710673481359285,0.4167496316609764,0.8022270858263895,0.4641747471143424,0.0,0.4116541353383459,0.10638137504209814
1349,113,100.0,113,0,111,2,0,0.0,3.5464656408162862,3.479209400415638,12.02775628090895,2.804566220348036,1.5081904093091145,2.307483693923016,6.884955752212389,6.321882890351117,0.4297943256244594,0.028599954424897697,0.0006997177336557693,0.0,0.028599954424897697,0.013011049572992373,0,0,0,2,0,1.0,0.26548672566371684,0.3651112970342334,0.4215864104262119,0.8021802836255457,0.46358217886248193,0.0,0.44705513784461154,0.1063830242204562
1350,113,100.0,113,0,111,2,0,0.0,3.5243789398206657,3.457471916087535,12.082693898547824,2.8021266887167524,1.4924922046535123,2.297933900764706,6.884955752212389,6.321882890351117,0.42939795160283145,0.12697187895027123,0.0008969628778590657,0.0,0.12697187895027123,0.01384196491931905,0,0,0,2,0,0.0,0.2743362831858407,0.3669043697736112,0.42115193929008904,0.7797851564595559,0.4647830311023787,0.0,0.44705513784461154,0.10619547854907667
1351,113,100.0,113,0,112,1,0,0.0,3.5365150789541886,3.4688214928575447,12.952732635367003,2.8004153869798327,1.48536708894192,2.289417901398589,6.884955752212389,6.321882890351117,0.432052772283392,0.0510638483505054,0.0006498474650059585,0.0,0.0510638483505054,0.01168080332074406,0,0,0,1,0,0.0,0.2743362831858407,0.3751476897002956,0.4106423100897832,0.8133383852400798,0.4696446309473916,0.0,0.4116541353383459,0.10620206599888998
1352,113,100.0,113,0,109,4,0,0.0,3.545641120685146,3.4781520902638303,12.327404708738317,2.799284167287418,1.4691834875483967,2.2704048845493987,6.884955752212389,6.321882890351117,0.4310969555109183,0.18091413913870336,0.001088497825595802,0.0,0.18091413913870336,0.013731126728015297,0,0,0,4,0,0.0,0.23893805309734514,0.36817831304516546,0.42159500980716313,0.8130786683014832,0.47007993679479276,0.0,0.41697994987468673,0.10621193901545123
1353,111,98.23008849557522,113,2,108,3,0,0.017699115044247787,3.5517413035486234,3.4766983925629917,12.36201201916098,2.7984971813118458,1.510199809572955,2.322519006734219,6.884955752212389,6.321882890351117,0.43232314745096123,0.290095016917231,0.00262397927006629,0.2,0.090095016940516,0.02389019737436,0,2,0,3,0,0.4,0.24778761061946902,0.37080948412702386,0.4208713438141258,0.8282996364726217,0.45971436883762723,0.017699115044247787,0.41697994987468673,0.10621756376389904
1354,111,98.23008849557522,113,0,111,2,0,0.0,3.5551229499800687,3.4800055185933085,12.312263230703794,2.797580965590114,1.498214035919394,2.338179049123057,6.884955752212389,6.321882890351117,0.4344898099654133,0.17129498029600362,0.00116519854453281,0.0,0.17129498029600362,0.00767346831753124,0,0,0,2,0,0.0,0.25663716814159293,0.37161208389236067,0.427076088424064,0.8361104388426893,0.460009217487053,0.0,0.3815789473684211,0.10620551095358084
1355,111,98.23008849557522,113,0,112,1,0,0.0,3.6016514580653065,3.524116616482219,14.236317392507944,2.7989535935134806,1.4434381428395504,2.2808814969110105,6.884955752212389,6.321882890351117,0.4401441235956438,0.07696059155135701,0.0007851446875565414,0.0,0.07696059155135701,0.005003364640996044,0,0,0,1,0,0.0,0.2743362831858407,0.3912091558767726,0.38967942211137285,0.8041736690878949,0.46568145933084243,0.0,0.3853383458646617,0.10648154145892477
1356,111,98.23008849557522,113,0,112,1,0,0.0,3.614726707942598,3.537563258542975,13.462055222606768,2.8009195102780247,1.4416290553394149,2.265081520479526,6.884955752212389,6.321882890351117,0.43840047872841215,0.11558455928246125,0.0007973007442807798,0.0,0.11558455928246125,0.009030839623857867,0,0,0,1,0,0.0,0.2831858407079646,0.38117642805506297,0.39737383850385444,0.8163002535394108,0.4701879827439796,0.0,0.349937343358396,0.10660905918609936
1357,111,98.23008849557522,113,0,111,2,0,0.0,3.5914767411391826,3.5145299535181556,13.021639006376388,2.8015962332314355,1.4634937547241562,2.2854262019803615,6.884955752212389,6.321882890351117,0.43916060855070893,0.1220612981081537,0.0010055257509367802,0.0,0.1220612981081537,0.004622359490114247,0,0,0,2,0,0.5,0.2831858407079646,0.3806118321847356,0.4104933059518598,0.797353123944553,0.4669628611335229,0.0,0.41697994987468673,0.10651420016838567
1358,113,100.0,113,0,111,2,0,0.0,3.62385919266939,3.545882568664369,13.648550839833275,2.803815835042324,1.4377598966765734,2.266740747942644,6.884955752212389,6.321882890351117,0.44006439022316957,0.026192604268881363,0.0009431084020225862,0.0,0.026192604268881363,-0.0040921810638182565,0,0,0,2,0,1.0,0.26548672566371684,0.3844942219073046,0.4121731949810756,0.8119210996086554,0.4656764733364625,0.0,0.41697994987468673,0.10674627273959494
1359,113,100.0,113,0,111,2,0,0.0,3.633572896905831,3.555481217011805,14.229300168537673,2.8063805684721626,1.445508109708617,2.313178047494917,6.884955752212389,6.321882890351117,0.44008346645304,0.06322859282481862,0.0011170526981401081,0.0,0.06322859282481862,0.0012022107658352654,0,0,0,2,0,0.5,0.2743362831858407,0.38764422281532274,0.38884915966089767,0.797353123944553,0.4647816023009653,0.0,0.41697994987468673,0.10687591098271919
1360,112,99.11504424778761,113,1,110,2,0,0.008849557522123894,3.6862263177323165,3.6175003368453957,15.963117260933416,2.8113359697101914,1.4238230741374505,2.31092890766989,6.884955752212389,6.321882890351117,0.44386845467501024,0.05100252962475801,0.0013002327545506857,0.0,0.05100252962475801,-0.001714758716921246,0,1,0,2,0,0.6666666666666666,0.25663716814159293,0.40090016759793823,0.3682175852056262,0.8006340707440195,0.4682471824299344,0.008849557522123894,0.38001253132832086,0.10729581541835921
1361,112,99.11504424778761,113,0,109,4,0,0.0,3.6717408436479286,3.604062263360637,15.265916578413783,2.8158822785187954,1.4466265955103188,2.2986157727167686,6.884955752212389,6.321882890351117,0.43921370889617073,0.07555886322498578,0.001328064859075321,0.0,0.07555886322498578,0.008354596188866248,0,0,0,4,0,0.5,0.24778761061946902,0.39177095198295386,0.37022954918626255,0.7975175822791064,0.4610681709170879,0.0,0.38001253132832086,0.1073670942072941
1362,112,99.11504424778761,113,0,111,2,0,0.0,3.6858978009946317,3.618454683095633,14.78412634378225,2.820869072545271,1.4425532370894545,2.3109715675302436,6.884955752212389,6.321882890351117,0.43751885872193785,0.00863339274723151,0.0014538602004472215,0.0,0.00863339274723151,-0.021370779747805213,0,0,0,2,0,1.0,0.21238938053097345,0.38500386909141626,0.3702214945807082,0.7975175822791064,0.46217679026969677,0.0,0.38001253132832086,0.10759550863319603
1363,111,98.23008849557522,113,1,109,3,0,0.008849557522123894,3.6631365408626104,3.617215349445275,14.18072883610279,2.824458998325681,1.4657747448652538,2.2651155619820265,6.884955752212389,6.321882890351117,0.4332686921426019,0.0719077648919753,0.0013160508600090473,0.0,0.0719077648919753,-0.013572308181855591,0,1,0,3,0,0.5,0.21238938053097345,0.3733065787424684,0.3688209972808593,0.8168814775166745,0.4524555972936521,0.008849557522123894,0.3978696741854637,0.10759517778437995
1364,111,98.23008849557522,113,0,111,2,0,0.0,3.671246467130517,3.624961102082988,14.295832758771253,2.8292326447211216,1.4732155226600236,2.271874359757836,6.884955752212389,6.321882890351117,0.4364512926229671,0.09976919004719717,0.0013291441474909535,0.0,0.09976919004719717,-0.0224557657187196,0,0,0,2,0,0.5,0.25663716814159293,0.37601573422937035,0.37325834863614366,0.8184658370821836,0.4581886613997366,0.0,0.3978696741854637,0.10778661958307909
1365,111,98.23008849557522,113,1,109,3,0,0.008849557522123894,3.6810563943033445,3.6251273638654222,13.558151320591389,2.834167448069942,1.4747595699342768,2.26036005291011,6.884955752212389,6.321882890351117,0.44035142989912424,0.30782459013556085,0.0023906734706040512,0.25,0.05871313179720382,0.02555858964382901,0,1,0,3,0,0.75,0.23893805309734514,0.3762813357889541,0.40299342720078335,0.8390006521664778,0.46621925828155253,0.008849557522123894,0.39379699248120303,0.107991655463234
1366,109,96.46017699115045,113,2,108,3,0,0.017699115044247787,3.666791435651809,3.620700166102416,12.91178318684998,2.8376559551446436,1.499400582561274,2.294094951277139,6.884955752212389,6.321882890351117,0.4383468628852838,0.2814984672160421,0.0032979965373744215,0.2,0.08439672781248257,-0.009033820331761921,0,2,0,3,0,0.6,0.24778761061946902,0.36947208273973664,0.4075283666797736,0.800534013353357,0.4709645329174436,0.017699115044247787,0.41165413533834583,0.10803060033591845
1367,107,94.69026548672566,113,2,110,1,0,0.017699115044247787,3.620651983746651,3.580063887423443,12.796622277409075,2.839114856681135,1.5269652380879317,2.3166996140564997,6.884955752212389,6.321882890351117,0.43566826829952254,0.3917270041465655,0.0032400713060845364,0.3333333333333333,0.11083440159448338,0.007080265992004768,0,2,0,1,0,0.3333333333333333,0.24778761061946902,0.36731749706768335,0.3937655347815368,0.8060618994439268,0.46730733108726347,0.017699115044247787,0.41697994987468673,0.10784601809970391
1368,108,95.57522123893806,113,0,111,2,0,0.0,3.600123059821044,3.5597958210579876,12.319015513636515,2.8396662386735128,1.5181406778907418,2.2981914249825945,6.884955752212389,6.321882890351117,0.4360947490972271,0.12715021433159884,0.0019094635506321967,0.0,0.12715021433159884,-0.003891316399206146,0,0,0,2,0,0.0,0.26548672566371684,0.36541296056539163,0.4031341035002314,0.7988183754672433,0.4704794185182158,0.0,0.40288220551378445,0.10776080234199419
1369,107,94.69026548672566,113,1,110,2,0,0.008849557522123894,3.6360943507987646,3.5924035818544007,13.642421585854342,2.8419626150416555,1.465175649750565,2.2809481970275596,6.884955752212389,6.321882890351117,0.4408553359094227,0.36160218165061414,0.0035308882899669574,0.3333333333333333,0.17981276637249896,0.010456345971031325,0,1,0,2,0,0.3333333333333333,0.2743362831858407,0.37972313819719267,0.38157753567926644,0.8043394395996922,0.4771836993641471,0.008849557522123894,0.41541353383458646,0.10801324590924063
1370,108,95.57522123893806,113,0,112,1,0,0.0,3.617071956329634,3.573678007381148,12.677046478557163,2.8430360575350577,1.4631557858292228,2.260234223999042,6.884955752212389,6.321882890351117,0.4386737229563238,0.0464043698623461,0.0020368870529589187,0.0,0.0464043698623461,-0.0036868558209595115,0,0,0,1,0,1.0,0.2831858407079646,0.37182519206401815,0.3977175590435039,0.7928765439370374,0.4740575702232115,0.0,0.4508145363408521,0.10795206482555905
1371,110,97.34513274336283,113,0,112,1,0,0.0,3.599915235039888,3.557367617561323,12.744495749901766,2.843216739256436,1.4655759838006164,2.274717791916866,6.884955752212389,6.321882890351117,0.4375325173445932,0.30846334347685167,0.0028346770634760632,0.0,0.30846334347685167,0.0009358082787360722,0,0,0,1,0,0.0,0.2831858407079646,0.3718526047983189,0.3867655567759492,0.793798430193495,0.47460597285245426,0.0,0.4508145363408521,0.10787199246252523
1372,112,99.11504424778761,113,0,112,1,0,0.0,3.595688346519986,3.553979053973587,12.730526577651535,2.8432146216736394,1.4777547987960458,2.3007095008171694,6.884955752212389,6.321882890351117,0.43728112908557826,0.41681157503609645,0.00318483131972685,0.0,0.41681157503609645,0.005189581298238988,0,0,0,1,0,0.0,0.2831858407079646,0.3702231849157107,0.3710147018280847,0.8077594828452912,0.47856035780195194,0.0,0.45238095238095244,0.10785079108437345
1373,112,99.11504424778761,113,0,112,1,0,0.0,3.5184611642312817,3.4796201122201804,10.525118962270524,2.839451929789024,1.5519548088215747,2.3155774960850133,6.884955752212389,6.321882890351117,0.42768323633771965,0.060426854595476295,0.0018154557174895102,0.0,0.060426854595476295,-0.0011176871289673151,0,0,0,1,0,0.0,0.2831858407079646,0.34492351592057224,0.3966827224653186,0.8148396078370038,0.47092406492603234,0.0,0.43828320802005016,0.10734571868569487
1374,113,100.0,113,0,111,2,0,0.0,3.5275488721858284,3.488921733724082,10.866649952526279,2.836397540973582,1.5369795419556296,2.2667842011180945,6.884955752212389,6.321882890351117,0.4263083185861729,0.03560284785725783,0.0024339821911039386,0.0,0.03560284785725783,0.0034646470200307977,0,0,0,2,0,0.5,0.2831858407079646,0.34505773737059436,0.3817609432918736,0.8153672813782049,0.47363262082981195,0.0,0.43828320802005016,0.1072946097835035
1375,112,99.11504424778761,113,1,110,2,0,0.008849557522123894,3.584450981870293,3.555864833644428,12.570739063440406,2.8363417258385457,1.5319812912042297,2.290068091763347,6.884955752212389,6.321882890351117,0.4326611683778443,0.20822089979928704,0.002513091974485178,0.0,0.20822089979928704,0.02343497309615139,0,1,0,2,0,0.3333333333333333,0.25663716814159293,0.3615292357911921,0.34879235566216693,0.8238606650993903,0.47979124471859985,0.008849557522123894,0.42042606516290726,0.10757735604818977
1376,112,99.11504424778761,113,0,111,2,0,0.0,3.576912390108222,3.548495260246294,12.56488462072253,2.836496895338813,1.5074705655328247,2.305595845620285,6.884955752212389,6.321882890351117,0.4341088941057889,0.1448571770833478,0.0015569498169191343,0.0,0.1448571770833478,-0.0023269772776816078,0,0,0,2,0,0.0,0.26548672566371684,0.36442538153708587,0.3496836494351278,0.836374766174063,0.48290100603720976,0.0,0.3991228070175439,0.10754456790642365
1377,112,99.11504424778761,113,0,110,3,0,0.0,3.587946771413848,3.55882564556842,14.238575299697514,2.8371647150947426,1.4833129965247938,2.3176758056929225,6.884955752212389,6.321882890351117,0.4370645992843054,0.1657861248922744,0.0018198359570203327,0.0,0.1657861248922744,0.0035909381922147507,0,0,0,3,0,0.3333333333333333,0.3008849557522124,0.3790946264290028,0.314138904809294,0.831842445248475,0.48682757432295504,0.0,0.41165413533834583,0.10762084920439602
1378,112,99.11504424778761,113,0,109,4,0,0.0,3.656748330067062,3.6257824294704837,17.988707280942183,2.8411766596401304,1.3762505477890614,2.2356921865867894,6.884955752212389,6.321882890351117,0.4485084430887618,0.22256249455429164,0.002344823825824581,0.0,0.22256249455429164,0.009405145811000881,0,0,0,4,0,0.25,0.30973451327433627,0.4137892298513655,0.2648103146743514,0.80669783410376,0.5021642858148797,0.0,0.4329573934837092,0.10809167221555471
1379,111,98.23008849557522,113,1,112,0,0,0.008849557522123894,3.6871481850912677,3.6722575251156924,19.7507320262256,2.8464798138316953,1.3671385649127699,2.2511620561195063,6.884955752212389,6.321882890351117,0.45196128414568215,0.5022419426585631,0.0035400512804940076,1.0,0.49775805734143685,0.024141737806913532,0,1,0,0,0,0.0,0.2920353982300885,0.4245424390318634,0.24894580459738264,0.8160209913851513,0.5024177354638346,0.008849557522123894,0.41666666666666663,0.10841130108941849
1380,111,98.23008849557522,113,1,110,2,0,0.008849557522123894,3.720420919259873,3.7168300299509704,22.86948225703454,2.8538889732551165,1.3197775196886383,2.2730432766521567,6.884955752212389,6.321882890351117,0.45672666776649806,0.2590306123772066,0.0024557899733826626,0.0,0.2590306123772066,0.009528624743918171,0,1,0,2,0,0.3333333333333333,0.30973451327433627,0.44559613459077824,0.22470579299919832,0.8150636681222919,0.5044344663148562,0.008849557522123894,0.41541353383458646,0.10881186395121556
1381,111,98.23008849557522,113,0,113,0,0,0.0,3.7340004041830666,3.7305351553395507,22.959918664601986,2.86214150550844,1.305152879716425,2.230106876346495,6.884955752212389,6.321882890351117,0.4557137688670949,0.0,0.0,0.0,0.0,0.0,0,0,0,0,0,0.0,0.3008849557522124,0.4438156510955361,0.22559467212321574,0.836660729213289,0.5073631981177164,0.0,0.39880952380952384,0.1091406190881033
1382,111,98.23008849557522,113,0,113,0,0,0.0,3.6797421497079696,3.6760095432746684,18.67961865497645,2.8671146860652277,1.363816833174046,2.255776818525177,6.884955752212389,6.321882890351117,0.4497413550942855,0.0,0.0,0.0,0.0,0.0,0,0,0,0,0,0.0,0.3185840707964602,0.41604347594624225,0.27242527622017293,0.8364279494576813,0.49858815813726975,0.0,0.3800125313283208,0.10902652714109075
1383,111,98.23008849557522,113,0,113,0,0,0.0,3.696977918990683,3.6932355128789536,21.117283894708304,2.8726446724713792,1.3124162257606826,2.2124605983949412,6.884955752212389,6.321882890351117,0.4541304892281792,0.0,0.0,0.0,0.0,0.0,0,0,0,0,0,0.0,0.30973451327433627,0.4359899928408902,0.24154013456067422,0.839618078401588,0.5070549243311163,0.0,0.39880952380952384,0.10928750561972891
1384,112,99.11504424778761,113,0,113,0,0,0.0,3.6805758204523036,3.6764663460023708,20.965391959438353,2.8769769579397804,1.2832796152524673,2.222854783335043,6.884955752212389,6.321882890351117,0.4536833621976988,0.0,0.0,0.0,0.0,0.0,0,0,0,0,0,0.0,0.336283185840708,0.4369019510723187,0.23893881100584716,0.839868548514212,0.5056417338626632,0.0,0.41165413533834583,0.10934243613393103
1385,112,99.11504424778761,113,1,112,0,0,0.008849557522123894,3.698898758192221,3.687810819698969,22.784953507651338,2.881966328507911,1.2587962302614755,2.176984456623785,6.884955752212389,6.321882890351117,0.4576065069330366,0.5652107129602272,0.003764881727547819,1.0,0.4347892870397728,0.007669335550930301,0,1,0,0,0,0.0,0.3185840707964602,0.4516618097205475,0.2201043994158731,0.8353771913527217,0.5075555229052955,0.008849557522123894,0.4520676691729323,0.10959176190477204
1386,112,99.11504424778761,113,0,111,2,0,0.0,3.68152560503831,3.6711137519118555,22.549992436941388,2.885438602014243,1.2857002044560126,2.182164583760495,6.884955752212389,6.321882890351117,0.45787260247508943,0.13112269824700218,0.0014423040398420456,0.0,0.13112269824700218,0.008855346037150214,0,0,0,2,0,0.5,0.30973451327433627,0.44980640515665676,0.21823958798666382,0.8491317231039146,0.5103758382455913,0.0,0.41666666666666663,0.10961465267135401
1387,110,97.34513274336283,113,2,111,0,0,0.017699115044247787,3.702292700151262,3.695430051582296,24.079909486880545,2.8897207649928403,1.2926875326694738,2.321361225510133,6.884955752212389,6.321882890351117,0.45957030438165125,0.3874207151431821,0.00477017273037727,0.5,0.3350312081733354,-0.006266824104263824,0,2,0,0,0,0.0,0.336283185840708,0.4587472885095356,0.22138627107039854,0.8390872552290942,0.5003179331660043,0.017699115044247787,0.43421052631578944,0.1098538448112592
1388,109,96.46017699115045,113,1,111,1,0,0.008849557522123894,3.7081183565299156,3.698222397464255,23.36860952474559,2.8942246430185685,1.2898801917480756,2.3335786060181247,6.884955752212389,6.321882890351117,0.4551622070037906,0.21193511020148093,0.0022309468026905305,0.0,0.21193511020148093,0.07429557069638493,0,1,0,1,0,0.5,0.3274336283185841,0.4492474550473915,0.22832105763612878,0.8216451499756159,0.5003312570848397,0.008849557522123894,0.4696115288220551,0.11002533804030787
1389,109,96.46017699115045,113,0,112,1,0,0.0,3.7222691489180466,3.7117787326993996,23.046940782952152,2.898978594207424,1.3038424645126605,2.344123576304397,6.884955752212389,6.321882890351117,0.45667366821683597,0.013499408350606253,0.0030047982402766193,0.0,0.013499408350606253,0.011836398815203042,0,0,0,1,0,1.0,0.34513274336283184,0.447478680433251,0.22835562673660298,0.8130743997975649,0.5057038453458983,0.0,0.4696115288220551,0.11024636161566048
1390,109,96.46017699115045,113,1,109,3,0,0.008849557522123894,3.8025032202507405,3.783958900861935,25.526389686417456,2.90746409022019,1.2846395417804028,2.3136364247784895,6.884955752212389,6.321882890351117,0.46132299642145513,0.0596287499299059,0.002410847578273051,0.0,0.0596287499299059,0.016160525555248106,0,1,0,3,0,0.75,0.3185840707964602,0.46100270189072584,0.22335868552184815,0.8105037204770726,0.5083604984980372,0.008849557522123894,0.4379699248120301,0.11091575353262019
1391,109,96.46017699115045,113,0,112,1,0,0.0,3.8224364550766037,3.803195069889954,31.065803107504944,2.9160044460854975,1.2434449917144808,2.308477537984479,6.884955752212389,6.321882890351117,0.46730932256275515,0.004461517938685763,0.002998279491341743,0.0,0.004461517938685763,0.010900521959236631,0,0,0,1,0,1.0,0.30973451327433627,0.49468487179911536,0.19364270126381528,0.8401348553677563,0.5121367396542474,0.0,0.3988095238095237,0.1112853753548615
1392,110,97.34513274336283,113,1,111,1,0,0.008849557522123894,3.8496174446645455,3.8261884815653238,33.37917958295234,2.9253548075844913,1.2132291914189581,2.292120776718259,6.884955752212389,6.321882890351117,0.46718167669040067,0.09023294445852693,0.002534700554867309,0.0,0.09023294445852693,0.007276208052536259,0,1,0,1,0,0.5,0.3274336283185841,0.5031514524751172,0.1817319284711143,0.8347665868875968,0.5157803207025172,0.008849557522123894,0.381265664160401,0.11171683975469664
1393,111,98.23008849557522,113,0,110,3,0,0.0,3.878978035551682,3.8558312249938567,34.965737605415285,2.9354262101167055,1.1909953953890002,2.2592912633320577,6.884955752212389,6.321882890351117,0.4677232445699495,0.08543531433491475,0.0012567460137162595,0.0,0.08543531433491475,0.020839087608202373,0,0,0,3,0,0.6666666666666666,0.30973451327433627,0.509165679593746,0.176235219184827,0.8462905878647868,0.5180902300698655,0.0,0.381265664160401,0.11218199384588354
1394,111,98.23008849557522,113,0,112,1,0,0.0,3.8589878577300327,3.835743033903655,31.961929710096005,2.9438449488430076,1.210387899021025,2.273968863555379,6.884955752212389,6.321882890351117,0.46516410814408626,0.029803848400084272,0.0005428658227460414,0.0,0.029803848400084272,-0.0070028372196950794,0,0,0,1,0,1.0,0.3008849557522124,0.4948146998792414,0.1935816797124983,0.8442149721377115,0.5134519238433191,0.0,0.3458646616541353,0.112348154358336
1395,112,99.11504424778761,113,0,112,1,0,0.0,3.8724473677554525,3.8491699954062004,34.179771473627994,2.9524105341917264,1.2362734806280855,2.3245046895167967,6.884955752212389,6.321882890351117,0.46605981942985686,0.025248035492137222,0.0005830292487638901,0.0,0.025248035492137222,0.0011699864167067364,0,0,0,1,0,1.0,0.3008849557522124,0.5048520355200861,0.18564981165935035,0.8149383151220618,0.5056975087601279,0.0,0.41666666666666663,0.11268620504577265
1396,111,98.23008849557522,113,1,112,0,0,0.008849557522123894,3.91302479935254,3.8819668690846587,37.49452262145995,2.962483124448202,1.2372192515267306,2.3424292708502987,6.884955752212389,6.321882890351117,0.46766947476693144,0.45964494850841514,0.0032628501778806823,0.0,0.45964494850841514,0.007126945872955481,0,1,0,0,0,0.0,0.3008849557522124,0.5178128172252165,0.17923720047645314,0.8208635137164592,0.5051956206635827,0.008849557522123894,0.36748120300751874,0.11320748088377774
1397,111,98.23008849557522,113,1,111,1,0,0.008849557522123894,3.91694502261733,3.9010419375479954,36.221658614876354,2.971727330660863,1.2468907798317375,2.346885474948067,6.884955752212389,6.321882890351117,0.4668343220127169,0.11517385298130861,0.0018802975039093964,0.0,0.11517385298130861,0.014462959288215227,0,1,0,1,0,0.5,0.3008849557522124,0.5106287425482061,0.19087316362363344,0.8121776158564431,0.4991338810962745,0.008849557522123894,0.3991228070175438,0.11351928594555519
1398,111,98.23008849557522,113,0,113,0,0,0.0,3.9153203972128083,3.8994843580548975,36.560415084920244,2.981074876550958,1.2444528110265343,2.334474883609758,6.884955752212389,6.321882890351117,0.4658169426791803,0.0,0.0,0.0,0.0,0.0,0,0,0,0,0,0.0,0.3008849557522124,0.5106013096150241,0.18053147450727605,0.7896121916639911,0.5032410289335312,0.0,0.3991228070175438,0.11380663327067939
1399,111,98.23008849557522,113,0,113,0,0,0.0,3.8923564701435613,3.876430550416977,35.59114903593868,2.988665533760251,1.2427902246632883,2.3265168990510876,6.884955752212389,6.321882890351117,0.4671169333022118,0.0,0.0,0.0,0.0,0.0,0,0,0,0,0,0.0,0.2920353982300885,0.5105782411895148,0.19350546177158062,0.8070196860160052,0.5007883923403592,0.0,0.4028822055137844,0.11393174986502291
1400,111,98.23008849557522,113,0,112,1,0,0.0,3.8739475127780656,3.8584041102542583,34.62910488044324,2.9948646301610555,1.3053843708469652,2.3698357179554312,6.884955752212389,6.321882890351117,0.46150974819387214,0.012037706227839806,0.003448680161760908,0.0,0.012037706227839806,-0.0037017198404756257,0,0,0,1,0,1.0,0.3008849557522124,0.49825262380135493,0.18418037466479326,0.7921594965057239,0.4985291809322602,0.0,0.3674812030075188,0.11403565488555484
1401,112,99.11504424778761,113,0,112,1,0,0.0,3.912542899320551,3.896528305083471,34.84822911086479,3.0025999605071347,1.3120466019163277,2.36598459147095,6.884955752212389,6.321882890351117,0.46183305909228367,0.04047893264494355,0.0012897082246887078,0.0,0.04047893264494355,0.04694596841224796,0,0,0,1,0,1.0,0.3008849557522124,0.4964451678859656,0.18830773265617184,0.8070807913772607,0.49764121898543134,0.0,0.36748120300751874,0.11447314108109773
1402,112,99.11504424778761,113,1,109,2,1,0.008849557522123894,3.9412683177142176,3.920790144658058,36.242436822362706,3.011287798588152,1.3066625716338685,2.2755200679280922,6.884955752212389,6.321882890351117,0.4682721598729671,0.5249051403963327,0.0013372020337654579,0.5,0.031237536713934328,0.12957450940493417,0,2,0,2,0,0.75,0.3008849557522124,0.5090287487010065,0.1812147239517078,0.813565467887801,0.5073924631893204,0.008849557522123894,0.36748120300751885,0.11489138564765869
1403,112,99.11504424778761,113,0,110,3,0,0.0,3.912574677469779,3.8919221873329235,33.05897492126992,3.0177519207634,1.3181591128757848,2.268273094750817,6.884955752212389,6.321882890351117,0.4658529134397309,0.07105739478125715,0.00198156303166645,0.0,0.07105739478125715,0.006292552901048539,0,0,0,3,0,0.3333333333333333,0.2920353982300885,0.4946605803599127,0.2010007925931825,0.8284493045729852,0.5112392116672498,0.0,0.36748120300751885,0.11495224456334069
1404,111,98.23008849557522,113,1,109,3,0,0.008849557522123894,3.932643564225445,3.9010475634514696,31.427569182867565,3.024793719264337,1.3582441016860058,2.28956940726083,6.884955752212389,6.321882890351117,0.467082266178813,0.291037033124895,0.004830806723276308,0.25,0.04103775960233633,0.028849002157657566,0,1,0,3,0,0.75,0.2920353982300885,0.4886135373962345,0.2162476463085939,0.8612433489291385,0.5104083734211086,0.008849557522123894,0.34617794486215536,0.1152751761244209
1405,110,97.34513274336283,113,1,111,1,0,0.008849557522123894,3.953598247749194,3.9201331483068746,32.08331663294057,3.0318991716132038,1.301365354681987,2.2615378645277247,6.884955752212389,6.321882890351117,0.46811849383991944,0.26444621365291143,0.002115038385264045,0.5,0.23797220270739128,0.0034496424544607773,0,1,0,1,0,0.5,0.2831858407079646,0.4938787109167744,0.22406312378794035,0.8413018388829983,0.5139989985868426,0.008849557522123894,0.34617794486215536,0.11560454873020216
1406,108,95.57522123893806,113,2,110,1,0,0.017699115044247787,3.9729593878228115,3.9424442494367145,34.83789417106135,3.039429979343519,1.2958374412143963,2.288157133163499,6.884955752212389,6.321882890351117,0.4691685599911639,0.19580090996415556,0.0036942540587002262,0.0,0.19580090996415556,0.008179851856096931,0,2,0,1,0,0.3333333333333333,0.25663716814159293,0.5064634608516042,0.21447383695975383,0.8201892347821054,0.5085721189909228,0.017699115044247787,0.34617794486215536,0.11593939885327427
1407,107,94.69026548672566,113,2,108,3,0,0.017699115044247787,4.006622393520116,3.9584982321611246,37.94124487962021,3.0483479510529463,1.3130029736303412,2.3444989369309206,6.884955752212389,6.321882890351117,0.47400646752036013,0.2569637118988562,0.0025567903796701653,0.2,0.06416117595746275,0.007699795038337109,0,2,0,3,0,0.6,0.2831858407079646,0.5254520091196924,0.20918041378822436,0.8259986207774916,0.4985200345122676,0.017699115044247787,0.34617794486215536,0.11638960574559312
1408,107,94.69026548672566,113,0,112,1,0,0.0,4.003924212408246,3.9561544608052106,34.81053747845886,3.055717725075767,1.3729338698028475,2.3728817548962176,6.884955752212389,6.321882890351117,0.46677959711535877,0.0006411467761726843,0.0005578975351451145,0.0,0.0006411467761726843,-0.027241968329822508,0,0,0,1,0,1.0,0.2743362831858407,0.5028646982838758,0.224848327265717,0.8467422128144111,0.4889955812912429,0.0,0.349937343358396,0.11660906908153688
1409,108,95.57522123893806,113,0,113,0,0,0.0,3.966990498862663,3.91896100677257,32.914058028409244,3.060740529330125,1.4198572456884486,2.4037550708453574,6.884955752212389,6.321882890351117,0.46688144159522693,0.0,0.0,0.0,0.0,0.0,0,0,0,0,0,0.0,0.26548672566371684,0.4974390936510751,0.23504846305321986,0.8517812778157353,0.4881461546602739,0.0,0.349937343358396,0.11658316841519502
1410,109,96.46017699115045,113,0,113,0,0,0.0,3.927589039889493,3.8798047638946467,30.77528430699051,3.063465468326509,1.4433113292421331,2.4125139083129383,6.884955752212389,6.321882890351117,0.4650433898018107,0.0,0.0,0.0,0.0,0.0,0,0,0,0,0,0.0,0.26548672566371684,0.4874560565055124,0.24023372728055695,0.8225547473505324,0.4845784220574578,0.0,0.349937343358396,0.11647229484642162
1411,111,98.23008849557522,113,0,113,0,0,0.0,3.9556293678554963,3.907154850702442,36.184380867568535,3.067401372237425,1.3773286503765199,2.3924175449504173,6.884955752212389,6.321882890351117,0.4711164752218935,0.0,0.0,0.0,0.0,0.0,0,0,0,0,0,0.0,0.26548672566371684,0.5171431858538841,0.2086397144902709,0.8357989996413473,0.4907101786338884,0.0,0.349937343358396,0.11673690810421407
1412,113,100.0,113,0,113,0,0,0.0,3.901209026538129,3.8533506210601747,33.01821883856125,3.068367300601986,1.4281029229997557,2.421883111981856,6.884955752212389,6.321882890351117,0.46639368356522426,0.0,0.0,0.0,0.0,0.0,0,0,0,0,0,0.0,0.25663716814159293,0.50238614287053,0.21907953649617232,0.8100874155449647,0.4816838529301543,0.0,0.4169799498746867,0.11649533882763334
1413,113,100.0,113,0,113,0,0,0.0,3.9280395275414786,3.8794745103249335,30.905433120058046,3.0705933814551116,1.4272415917750416,2.4145618230653487,6.884955752212389,6.321882890351117,0.46637670768304207,0.0,0.0,0.0,0.0,0.0,0,0,0,0,0,0.0,0.2743362831858407,0.49215095081224,0.2417592477979857,0.8094817450544589,0.479152043244251,0.0,0.39379699248120303,0.11669985644493966
1414,113,100.0,113,0,113,0,0,0.0,3.9272738536172658,3.8792532898229664,29.333063576084793,3.072667543842808,1.470249510484207,2.4330480222874367,6.884955752212389,6.321882890351117,0.46399944049125574,0.0,0.0,0.0,0.0,0.0,0,0,0,0,0,0.0,0.30973451327433627,0.47951976955843006,0.24125185471834604,0.8154643423910863,0.4801859084853229,0.0,0.39755639097744366,0.11676159113387154
1415,113,100.0,113,0,111,2,0,0.0,3.9350221985822382,3.8872260252738156,29.61983665839623,3.0750138017120867,1.49455596591432,2.4566178766537616,6.884955752212389,6.321882890351117,0.4652535454975417,0.20573689588085797,0.0018068327441280998,0.0,0.20573689588085797,0.017656431028159947,0,0,0,2,0,0.0,0.3008849557522124,0.48051868905727196,0.23833667604415298,0.8154643423910863,0.4820543225818154,0.0,0.39755639097744366,0.11687449669609712
1416,113,100.0,113,0,112,1,0,0.0,3.988226613479455,3.9399861777284104,32.85456887818637,3.079880079947324,1.460826762899645,2.4256211939777974,6.884955752212389,6.321882890351117,0.4711956618918782,0.28081050288759307,0.0035554797779852477,0.0,0.28081050288759307,0.005123347073192175,0,0,0,1,0,0.0,0.3008849557522124,0.49916027579003136,0.22663457561173406,0.8268194149761559,0.4879719085562189,0.0,0.39379699248120303,0.11729433897615837
1417,113,100.0,113,0,110,3,0,0.0,3.9890908822842284,3.9412312825105866,33.35402033121165,3.0845016890243637,1.4573680946080876,2.4148279592017583,6.884955752212389,6.321882890351117,0.47217291419591656,0.10198720175595488,0.0013455009871403535,0.0,0.10198720175595488,0.008005928596261924,0,0,0,3,0,0.6666666666666666,0.2831858407079646,0.5017494559785663,0.2250530650844228,0.8150944919233261,0.4920974585640717,0.0,0.39379699248120303,0.11744474667693239
1418,112,99.11504424778761,113,1,109,3,0,0.008849557522123894,4.007731085531323,3.954932309879838,34.762307166035804,3.0897544446276846,1.442355537487873,2.4238812703289243,6.884955752212389,6.321882890351117,0.47200812234220124,0.15938477193609424,0.0014861753769347876,0.0,0.15938477193609424,0.003566284130427144,0,1,0,3,0,0.25,0.2831858407079646,0.5068703142677081,0.21193359886047042,0.7978129936980054,0.4965152688076803,0.008849557522123894,0.4116541353383459,0.117703984222047
1419,111,98.23008849557522,113,1,111,1,0,0.008849557522123894,3.99307899602756,3.9544433472556806,35.3485312092906,3.093748258287724,1.4189404431581094,2.4084501737878456,6.884955752212389,6.321882890351117,0.4725887057907696,0.13482485314778,0.0008487028499443796,0.0,0.13482485314778,-1.1754868971480814e-05,0,1,0,1,0,0.5,0.2920353982300885,0.5080846217722027,0.20303768493003865,0.8078445479483779,0.4988209019997622,0.008849557522123894,0.41165413533834583,0.11775696588575145
1420,110,97.34513274336283,113,1,109,3,0,0.008849557522123894,3.9707736714486637,3.940641820500333,31.78182898786196,3.097030365663098,1.4486347528910166,2.444238514581382,6.884955752212389,6.321882890351117,0.4715429670330764,0.23696923247057838,0.001983948511653454,0.25,0.12407419338248263,-0.001428864359330012,0,1,0,3,0,0.5,0.2831858407079646,0.4941037623076165,0.22517112110772078,0.7948187992096356,0.49741025855984905,0.008849557522123894,0.41541353383458646,0.11774918475516034
1421,110,97.34513274336283,113,0,113,0,0,0.0,4.00397290608061,3.974370162415562,32.63797882666436,3.1022437547048396,1.4247032959017696,2.438074870298929,6.884955752212389,6.321882890351117,0.46970648177939034,0.0,0.0,0.0,0.0,0.0,0,0,0,0,0,0.0,0.3008849557522124,0.49202004320704645,0.21947444755645876,0.8322381578417951,0.4980015617981854,0.0,0.41541353383458646,0.11807997310323873
1422,110,97.34513274336283,113,0,112,1,0,0.0,4.057518527757147,4.027485899215257,36.454769798075986,3.109813891138203,1.3932560602796773,2.415948705466895,6.884955752212389,6.321882890351117,0.4752587281740188,0.07461942068545163,0.0039060100787506984,0.0,0.07461942068545163,0.012559595286380176,0,0,0,1,0,0.0,0.3008849557522124,0.5125801787923775,0.20805926381237663,0.8269687682588636,0.5029232180193106,0.0,0.4028822055137845,0.11858698879159993
1423,110,97.34513274336283,113,1,112,0,0,0.008849557522123894,4.045253389011864,4.037814953477546,37.96416230834818,3.1162802605556745,1.3860917515890243,2.445739389775725,6.884955752212389,6.321882890351117,0.4742616795453327,0.04963233970665447,0.0020331737598798033,0.0,0.04963233970665447,0.008881013517958669,0,1,0,0,0,1.0,0.2831858407079646,0.5154013136784941,0.19458471413922768,0.8409856409624227,0.5042270414052683,0.008849557522123894,0.39755639097744355,0.11873006124878852
1424,110,97.34513274336283,113,1,110,2,0,0.008849557522123894,4.102411498341236,4.082946670954629,41.580888414132886,3.126423913736094,1.3680949934083901,2.419432133118132,6.884955752212389,6.321882890351117,0.4770355714476353,0.14124736362935544,0.0031636094777401833,0.0,0.14124736362935544,0.009923521743994135,0,1,0,2,0,0.0,0.2743362831858407,0.5286597008079248,0.18304136395418708,0.8072545055320408,0.5111587681990707,0.008849557522123894,0.37969924812030076,0.11933648673287012
1425,111,98.23008849557522,113,0,111,2,0,0.0,4.140242593077639,4.120646547528035,43.36149811883861,3.137177014501781,1.377171267761757,2.4178541246057605,6.884955752212389,6.321882890351117,0.48270021796839213,0.07438125071930529,0.004734315418326106,0.0,0.07438125071930529,-0.007469815566855553,0,0,0,2,0,0.0,0.2831858407079646,0.5380211753433881,0.18968445389834127,0.8104840339731691,0.5116112542934121,0.0,0.37969924812030076,0.11986554142529623
1426,110,97.34513274336283,113,1,110,2,0,0.008849557522123894,4.133010973713198,4.101690693948978,37.88943515613388,3.1468802744009285,1.4854235213667402,2.46864323489171,6.884955752212389,6.321882890351117,0.47820748275034797,0.06289413673632989,0.002944862586395163,0.0,0.06289413673632989,0.01978591194494328,0,1,0,2,0,0.0,0.2743362831858407,0.514011029655521,0.2166481954481095,0.7968230014847701,0.5054528847672957,0.008849557522123894,0.37969924812030076,0.12013609769215929
1427,109,96.46017699115045,113,1,111,1,0,0.008849557522123894,4.166823006855043,4.130343894661246,39.577804184083064,3.157067261496454,1.4712278006811763,2.474164329956234,6.884955752212389,6.321882890351117,0.48321755120602217,0.09060342013383692,0.003175105166417211,0.0,0.09060342013383692,0.010330779555100644,0,1,0,1,0,0.0,0.2743362831858407,0.5247739630156865,0.2132598037643963,0.8580166839280637,0.5154882207524158,0.008849557522123894,0.3442982456140351,0.12062716255498565
1428,109,96.46017699115045,113,1,111,1,0,0.008849557522123894,4.159000615772528,4.119401985064726,38.51193824111119,3.1659590595876654,1.4918395988837665,2.4806539726538146,6.884955752212389,6.321882890351117,0.48581350949756996,0.19338151012892882,0.0021689776625315326,0.0,0.19338151012892882,0.010435475424727447,0,1,0,1,0,0.0,0.2920353982300885,0.5256827326462506,0.2244920718957383,0.8443571365835183,0.5145290697032984,0.008849557522123894,0.34617794486215536,0.12086911513065952
1429,109,96.46017699115045,113,1,111,1,0,0.008849557522123894,4.167718493962647,4.1486307383644005,37.960070810507794,3.1745992340750475,1.502607978197664,2.502218056690586,6.884955752212389,6.321882890351117,0.4866359985458262,0.562103324333182,0.00346316971850462,0.5,0.06956540275143683,0.006158521638072623,0,1,0,1,0,0.5,0.2831858407079646,0.5226169442983571,0.23545680896601426,0.832049630951992,0.5088064890369911,0.008849557522123894,0.3637218045112782,0.12118581537791726
1430,109,96.46017699115045,113,0,112,1,0,0.0,4.1625004183731775,4.143276467871209,35.21516022398231,3.1834512571566758,1.5266359755390568,2.4872030918663492,6.884955752212389,6.321882890351117,0.48575029653228485,0.12929615975277056,0.0017165998831534615,0.0,0.12929615975277056,0.012579997576084079,0,0,0,1,0,0.0,0.2831858407079646,0.5099277732158047,0.2470940657733565,0.8425207586596208,0.5106762158071013,0.0,0.3621553884711779,0.1214395322662936
1431,110,97.34513274336283,113,0,112,1,0,0.0,4.178167175478766,4.159143067843845,35.20732454549557,3.1925461200008147,1.55440957221131,2.4858038147969714,6.884955752212389,6.321882890351117,0.48696807047928026,0.16361075066623626,0.0016857840150530947,0.0,0.16361075066623626,0.00993865090614765,0,0,0,1,0,0.0,0.3008849557522124,0.5088804259115682,0.2523227610987833,0.8317830353869305,0.513244853619958,0.0,0.3621553884711779,0.12180534934084382
1432,111,98.23008849557522,113,0,113,0,0,0.0,4.20647237412643,4.18710985159377,33.46674972528421,3.2024804381204053,1.5742207801054124,2.494541948038554,6.884955752212389,6.321882890351117,0.4876233327764543,0.0,0.0,0.0,0.0,0.0,0,0,0,0,0,0.0,0.3274336283185841,0.501111461545073,0.2723970200447817,0.8201883977322201,0.5130396842476543,0.0,0.3762531328320802,0.12226089331281985
1433,112,99.11504424778761,113,0,113,0,0,0.0,4.203799633033523,4.184951052873768,33.70949592235893,3.2116775389009864,1.633919689296724,2.5662094768936434,6.884955752212389,6.321882890351117,0.4830385317776209,0.0,0.0,0.0,0.0,0.0,0,0,0,0,0,0.0,0.30973451327433627,0.49586108322150313,0.2643441440317931,0.8141738159361367,0.5103052383281682,0.0,0.3408521303258145,0.12253824457768327
1434,113,100.0,113,0,112,1,0,0.0,4.238444459958006,4.219474398200298,34.393180243005794,3.2220392301100116,1.6013242743212854,2.5431726411580096,6.884955752212389,6.321882890351117,0.48294259755815694,0.17611348705575258,0.0019542119328752614,0.0,0.17611348705575258,0.010051149494823886,0,0,0,1,0,0.0,0.30973451327433627,0.4962508291511131,0.25603055756348986,0.8309352807730911,0.51493282625188,0.0,0.3637218045112782,0.12303899570415289
1435,113,100.0,113,0,113,0,0,0.0,4.197959179642486,4.179581617660508,29.509086470902222,3.2297282874413975,1.698483159949327,2.5629141963294315,6.884955752212389,6.321882890351117,0.47564816745005567,0.0,0.0,0.0,0.0,0.0,0,0,0,0,0,0.0,0.30973451327433627,0.46854856788139554,0.2859645139441805,0.800899394304244,0.508033302258856,0.0,0.3762531328320802,0.12307961590250636
1436,113,100.0,113,0,113,0,0,0.0,4.207659443156778,4.189612743213974,30.533691152538786,3.2374385763809816,1.701904683974364,2.5927297254784083,6.884955752212389,6.321882890351117,0.4763007889779969,0.0,0.0,0.0,0.0,0.0,0,0,0,0,0,0.0,0.30973451327433627,0.4718624218941433,0.2729191203913209,0.806578720002517,0.5088913196498277,0.0,0.3621553884711779,0.12337183493871193
1437,113,100.0,113,0,113,0,0,0.0,4.193131017468859,4.175011940439688,30.95963013186084,3.2439229933613434,1.7024962073843108,2.603346950600421,6.884955752212389,6.321882890351117,0.47851916391437,0.0,0.0,0.0,0.0,0.0,0,0,0,0,0,0.0,0.2920353982300885,0.4783755003769621,0.2735945781694428,0.7960942464941305,0.5116049825795213,0.0,0.3762531328320802,0.12350416143408259
1438,113,100.0,113,0,111,2,0,0.0,4.220233599863546,4.2027542213523255,33.16091468230617,3.251400540702413,1.6435882988898818,2.5567145752654734,6.884955752212389,6.321882890351117,0.4821275055776175,0.3079128751094266,0.003921465959094166,0.5,0.20407664592353655,0.01971252030081916,0,0,0,2,0,0.5,0.3185840707964602,0.4901844116811848,0.26640867590995143,0.8142461810437234,0.5144563802714296,0.0,0.39755639097744355,0.1238760352390425
1439,113,100.0,113,0,113,0,0,0.0,4.188936748422666,4.171222008855415,33.870950854679286,3.2568106226200757,1.6272532755801448,2.5328967852626683,6.884955752212389,6.321882890351117,0.48116275686900223,0.0,0.0,0.0,0.0,0.0,0,0,0,0,0,0.0,0.30973451327433627,0.495061431998074,0.2588699245424418,0.8414519570433593,0.512852215123144,0.0,0.3621553884711779,0.12389056050339146
1440,113,100.0,113,0,112,1,0,0.0,4.18116013558118,4.163964618917782,35.544619148318134,3.2615116425404294,1.6420344066420893,2.555074265035748,6.884955752212389,6.321882890351117,0.4824965018359493,0.03299806292140725,0.004547792670732854,0.0,0.03299806292140725,0.015415103016604093,0,0,0,1,0,1.0,0.3185840707964602,0.5036917676936833,0.2426547765208891,0.8382139151207573,0.5193628039129663,0.0,0.3621553884711779,0.12400027392619245
1441,113,100.0,113,0,113,0,0,0.0,4.192496885977925,4.174346244708487,33.007937702519946,3.266440520866449,1.6700741700359079,2.58361121289706,6.884955752212389,6.321882890351117,0.47947137541260765,0.0,0.0,0.0,0.0,0.0,0,0,0,0,0,0.0,0.3008849557522124,0.4904021132623664,0.2665858489553457,0.8299966513351485,0.5103593203477469,0.0,0.3637218045112782,0.12421275663596561
1442,113,100.0,113,0,112,1,0,0.0,4.193826019961194,4.175834513007456,32.18309489637362,3.2711330705400528,1.6934580636833212,2.626894203566428,6.884955752212389,6.321882890351117,0.47547490067702114,0.20649502433864975,0.004819321995803283,0.0,0.20649502433864975,-0.004108496073463641,0,0,0,1,0,0.0,0.3008849557522124,0.48186513738435466,0.2681627789025756,0.8348338029751337,0.5066932951737535,0.0,0.34962406015037595,0.12436773105335035
1443,113,100.0,113,0,112,1,0,0.0,4.196022775577099,4.178538764668801,29.84809869970291,3.2756657304171934,1.7126826060322495,2.580298494291548,6.884955752212389,6.321882890351117,0.47023824543239034,0.15701698956508142,0.004944379584146893,0.0,0.15701698956508142,-0.006944488005258709,0,0,0,1,0,0.0,0.2831858407079646,0.46555172904110026,0.27934334347138234,0.8535574414729812,0.5040177230122499,0.0,0.32832080200501257,0.12452198955605524
1444,113,100.0,113,0,113,0,0,0.0,4.1973946665367405,4.1804817650965385,29.03148867089076,3.2800101082143622,1.744802675264575,2.604677030089143,6.884955752212389,6.321882890351117,0.468781674594948,0.0,0.0,0.0,0.0,0.0,0,0,0,0,0,0.0,0.2831858407079646,0.46088659622453065,0.29001346746177836,0.8605222666581956,0.5034426709217816,0.0,0.32832080200501257,0.12466617224917917
1445,113,100.0,113,0,113,0,0,0.0,4.23885347062728,4.221758589752063,29.5027628993068,3.286167417547343,1.7176594984638938,2.5418158587665296,6.884955752212389,6.321882890351117,0.47193405336667826,0.0,0.0,0.0,0.0,0.0,0,0,0,0,0,0.0,0.2743362831858407,0.4647574086443722,0.2926893557206593,0.8727118069874306,0.5124944596181591,0.0,0.3637218045112782,0.12506809521224574
1446,113,100.0,113,0,113,0,0,0.0,4.240717469035764,4.223666495703519,28.764532127408206,3.2920319614590228,1.6953824157141788,2.547245720530075,6.884955752212389,6.321882890351117,0.4738297665617648,0.0,0.0,0.0,0.0,0.0,0,0,0,0,0,0.0,0.30973451327433627,0.4645739415633525,0.29762569290520446,0.8655651400606443,0.5163182341656981,0.0,0.3637218045112782,0.12526279000336293
1447,113,100.0,113,0,113,0,0,0.0,4.223501973334054,4.206584049518871,28.147822633237332,3.2966618099784726,1.72915080869387,2.607411621919653,6.884955752212389,6.321882890351117,0.47069752238844065,0.0,0.0,0.0,0.0,0.0,0,0,0,0,0,0.0,0.30973451327433627,0.4578065494338719,0.29046087606756527,0.8631873996298799,0.5131282374995615,0.0,0.3637218045112782,0.12532305932555454
1448,113,100.0,113,0,112,1,0,0.0,4.184961302983344,4.168876235312706,27.330296684784958,3.2990918898128228,1.7739907885251989,2.6233330231276955,6.884955752212389,6.321882890351117,0.46631157594572614,0.00327566109053845,0.002694591423389793,0.0,0.00327566109053845,0.02608383788447033,0,0,0,1,0,1.0,0.30973451327433627,0.4491627579446307,0.27382168342900726,0.8503623225501455,0.5115968106155295,0.0,0.3991228070175439,0.1252071693744358
1449,112,99.11504424778761,113,1,112,0,0,0.008849557522123894,4.212251965844071,4.187158829001117,29.01257005964649,3.302756255325707,1.7221487631634853,2.6100496545749974,6.884955752212389,6.321882890351117,0.47189661029864927,0.6786755668128235,0.0054451491321370945,1.0,0.3213244331871765,0.025975821277274047,0,1,0,0,0,0.0,0.2920353982300885,0.4638096264590424,0.26665754948428155,0.8385995463615206,0.5135219520421155,0.008849557522123894,0.3991228070175439,0.1254594511369389
1450,112,99.11504424778761,113,0,113,0,0,0.0,4.213141179955642,4.188573178802088,29.515051905755328,3.305797225622689,1.7136590008398176,2.6034865731539067,6.884955752212389,6.321882890351117,0.47007558624931045,0.0,0.0,0.0,0.0,0.0,0,0,0,0,0,0.0,0.3008849557522124,0.46242310560844885,0.24967293022298742,0.829486679003012,0.5179917890105135,0.0,0.3991228070175439,0.12556002049794956
1451,112,99.11504424778761,113,0,111,2,0,0.0,4.224920724322725,4.200321234885248,30.03367869475582,3.3092401080167426,1.6954432669131017,2.602026989140396,6.884955752212389,6.321882890351117,0.4707221891808617,0.192845626421049,0.003643196083250553,0.0,0.192845626421049,0.008800851716903368,0,0,0,2,0,0.5,0.2831858407079646,0.46524669501865107,0.24903081173974154,0.859576796792826,0.5191255385771663,0.0,0.3637218045112782,0.12572774571628725
1452,111,98.23008849557522,113,1,111,1,0,0.008849557522123894,4.217766506984881,4.183500282995051,29.765677425415472,3.312087394176073,1.68069110061581,2.602815865801373,6.884955752212389,6.321882890351117,0.47154746790281266,0.3212978315691063,0.00335609999380445,0.5,0.20171713203368644,0.0013914171508508932,0,1,0,1,0,0.5,0.2831858407079646,0.4661419934224438,0.252398371814044,0.8639435854461217,0.5185195575149875,0.008849557522123894,0.3107769423558897,0.12578197567787108
1453,111,98.23008849557522,113,0,112,1,0,0.0,4.228905712528283,4.195364055275781,30.133568402595692,3.314881909808916,1.6964204176194793,2.604233309716675,6.884955752212389,6.321882890351117,0.46953829424906246,0.00016063156886286182,0.0006882603105694277,0.0,0.00016063156886286182,0.0057976415055811525,0,0,0,1,0,1.0,0.2831858407079646,0.46320531741494275,0.23871576500110472,0.8423619839143461,0.5190205531793982,0.0,0.381578947368421,0.12592600470841853
1454,112,99.11504424778761,113,0,111,2,0,0.0,4.23488786575871,4.201376805419678,30.929060777190244,3.317803854654168,1.6747879270608586,2.5864551549840935,6.884955752212389,6.321882890351117,0.4685047462104124,0.02728114215140889,0.002487667024567153,0.0,0.02728114215140889,0.00580831757471989,0,0,0,2,0,0.5,0.2920353982300885,0.4659456931386025,0.22506662983413286,0.8255695957273202,0.5236962477660693,0.0,0.381578947368421,0.1260482764401894
1455,112,99.11504424778761,113,0,111,2,0,0.0,4.277356213298071,4.244011296618521,32.44887325953955,3.322697319651771,1.6566979465901552,2.5775300560639156,6.884955752212389,6.321882890351117,0.4705006530388671,0.08478377589577542,0.0008409338711369869,0.0,0.08478377589577542,-0.0056227120107340545,0,0,0,2,0,0.5,0.30973451327433627,0.4716733581446195,0.21552812642778557,0.8373636983787809,0.5318197771063662,0.0,0.381578947368421,0.1264152977411006
1456,111,98.23008849557522,113,1,110,2,0,0.008849557522123894,4.236247887873374,4.203419565742752,29.833566430477457,3.3252907590917764,1.7098755080647277,2.6096488495110473,6.884955752212389,6.321882890351117,0.4640747863315333,0.062433877067359395,0.00124251629393626,0.0,0.062433877067359395,-0.0015414702243081724,0,1,0,2,0,0.6666666666666666,0.3008849557522124,0.45400826859000737,0.21459397370896038,0.8354338954546667,0.5289463199463919,0.008849557522123894,0.3815789473684211,0.12629173321609177
1457,112,99.11504424778761,113,0,111,2,0,0.0,4.249768500560275,4.216840592978741,29.08955864665035,3.3283367507070487,1.6994033554409311,2.5778178393386524,6.884955752212389,6.321882890351117,0.46487040272677604,0.47191048171236755,0.005819762268653529,0.5,0.02872405647452663,0.006225762725310724,0,0,0,2,0,0.5,0.2920353982300885,0.4504337152492739,0.21848275564813815,0.8169542854790968,0.5306376097531188,0.0,0.3815789473684211,0.12645561829091
1458,111,98.23008849557522,113,1,111,1,0,0.008849557522123894,4.230879252739964,4.195502411471224,26.60589411201181,3.330255323852825,1.7434529663556722,2.6135464753228486,6.884955752212389,6.321882890351117,0.4630957970542473,0.6037790877810147,0.008420845238078541,0.5,0.14106399913330978,0.017001970055714466,0,1,0,1,0,0.5,0.2831858407079646,0.4383995420049844,0.24045751261987966,0.8068923452988211,0.52096443938466,0.008849557522123894,0.3800125313283208,0.1264218170255293
1459,111,98.23008849557522,113,0,111,2,0,0.0,4.280432207619729,4.245172105521485,28.95366752412941,3.334420329533103,1.724670638722106,2.6298926176130206,6.884955752212389,6.321882890351117,0.46587682983596124,0.19572520948685995,0.0009450659923973873,0.0,0.19572520948685995,0.00975208043714726,0,0,0,2,0,0.0,0.2831858407079646,0.4492541855489422,0.22799750158822613,0.8065356412678617,0.5256903419273975,0.0,0.36748120300751874,0.12680123519066994
1460,111,98.23008849557522,113,0,111,2,0,0.0,4.292067712431752,4.256397807829966,30.212287602359723,3.338889769034746,1.7459336622785793,2.678811653344877,6.884955752212389,6.321882890351117,0.4651178137998826,0.0850609942547924,0.0022286222609674815,0.0,0.0850609942547924,-0.004774469411130855,0,0,0,2,0,0.5,0.2831858407079646,0.4538722408702774,0.2207147873236665,0.8071269540545387,0.5266926389857959,0.0,0.3800125313283208,0.12700068908030454
1461,111,98.23008849557522,113,1,111,1,0,0.008849557522123894,4.291244252029608,4.240500077761574,29.748977798476307,3.3430271321837908,1.7731128379039096,2.691431703411116,6.884955752212389,6.321882890351117,0.4647746554842509,0.44626662128262745,0.006682622644440012,0.5,0.05425562348569572,-0.00146992001335855,0,1,0,1,0,0.5,0.25663716814159293,0.45178720512001225,0.21709696549203275,0.811460327944963,0.5233364362972673,0.008849557522123894,0.362155388471178,0.1271273514048094
1462,111,98.23008849557522,113,0,111,2,0,0.0,4.30060770181181,4.250001456281102,29.000791387695045,3.346628963817915,1.7693015583284517,2.664222820215083,6.884955752212389,6.321882890351117,0.46674236458343454,0.03735584451123901,0.0029440166964633746,0.0,0.03735584451123901,0.015242465205734246,0,0,0,2,0,0.5,0.25663716814159293,0.45060095330688194,0.22391188244183646,0.814084409028525,0.5264722908566266,0.0,0.362155388471178,0.12728802044262888
1463,112,99.11504424778761,113,0,112,1,0,0.0,4.275204575789292,4.22472263107224,26.02855483768625,3.3487246136936135,1.7794818241335584,2.6423601620178996,6.884955752212389,6.321882890351117,0.46532366889166177,0.009841116776778392,0.0038294603915016955,0.0,0.009841116776778392,-0.012556732627146516,0,0,0,1,0,1.0,0.25663716814159293,0.43814397508187564,0.24491646670629133,0.8121856227411711,0.5261859722066085,0.0,0.362155388471178,0.127227247077983
1464,111,98.23008849557522,113,1,111,1,0,0.008849557522123894,4.301863446621379,4.249121575142222,26.490921989903065,3.35201150133058,1.7499168599029014,2.6161825983419176,6.884955752212389,6.321882890351117,0.46762191954235344,0.19806603304037773,0.0022914370487982926,0.0,0.19806603304037773,0.023273134787833216,0,1,0,1,0,0.0,0.2743362831858407,0.4431312084212509,0.24256368229314837,0.8205119958736381,0.5278592203641965,0.008849557522123894,0.3762531328320802,0.12746443802571666
1465,111,98.23008849557522,113,0,112,1,0,0.0,4.348967550525819,4.2941022022387685,30.631935255533936,3.357275749679379,1.7088070012545562,2.6119346279447138,6.884955752212389,6.321882890351117,0.4731645731491616,0.04381843892069495,0.004065015671011736,0.0,0.04381843892069495,0.010746518569955121,0,0,0,1,0,1.0,0.2831858407079646,0.46449598409271875,0.2257629102646673,0.8611471317910828,0.5318035603691699,0.0,0.3637218045112782,0.12786635835307303
1466,112,99.11504424778761,113,0,112,1,0,0.0,4.37128603179265,4.31425815906036,33.61606094034649,3.3632265872010625,1.6591475018561128,2.557165364452338,6.884955752212389,6.321882890351117,0.4777328271239105,0.009807797603500586,0.00265891451466947,0.0,0.009807797603500586,-0.0013113923946681538,0,0,0,1,0,1.0,0.2831858407079646,0.48095393207723414,0.21260323194503042,0.8611542321274713,0.537789324858025,0.0,0.3637218045112782,0.12816605324896513
1467,112,99.11504424778761,113,0,113,0,0,0.0,4.37422415936296,4.317348441115357,34.51901743571398,3.3689575109536283,1.605110435283192,2.51870344007255,6.884955752212389,6.321882890351117,0.4747854630601336,0.0,0.0,0.0,0.0,0.0,0,0,0,0,0,0.0,0.2920353982300885,0.4800287798567307,0.1955855590573532,0.8564537223945808,0.5434669225861496,0.0,0.3637218045112782,0.12836189503090295
1468,112,99.11504424778761,113,0,112,1,0,0.0,4.347535496452533,4.291924309948692,31.68548460121474,3.373040305379425,1.627055328470991,2.5251425564893144,6.884955752212389,6.321882890351117,0.47167948688159544,8.777624064713969e-05,0.0005064340385199243,0.0,8.777624064713969e-05,-0.0006625067862182643,0,0,0,1,0,1.0,0.2831858407079646,0.466052023959795,0.2053905768703703,0.847397615317252,0.5410637065514272,0.0,0.3637218045112782,0.12835750645747712
1469,113,100.0,113,0,112,1,0,0.0,4.358484837900543,4.302334425699551,33.96833999042653,3.3773914825841853,1.5574976298342185,2.5181095812925913,6.884955752212389,6.321882890351117,0.4747929686268171,0.003294427618276907,0.0010454114401958919,0.0,0.003294427618276907,0.04654911434628217,0,0,0,1,0,1.0,0.3008849557522124,0.4804298264140966,0.19722670973923617,0.8431561860511787,0.5473701371076357,0.0,0.3991228070175439,0.1285497913283355
1470,113,100.0,113,0,111,2,0,0.0,4.375351131476425,4.3192599660767,33.08824366793796,3.3823235937346703,1.5441272099928915,2.481220341151451,6.884955752212389,6.321882890351117,0.47621013877423013,0.03728936718934923,0.0025670050403245534,0.0,0.03728936718934923,0.02518859644150684,0,0,0,2,0,0.5,0.2920353982300885,0.47867420084068624,0.2060698563479897,0.8275944047572883,0.5543104649366012,0.0,0.3991228070175439,0.1287900239416927
1471,112,99.11504424778761,113,1,109,3,0,0.008849557522123894,4.456259350671994,4.386456365357444,39.68217011756696,3.390918765821336,1.47459407513587,2.457038673509286,6.884955752212389,6.321882890351117,0.4816338242630662,0.28252805458295394,0.0044148904147197875,0.25,0.03670079497255078,0.014958901854214446,0,1,0,3,0,0.75,0.2920353982300885,0.5071599025823558,0.18210166437569775,0.8568658225438459,0.5585830368746343,0.008849557522123894,0.3850250626566416,0.12946625339444212
1472,111,98.23008849557522,113,1,110,2,0,0.008849557522123894,4.529329409400211,4.470678824601904,46.15249738043912,3.4019409112067747,1.3863918727784157,2.4450251761038295,6.884955752212389,6.321882890351117,0.4872687913398803,0.055752854326826716,0.0019851864560232707,0.0,0.055752854326826716,0.013708246283459754,0,1,0,2,0,0.6666666666666666,0.2743362831858407,0.5330172067509805,0.16523656399247935,0.8515902761146207,0.5601213369220874,0.008849557522123894,0.36716791979949875,0.13018000724971904
1473,111,98.23008849557522,113,0,111,2,0,0.0,4.557657813786775,4.498581556779631,48.31667213354471,3.4143902369985724,1.3652745851675114,2.438868305413609,6.884955752212389,6.321882890351117,0.4897767685222989,0.048824455093644144,0.003098347131282206,0.0,0.048824455093644144,-0.0008027758266493379,0,0,0,2,0,0.5,0.2831858407079646,0.5414987858389146,0.15869698303804178,0.8648036784893096,0.5666690919375154,0.0,0.40256892230576447,0.13071516517024973
1474,110,97.34513274336283,113,1,111,1,0,0.008849557522123894,4.540799790345444,4.474429724335481,42.59136340471131,3.4252613066243645,1.4414728115517026,2.4224434188752784,6.884955752212389,6.321882890351117,0.48727030479237166,0.2916183671220621,0.0024634420344881603,0.5,0.24920518369257386,0.03165258087030265,0,1,0,1,0,0.5,0.2743362831858407,0.5214900078215967,0.18213654166995014,0.8327741993817281,0.5633181716592858,0.008849557522123894,0.4169799498746867,0.13097450319837864
1475,110,97.34513274336283,113,0,110,3,0,0.0,4.581757851163282,4.51599170192531,42.52330469806662,3.4371168635180154,1.418131867122957,2.3818871032680353,6.884955752212389,6.321882890351117,0.4883858569151156,0.14543609577363514,0.003885767517795451,0.0,0.14543609577363514,-0.007054319240827296,0,0,0,3,0,0.3333333333333333,0.2831858407079646,0.5205192706604815,0.18481800486600325,0.8256686905836881,0.5707176493024402,0.0,0.45238095238095233,0.1315540407138756
1476,111,98.23008849557522,113,0,110,3,0,0.0,4.53009007118353,4.46657141063543,37.609237487347215,3.4457234916373176,1.5267420932900564,2.4916316625384534,6.884955752212389,6.321882890351117,0.4831264033799598,0.1672118197890761,0.0029458045653265835,0.0,0.1672118197890761,0.018273587601927616,0,0,0,3,0,0.6666666666666666,0.2831858407079646,0.49857249575936363,0.20316248027478467,0.8398467995160812,0.5644344201726932,0.0,0.42042606516290726,0.131567752289232
1477,112,99.11504424778761,113,0,111,2,0,0.0,4.445709760245679,4.383579399602014,35.56499892691877,3.4495886926094057,1.6232675060973387,2.576492264365896,6.884955752212389,6.321882890351117,0.4786353642138961,0.09274793070338734,0.0009712577366648247,0.0,0.09274793070338734,0.014517722470762329,0,0,0,2,0,0.5,0.3008849557522124,0.48960977775777764,0.2121796975715217,0.8351984953314473,0.5550045509323182,0.0,0.42042606516290726,0.1312680274740088
1478,112,99.11504424778761,113,0,111,2,0,0.0,4.435158181417874,4.3752742355735625,31.419582443097795,3.4527895059075773,1.6496297756945093,2.587320375709752,6.884955752212389,6.321882890351117,0.47484577454925825,0.04844026915445614,0.002693777019215544,0.0,0.04844026915445614,-0.011551477402001686,0,0,0,2,0,0.5,0.2920353982300885,0.47033210315376206,0.22966395031599973,0.8276174061706694,0.55710555637146,0.0,0.487781954887218,0.13131644541399437
1479,113,100.0,113,0,110,3,0,0.0,4.438212950550286,4.377598578619481,32.76371164836068,3.455905521333766,1.6155666175030563,2.5125049928927217,6.884955752212389,6.321882890351117,0.4760257874378302,0.11319692993565252,0.0024116675754733293,0.0,0.11319692993565252,0.004742977265454103,0,0,0,3,0,0.3333333333333333,0.2920353982300885,0.4781773986494263,0.22030378179627494,0.850687859033811,0.5592330144184374,0.0,0.4169799498746867,0.13143021468270089
1480,113,100.0,113,0,108,5,0,0.0,4.526878403088078,4.4635239082020775,36.198073520560754,3.463170224881354,1.5558247633642335,2.4923841679444427,6.884955752212389,6.321882890351117,0.4838369932405866,0.08950668603685027,0.0023829247770894937,0.0,0.08950668603685027,0.01208082816756546,0,0,0,5,0,0.6,0.30973451327433627,0.4957957786185639,0.21875334594823562,0.8451673227944755,0.5617674586344312,0.0,0.45238095238095233,0.1321031749706947
1481,113,100.0,113,0,109,4,0,0.0,4.49239511029659,4.430642611897392,31.520198000793144,3.468312688742164,1.621008218965196,2.5485407192851532,6.884955752212389,6.321882890351117,0.4776570395018751,0.10628380636778223,0.002698746540308745,0.0,0.10628380636778223,0.017855768831507718,0,0,0,4,0,0.5,0.3008849557522124,0.4710403725627662,0.24026275699688762,0.842950749185565,0.5519321565028251,0.0,0.3850250626566416,0.13209330877821676
1482,111,98.23008849557522,113,2,109,2,0,0.017699115044247787,4.586784565336947,4.534649693013517,35.737858799599266,3.4777692570549203,1.537358307347976,2.5152411888637283,6.884955752212389,6.321882890351117,0.48502679087320066,0.22007387335253067,0.003953280044928229,0.25,0.1563690483867983,0.005769425340425516,0,2,0,2,0,0.5,0.3008849557522124,0.49029526741029633,0.22801883305457596,0.81647507363333,0.5590261439286055,0.017699115044247787,0.3815789473684211,0.13286417264050782
1483,110,97.34513274336283,113,1,109,3,0,0.008849557522123894,4.589458170949147,4.5496558843302495,39.78728556308491,3.4873520968179577,1.6052627786251517,2.5875685658991574,6.884955752212389,6.321882890351117,0.4852540398119798,0.30698118781947825,0.004436034560555813,0.25,0.10127974955119078,0.00236406700141481,0,1,0,3,0,0.25,0.2920353982300885,0.502644226667268,0.2144377730515914,0.8252054579962672,0.5553616435058712,0.008849557522123894,0.36748120300751885,0.13318044862226344
1484,110,97.34513274336283,113,0,112,1,0,0.0,4.638384634849089,4.596086946448649,42.74052305354977,3.4993331687174813,1.6071191452439093,2.5761553765769882,6.884955752212389,6.321882890351117,0.48797548861794704,0.06950681756797944,0.0008360981263792973,0.0,0.06950681756797944,-0.013785721775924187,0,0,0,1,0,0.0,0.3008849557522124,0.5126465376200324,0.21835744064236987,0.8184466669355567,0.5558371024638583,0.0,0.37969924812030076,0.13380379560901148
1485,110,97.34513274336283,113,0,112,1,0,0.0,4.67070244979607,4.626728789043915,45.28405683547865,3.5121065244059624,1.564540017469026,2.586168051390947,6.884955752212389,6.321882890351117,0.49028057312165085,0.0597030068558409,0.0007685606670126157,0.0,0.0597030068558409,-0.009395129174367911,0,0,0,1,0,0.0,0.2920353982300885,0.5217829272291985,0.2091430328092802,0.8056233167645889,0.5576515484468737,0.0,0.43452380952380953,0.13436914297764327
1486,109,96.46017699115045,113,1,108,4,0,0.008849557522123894,4.691326483892563,4.680002911452104,45.99741077690336,3.5250850725569696,1.5761598478710386,2.5366575690189275,6.884955752212389,6.321882890351117,0.4908661584656211,0.11898267276005056,0.0021313862487384212,0.2,0.11611392530737366,-0.018330128343562957,0,1,0,4,0,0.6,0.2831858407079646,0.5217879428637429,0.21671306612438077,0.805176447699802,0.5443152786536891,0.008849557522123894,0.3991228070175439,0.13488250745561298
1487,110,97.34513274336283,113,1,104,4,4,0.008849557522123894,4.744103375672636,4.694830931946268,46.379794100646336,3.541564343636649,1.5841474212935385,2.546131218590783,6.884955752212389,6.321882890351117,0.4932611616225768,0.563865113504503,0.003336751060738337,0.5555555555555556,0.008318315188508264,0.07539368984649478,0,5,0,4,0,0.8888888888888888,0.26548672566371684,0.5279996708097195,0.25234214484106876,0.7904499846860328,0.5308485578481202,0.008849557522123894,0.41697994987468673,0.13566729202393377
1488,110,97.34513274336283,113,1,109,3,0,0.008849557522123894,4.7483784705899295,4.6873738733960275,44.64462586671225,3.5554021323048635,1.6276729896565723,2.594718380848818,6.884955752212389,6.321882890351117,0.4901795226944192,0.30335842811271296,0.003937420506455279,0.25,0.05366333630503189,0.020276877867421106,0,1,0,3,0,0.75,0.23893805309734514,0.5189057200576904,0.26142741002129327,0.7904499846860328,0.5268760187561594,0.008849557522123894,0.41697994987468673,0.13612607189562964
1489,109,96.46017699115045,113,1,108,4,0,0.008849557522123894,4.807316105111241,4.750376835529082,48.01397738293533,3.570618351073381,1.558691637088472,2.563051195467552,6.884955752212389,6.321882890351117,0.49214662103791684,0.16563180407506636,0.0023709839421740516,0.0,0.16563180407506636,-0.0034080715405256923,0,1,0,4,0,0.4,0.26548672566371684,0.5285914722090868,0.2513209780134256,0.7770697802849209,0.5310918639671979,0.008849557522123894,0.43452380952380953,0.13690173583367884
1490,108,95.57522123893806,113,1,108,4,0,0.008849557522123894,4.799906950855383,4.752468261004961,47.922384817904614,3.5848007590517126,1.5690230836826566,2.4719108807574433,6.884955752212389,6.321882890351117,0.4918757596586094,0.08072746556430381,0.003790726902758878,0.0,0.08072746556430381,-0.03905639780448407,0,1,0,4,0,0.4,0.26548672566371684,0.5270535905622545,0.2502210451074637,0.7959216616752641,0.5304426709131943,0.008849557522123894,0.4345238095238095,0.13731298767411051
1491,109,96.46017699115045,113,0,109,4,0,0.0,4.792781628027205,4.744849186380176,50.058580546298636,3.598144900321431,1.5917940361986511,2.4835509400060816,6.884955752212389,6.321882890351117,0.4933233367897558,0.034389419700545196,0.003179916314426277,0.0,0.034389419700545196,-0.04799076567416602,0,0,0,4,0,0.75,0.25663716814159293,0.5367377930284638,0.24296538934660614,0.7959216616752641,0.5368566741809634,0.0,0.4345238095238095,0.13769916155186693
1492,108,95.57522123893806,113,2,108,3,0,0.017699115044247787,4.810976319778472,4.797745464864145,48.27472406800001,3.611589643269015,1.5593453618524808,2.4309134813640796,6.884955752212389,6.321882890351117,0.4947582982131935,0.2606256277185034,0.004869238933577366,0.2,0.062004331454641716,-0.02737618713794998,0,2,0,3,0,0.6,0.25663716814159293,0.5298305651401208,0.23988951756760138,0.8125819667362559,0.5385723811118723,0.017699115044247787,0.4520676691729324,0.13821511546265075
1493,107,94.69026548672566,113,2,104,3,4,0.017699115044247787,4.799162758069832,4.7841865291078385,46.343645375182156,3.625302102516668,1.658045843792609,2.466823448226053,6.884955752212389,6.321882890351117,0.4910245036204479,0.6369678703670182,0.006058260533194102,0.6666666666666666,0.0742979537124574,0.030108731153655817,0,6,0,3,0,0.7777777777777778,0.26548672566371684,0.5179666379817602,0.26598818215695286,0.8333260050996717,0.5449305650392547,0.017699115044247787,0.381265664160401,0.13858949046161945
1494,105,92.92035398230088,113,4,107,1,1,0.035398230088495575,4.75936590559471,4.734179331284779,41.743355097803594,3.636107860253528,1.8152243768899599,2.721899194112188,6.884955752212389,6.321882890351117,0.4857783752248048,0.7225728747969486,0.008787681561764312,0.8333333333333334,0.11317298206721262,0.01895531237401808,0,5,0,1,0,0.5,0.25663716814159293,0.49954930172579054,0.2800134166342272,0.8017162302929366,0.5214980484209144,0.035398230088495575,0.3991228070175439,0.1387320698740135
1495,106,93.80530973451327,113,0,112,1,0,0.0,4.77625448009931,4.75071163040989,42.60827388909842,3.646504920147691,1.8143908955162928,2.7273008671188266,6.884955752212389,6.321882890351117,0.48851396707172623,0.01420388732391471,0.0035957324414021,0.0,0.01420388732391471,-0.009970065254189642,0,0,0,1,0,1.0,0.26548672566371684,0.5050924541436719,0.27450699481721436,0.8221356226272174,0.5224431120309967,0.0,0.3991228070175439,0.13914515772181082
1496,106,93.80530973451327,113,0,112,1,0,0.0,4.77370208645664,4.7481134910475244,42.78524886802626,3.6561132890290513,1.8565294387455298,2.7545599637342995,6.884955752212389,6.321882890351117,0.486731386245826,0.020266807837396386,0.003596783068126692,0.0,0.020266807837396386,-0.016618070139220453,0,0,0,1,0,1.0,0.26548672566371684,0.5029955994813634,0.275384149475542,0.8154278283746418,0.5233724538518875,0.0,0.3850250626566416,0.13943611066777375
1497,106,93.80530973451327,113,1,111,1,0,0.008849557522123894,4.822607033660901,4.7885988758147855,46.27076861489378,3.667552737232839,1.8773060978180032,2.811090255007384,6.884955752212389,6.321882890351117,0.488135572222836,0.34803413497772623,0.007820589506344115,0.5,0.15204403818372894,-0.004221916941959614,0,1,0,1,0,0.5,0.2831858407079646,0.5120464970929274,0.2630173373968036,0.8109939672823296,0.525312290489482,0.008849557522123894,0.3815789473684211,0.14004222966316796
1498,108,95.57522123893806,113,0,111,2,0,0.0,4.858994774367298,4.824294248244003,48.45629996494308,3.6796833343710555,1.8636778708793416,2.7811887807199196,6.884955752212389,6.321882890351117,0.4935570975538397,0.00026459027246339287,0.0017948561389650392,0.0,0.00026459027246339287,-0.01729463879674792,0,0,0,2,0,1.0,0.2743362831858407,0.5238486516048857,0.25652346865540354,0.802309318477761,0.5294903766082043,0.0,0.4169799498746868,0.14060760943918912
1499,112,99.11504424778761,113,0,111,2,0,0.0,4.876617131842987,4.842034435003701,45.54588091011054,3.6919442604294774,1.8847564321792956,2.7513891176139778,6.884955752212389,6.321882890351117,0.49143106533661896,0.018494726992185715,0.0021593645474282026,0.0,0.018494726992185715,-0.017149680952505464,0,0,0,2,0,1.0,0.2743362831858407,0.5112473363441072,0.27133485822480524,0.801657133794721,0.5306321469721356,0.0,0.4169799498746868,0.14108328191991054
1500,111,98.23008849557522,113,1,112,0,0,0.008849557522123894,4.970341124926236,4.918165757859837,53.83839711907073,3.7080943270873545,1.8384468710908861,2.8122007953306487,6.884955752212389,6.321882890351117,0.5010038115955104,0.9999999992142299,0.010831274644103259,1.0,7.857701156410712e-10,0.03854395542019251,1,0,0,0,0,1.0,0.2743362831858407,0.5451107182497427,0.2502487269771183,0.8138183464646865,0.5344925726843577,0.008849557522123894,0.4169799498746867,0.1420623960357391
1501,111,98.23008849557522,113,0,111,2,0,0.0,5.018334276194701,4.963595992980423,59.32012719162434,3.7247071269262446,1.7915736598267948,2.8180975209088777,6.884955752212389,6.321882890351117,0.5069567939206863,0.031515614313569806,0.00435715176345522,0.0,0.031515614313569806,-0.004921283645301755,0,0,0,2,0,0.5,0.26548672566371684,0.5668214177835398,0.23483322613939733,0.815680688584272,0.5382912011827329,0.0,0.3850250626566416,0.14282748266739298
1502,109,96.46017699115045,113,3,110,0,0,0.02654867256637168,5.022967017924904,4.995437331990353,56.13575667898488,3.7404922819697664,1.8517861500121167,2.8316958904978335,6.884955752212389,6.321882890351117,0.5067841613656008,0.4464944340200836,0.007086400847784749,0.3333333333333333,0.1132906633749563,0.007091008070404452,0,3,0,0,0,0.6666666666666666,0.2743362831858407,0.5563624948878673,0.2441386883385803,0.8113857816287815,0.536569283370769,0.02654867256637168,0.3671679197994987,0.14334960588399986
1503,109,96.46017699115045,113,0,111,2,0,0.0,5.016916588695712,4.98978326899505,55.042219212261735,3.756381344179576,1.8828954769336421,2.845507661878765,6.884955752212389,6.321882890351117,0.5055032464671947,0.12128965334073581,0.0063826011475,0.0,0.12128965334073581,0.011988116883930644,0,0,0,2,0,0.0,0.2743362831858407,0.5523081874046074,0.2526244291926981,0.792122009586828,0.5366033769448172,0.0,0.39912280701754377,0.14382159769049352
1504,109,96.46017699115045,113,0,113,0,0,0.0,4.981991631762858,4.955292952349805,50.571383298227,3.7695215685426477,1.9407412522527139,2.852883417597306,6.884955752212389,6.321882890351117,0.5033184998127971,0.0,0.0,0.0,0.0,0.0,0,0,0,0,0,0.0,0.2920353982300885,0.5389182910950319,0.27226229236660077,0.8234011225662148,0.5322392182407142,0.0,0.39912280701754377,0.14406232770371064
1505,110,97.34513274336283,113,0,112,1,0,0.0,5.04261293276247,5.015243554795445,53.44870177275736,3.7848630888128953,1.9149463473941422,2.8389322960243635,6.884955752212389,6.321882890351117,0.5044768966436339,0.14557870304309792,0.004295312560818899,0.0,0.14557870304309792,0.0032045154098865325,0,0,0,1,0,0.0,0.2743362831858407,0.5439894001205503,0.2650799546957544,0.813930269704922,0.5351293495111166,0.0,0.39912280701754377,0.14485037068125098
1506,110,97.34513274336283,113,0,111,2,0,0.0,5.119102509354829,5.091047901299283,54.0832487147393,3.803068545747474,1.902542445486988,2.7843863809619664,6.884955752212389,6.321882890351117,0.5092473118482859,0.07030795593493916,0.00333967756763192,0.0,0.07030795593493916,0.0257266638870578,0,0,0,2,0,0.5,0.2743362831858407,0.549513743316647,0.27360499912173963,0.7783155920543499,0.5380640728388816,0.0,0.39912280701754377,0.14580828239774146
1507,113,100.0,113,0,112,1,0,0.0,5.11025329386748,5.08224955784091,51.101695941759864,3.819678098239211,1.9143547072635836,2.7739725600944594,6.884955752212389,6.321882890351117,0.5096806859881233,0.09163655562856421,0.004194544470313039,0.0,0.09163655562856421,-0.003978877172938766,0,0,0,1,0,0.0,0.2831858407079646,0.5434611905548216,0.28582760206779895,0.7932039339406303,0.5398803520451978,0.0,0.39912280701754377,0.14628905454887423
1508,113,100.0,113,0,112,1,0,0.0,5.126211493734861,5.098249593943165,51.92029039498195,3.8360468171096476,1.89803442283338,2.7595964733168734,6.884955752212389,6.321882890351117,0.5075179303835831,0.11969060699274366,0.0042173158712167065,0.0,0.11969060699274366,0.0017720879729044015,0,0,0,1,0,0.0,0.2831858407079646,0.5407950296032163,0.27292366078615776,0.8017293015354511,0.54296513075397,0.0,0.39912280701754377,0.14688625116703102
1509,113,100.0,113,0,112,1,0,0.0,5.126196139083116,5.098141294320917,49.79625033644609,3.851375247482214,1.8933880110619625,2.683535280233988,6.884955752212389,6.321882890351117,0.5085198534143491,0.2411494920498286,0.002224785763464779,0.0,0.2411494920498286,0.05456930740740318,0,0,0,1,0,0.0,0.26548672566371684,0.5380000403767893,0.2813510738875181,0.8294309945453946,0.5453000932760229,0.0,0.39912280701754377,0.14737069710231362
1510,112,99.11504424778761,113,1,110,2,0,0.008849557522123894,5.181811168664317,5.140429923394944,50.7060670399416,3.868522651379684,1.8804794598541135,2.663141585929822,6.884955752212389,6.321882890351117,0.5115184042936087,0.3536350561443282,0.0068892463733980815,0.3333333333333333,0.020305898646589094,0.022203542025176343,0,1,0,2,0,1.0,0.2743362831858407,0.5418837653026739,0.28244149381915323,0.8073858001116695,0.5499876024151653,0.008849557522123894,0.4169799498746867,0.14819079164678642
1511,112,99.11504424778761,113,0,111,2,0,0.0,5.18674169382356,5.145007574470076,51.0152450617466,3.8841682626189082,1.8782891055163702,2.6662202322804265,6.884955752212389,6.321882890351117,0.5137864929234413,0.19477039879557906,0.004199787859844957,0.0,0.19477039879557906,0.01534154155556089,0,0,0,2,0,0.0,0.2743362831858407,0.5459384839293179,0.2798789723307141,0.7992525217252756,0.5564927127304901,0.0,0.4169799498746867,0.1487099928825943
1512,112,99.11504424778761,113,0,110,3,0,0.0,5.1981014366704965,5.156710468651376,48.51822413495501,3.8994166512500477,1.8490832198654055,2.6311431740050506,6.884955752212389,6.321882890351117,0.5137168177246261,0.33908093576696235,0.004071639114779744,0.3333333333333333,0.26934279091585517,0.01179194371016723,0,0,0,3,0,0.0,0.26548672566371684,0.5399637162107594,0.29216921848527794,0.7992525217252756,0.5619651698617144,0.0,0.4169799498746867,0.14924878423279211
1513,110,97.34513274336283,113,2,109,2,0,0.017699115044247787,5.225444497835522,5.194325823472482,49.62566183950437,3.9150368474979556,1.8695742590691817,2.661703306086831,6.884955752212389,6.321882890351117,0.5140605730818038,0.38790118503855536,0.005409930159684436,0.25,0.3435346888583612,0.011393334716847114,1,1,0,2,0,0.0,0.2743362831858407,0.5417097801862722,0.29573056022234817,0.8029194709474998,0.5526711457409345,0.017699115044247787,0.39912280701754377,0.14987924479563514
1514,109,96.46017699115045,113,1,110,2,0,0.008849557522123894,5.272612144122922,5.228302666457808,55.52654939206278,3.9325851691743283,1.8899936108557693,2.7315333582441363,6.884955752212389,6.321882890351117,0.5188291723753313,0.5745921973187614,0.007457013164241373,0.6666666666666666,0.21421810389352372,0.04336834047162785,0,1,0,2,0,0.3333333333333333,0.2831858407079646,0.5624085801038995,0.28843637570934455,0.8181749604864158,0.5516394383810371,0.008849557522123894,0.39912280701754377,0.15066977519987332
1515,109,96.46017699115045,113,1,111,1,0,0.008849557522123894,5.277396183415575,5.225861774324013,54.63130723241832,3.948659747041227,1.8942734024182655,2.7266984227419813,6.884955752212389,6.321882890351117,0.5171111978536267,0.5028445023970023,0.006207641882903216,0.5,0.06936493325439823,0.005205988901877401,0,1,0,1,0,0.0,0.30973451327433627,0.5569952150181262,0.2911509887765224,0.8199120016514427,0.5537672829572969,0.008849557522123894,0.3991228070175439,0.1512018033902684
1516,109,96.46017699115045,113,0,111,2,0,0.0,5.265131112280324,5.214306996053396,51.957272871959624,3.96274400756195,1.9124711901603753,2.748674349369876,6.884955752212389,6.321882890351117,0.5151989881426531,0.03583134266302688,0.004618587073455904,0.0,0.03583134266302688,0.008939723582007897,0,0,0,2,0,1.0,0.3185840707964602,0.5478170563374276,0.2980221914176451,0.8082703434539356,0.5536495936501558,0.0,0.3991228070175439,0.15158567326263817
1517,109,96.46017699115045,113,0,112,1,0,0.0,5.2886192356002475,5.2369826508324815,54.16401632353754,3.9770847002983847,1.9144369199514648,2.753876114407193,6.884955752212389,6.321882890351117,0.5179918240865549,0.2120514597056785,0.005415022242863648,0.0,0.2120514597056785,0.02711355932195003,0,0,0,1,0,0.0,0.3185840707964602,0.5538004080236915,0.2870763385889248,0.8092530036027619,0.5598955512757929,0.0,0.43452380952380953,0.15215641477946906
1518,111,98.23008849557522,113,0,110,3,0,0.0,5.292752398149546,5.241502306984427,58.277853691028376,3.9907473731295355,1.8898464334100145,2.7901586245330448,6.884955752212389,6.321882890351117,0.5220350595715062,0.06223917777712354,0.003352348549506386,0.0,0.06223917777712354,0.0068344675275991236,0,0,0,3,0,0.6666666666666666,0.30973451327433627,0.5709456184587434,0.2705138951489188,0.7998284425616905,0.5653406339375182,0.0,0.3991228070175439,0.15260894968025412
1519,112,99.11504424778761,113,0,111,2,0,0.0,5.334121379376693,5.2823120494809315,60.75514653800499,4.005610263087395,1.8254209668882577,2.7463326678054867,6.884955752212389,6.321882890351117,0.5277989099328739,0.05441445985363479,0.0015220493820824188,0.0,0.05441445985363479,-0.00023143653389201546,0,0,0,2,0,0.5,0.3274336283185841,0.5844311115202099,0.26627499871528154,0.791817774939629,0.5728364200309556,0.0,0.43452380952380953,0.1532856018350187
1520,113,100.0,113,0,111,2,0,0.0,5.375496972792206,5.322709004375783,60.49398865245555,4.021576617091774,1.8184225770670335,2.7433897411907076,6.884955752212389,6.321882890351117,0.529700557963813,0.02385176996363841,0.0013281228464641275,0.0,0.02385176996363841,-0.0013854648115618207,0,0,0,2,0,1.0,0.3185840707964602,0.5839232528378877,0.27442843616862245,0.8110251162600817,0.5715835661820441,0.0,0.43452380952380953,0.15399716690310408
1521,113,100.0,113,0,111,2,0,0.0,5.437916418691063,5.384780996586035,65.42297256954515,4.039672891818328,1.8267762747184402,2.729733467647339,6.884955752212389,6.321882890351117,0.5307019735567278,0.11636427889929686,0.0016457063522760658,0.0,0.11636427889929686,0.0008843377220792425,0,0,0,2,0,0.5,0.3008849557522124,0.5926027473209566,0.26789569998704366,0.7983847293716033,0.570927400455357,0.0,0.43452380952380953,0.15488127678046285
1522,111,98.23008849557522,113,2,107,4,0,0.017699115044247787,5.477130495896312,5.459695919904355,66.66116079268328,4.058594393903607,1.7804316598600836,2.7294914265436288,6.884955752212389,6.321882890351117,0.5337988644725082,0.1715966128796166,0.002695427020464178,0.16666666666666666,0.04505749466593248,0.0206263827657282,0,2,0,4,0,0.6666666666666666,0.3008849557522124,0.5981752656379828,0.2682906228628843,0.768803335100507,0.5687379385615702,0.017699115044247787,0.487468671679198,0.15567544476795242
1523,110,97.34513274336283,113,1,111,1,0,0.008849557522123894,5.393201538716813,5.372136886754575,54.04384453060716,4.07391809201849,1.884698080653374,2.72766175499557,6.884955752212389,6.321882890351117,0.5261642277538452,0.47364633581733123,0.005805848043046345,0.5,0.13866737804018164,0.03439587606319161,0,1,0,1,0,0.0,0.3185840707964602,0.5614484525963456,0.30540401213425666,0.7938212142046468,0.5658214726629871,0.008849557522123894,0.5228696741854637,0.15574017310670185
1524,110,97.34513274336283,113,0,111,2,0,0.0,5.409285551720103,5.38775426446028,53.01280599606904,4.0888557732075155,1.864801804740157,2.697963406036562,6.884955752212389,6.321882890351117,0.5261225463212322,0.11042318623762006,0.0021758143610394317,0.0,0.11042318623762006,0.03171252970016658,0,0,0,2,0,0.0,0.30973451327433627,0.5582093925730538,0.30739804808661875,0.7934764637646516,0.5666852832945684,0.0,0.487468671679198,0.15629276452737043
1525,109,96.46017699115045,113,1,110,2,0,0.008849557522123894,5.354932260803667,5.354148685731261,51.708459356914744,4.100137358166216,1.9491879289623228,2.7652279706833274,6.884955752212389,6.321882890351117,0.5226746116872485,0.23856156241441526,0.004697646312743325,0.3333333333333333,0.14917096199498198,-0.009221374389583925,0,1,0,2,0,0.3333333333333333,0.30973451327433627,0.5496652434685398,0.30613050854346907,0.7690234336452805,0.5600402234683307,0.008849557522123894,0.5053258145363408,0.15637760236742052
1526,107,94.69026548672566,113,2,110,1,0,0.017699115044247787,5.364136278496339,5.383033511769667,52.836001873446186,4.112208706909972,2.001667275160964,2.81763931857403,6.884955752212389,6.321882890351117,0.5206431589159837,0.6780529895782612,0.006422090060682256,0.6666666666666666,0.061787320068860986,0.022792057637032404,0,2,0,1,0,0.3333333333333333,0.2920353982300885,0.5474013056445913,0.3003637194686062,0.7522408599739494,0.5495131372949391,0.017699115044247787,0.5410401002506265,0.15680519072131693
1527,109,96.46017699115045,113,0,111,2,0,0.0,5.304749694167798,5.326538890919057,51.071289968614316,4.12162972888663,2.036787990622851,2.8074904263628992,6.884955752212389,6.321882890351117,0.5180024221768278,0.07464616697377299,0.0035952379384180085,0.0,0.07464616697377299,-0.01308061216874079,0,0,0,2,0,0.5,0.3008849557522124,0.5413496814877634,0.30549435996982216,0.7626863375286184,0.5496072702940723,0.0,0.5410401002506265,0.15680605078789348
1528,109,96.46017699115045,113,2,110,1,0,0.017699115044247787,5.34511237677739,5.386604665247525,47.941150041609575,4.132412278417394,2.0191228072214797,2.759048065694215,6.884955752212389,6.321882890351117,0.5178046807799159,0.49539662891697755,0.004578577862720288,0.3333333333333333,0.18562397814873002,0.04219724436999547,0,2,0,1,0,0.3333333333333333,0.2920353982300885,0.5314738087826425,0.33039575031163704,0.7707375856662887,0.547368321210144,0.017699115044247787,0.5231829573934837,0.15734869427790593
1529,109,96.46017699115045,113,0,113,0,0,0.0,5.348001777589793,5.389507228036445,44.884202299550985,4.143740681888133,2.0422727042722024,2.7572144595313066,6.884955752212389,6.321882890351117,0.5145320490521823,0.0,0.0,0.0,0.0,0.0,0,0,0,0,0,0.0,0.2743362831858407,0.517910912311684,0.35450306544507,0.7314787965715484,0.5399253574870944,0.0,0.5585839598997494,0.15772122548235126
1530,109,96.46017699115045,113,0,113,0,0,0.0,5.393652620997616,5.435278754470409,43.41153433651468,4.156667814796732,2.0592743264877784,2.7379491790852772,6.884955752212389,6.321882890351117,0.5114970387108113,0.0,0.0,0.0,0.0,0.0,0,0,0,0,0,0.0,0.26548672566371684,0.5086805293591243,0.36932695455117825,0.7461869471972833,0.5359522482561302,0.0,0.5231829573934837,0.15835809880117122
1531,111,98.23008849557522,113,0,113,0,0,0.0,5.369311865552331,5.40658534441437,41.837786403844504,4.167326538476976,2.003983918428037,2.6739439559406866,6.884955752212389,6.321882890351117,0.5108060623695256,0.0,0.0,0.0,0.0,0.0,0,0,0,0,0,0.0,0.2831858407079646,0.5045484114043932,0.37668808687770705,0.7259529139058905,0.5418499949189806,0.0,0.5585839598997494,0.15857331103828035
1532,110,97.34513274336283,113,1,112,0,0,0.008849557522123894,5.370198795799701,5.402934219092297,40.99725734112754,4.177301509945994,2.072593887537499,2.74089276402633,6.884955752212389,6.321882890351117,0.5120921014021698,0.9265769928217242,0.007608218446214097,1.0,0.07342300717827577,0.24884460675724873,0,1,0,0,0,0.0,0.2743362831858407,0.5034984751489688,0.3919980934077843,0.734330454765052,0.5373752680538961,0.008849557522123894,0.5585839598997493,0.15889304869682583
1533,112,99.11504424778761,113,0,112,1,0,0.0,5.4333670992342356,5.469538296753487,44.416693104824105,4.189839645121268,2.0076807391721707,2.7084423731999805,6.884955752212389,6.321882890351117,0.5177403913130656,0.07233990806604723,0.004182595879385149,0.0,0.07233990806604723,-0.02063958174674063,0,0,0,1,0,0.0,0.2831858407079646,0.5197390210983887,0.3783538310048008,0.7602419686870145,0.5401283367323041,0.0,0.5231829573934836,0.15960521332520589
1534,111,98.23008849557522,113,1,112,0,0,0.008849557522123894,5.347751446845446,5.36645000898808,39.510753221178454,4.197198160100146,2.14836814633242,2.790065283610309,6.884955752212389,6.321882890351117,0.5102364823910523,0.9855645289052914,0.018675098256131117,1.0,0.014435471094708552,0.0023386782458785227,0,1,0,0,0,1.0,0.3008849557522124,0.4980269322682038,0.3995516695689982,0.754780958958849,0.5343042638368933,0.008849557522123894,0.5231829573934836,0.15940973341297873
1535,110,97.34513274336283,113,1,111,1,0,0.008849557522123894,5.441377426409703,5.455786120844588,44.02039103810835,4.208218421533822,2.057857408454351,2.748486045135204,6.884955752212389,6.321882890351117,0.5140219089555162,0.24240256810585206,0.004676681382863536,0.0,0.24240256810585206,-0.018967475534621414,0,1,0,1,0,0.5,0.3008849557522124,0.5125987879096621,0.38183821404305307,0.7380494951491128,0.5358678653252871,0.008849557522123894,0.5231829573934836,0.1602262073218238
1536,110,97.34513274336283,113,0,109,4,0,0.0,5.45316160029692,5.466316907823345,43.593323158910316,4.218639103816716,2.114770113251631,2.7920095411072383,6.884955752212389,6.321882890351117,0.5130488514414611,0.1756968388679737,0.0024213923077339404,0.0,0.1756968388679737,0.0063404167695542135,0,0,0,4,0,0.0,0.30973451327433627,0.5090099420964843,0.3884105463937134,0.784034822579919,0.5393072750311969,0.0,0.5231829573934836,0.16061451985640993
1537,110,97.34513274336283,113,1,111,1,0,0.008849557522123894,5.482126081549868,5.482706382220599,44.68076972207156,4.229914502927307,2.0858916185584806,2.759231952607313,6.884955752212389,6.321882890351117,0.5144782633596221,0.5533228246375588,0.008485062873207907,0.5,0.05332282469576638,0.03541091165152177,0,1,0,1,0,0.5,0.2920353982300885,0.5132024126046587,0.37820314533544674,0.7463972715582428,0.5482431513623156,0.008849557522123894,0.5585839598997493,0.16111575102627032
1538,110,97.34513274336283,113,0,110,3,0,0.0,5.42937711197955,5.4287133878418325,41.211742931213074,4.237061783956003,2.1382983268348577,2.772302351543955,6.884955752212389,6.321882890351117,0.510166291319258,0.14116258399849577,0.004046261755100196,0.0,0.14116258399849577,-0.029468726169517456,0,0,0,3,0,0.3333333333333333,0.3008849557522124,0.4980803086866654,0.3942372865410002,0.7431133029611592,0.5492106291888124,0.0,0.5585839598997493,0.16107792754665792
1539,108,95.57522123893806,113,3,110,0,0,0.02654867256637168,5.401561839435258,5.378711574689063,39.694598332797725,4.242356872982267,2.1743281112815795,2.805148382052826,6.884955752212389,6.321882890351117,0.5090888031121346,0.41142313795126656,0.009501388414876176,0.3333333333333333,0.0781354352510268,-0.04196188697326845,0,3,0,0,0,0.6666666666666666,0.30973451327433627,0.49383874154288493,0.3943325118457891,0.7674541366950571,0.5423201689363312,0.02654867256637168,0.5410401002506265,0.1611062258475266
1540,109,96.46017699115045,113,2,108,3,0,0.017699115044247787,5.320899918692582,5.295062131057035,35.27530928745223,4.242210664082591,2.2158071854963084,2.8051974100933297,6.884955752212389,6.321882890351117,0.5032032477662216,0.42397039259574515,0.007084133482260782,0.4,0.05300925934699914,0.017959590327494633,0,2,0,3,0,0.8,0.3274336283185841,0.47624689576083096,0.406437626989131,0.7782574879231936,0.5354673682622538,0.017699115044247787,0.5231829573934837,0.16069829466610683
1541,109,96.46017699115045,113,0,112,1,0,0.0,5.265189902162647,5.240281520509877,33.18528015619021,4.23905064261838,2.2474110971242296,2.822729929064522,6.884955752212389,6.321882890351117,0.5013970813607636,0.053334251029058755,0.0016826966763264382,0.0,0.053334251029058755,0.00045410495157582886,0,0,0,1,0,0.0,0.34513274336283184,0.46866188771565864,0.4106791233978801,0.7782574879231936,0.5364586651543297,0.0,0.5231829573934837,0.16031985815531846
1542,109,96.46017699115045,113,1,110,2,0,0.008849557522123894,5.29629962908597,5.26726149117507,36.13460527022797,4.237642154839794,2.249206705993888,2.840965426613418,6.884955752212389,6.321882890351117,0.5035637320478719,0.05733667353332763,0.003040976167031638,0.0,0.05733667353332763,-0.0039776377055083705,0,1,0,2,0,0.6666666666666666,0.36283185840707965,0.48000572602489106,0.3922936677573427,0.760957827030827,0.5416036657570187,0.008849557522123894,0.5410401002506267,0.1604308853159915
1543,109,96.46017699115045,113,0,112,1,0,0.0,5.28808044682098,5.257092178641225,36.924101334541824,4.235621149275875,2.1825454614632314,2.759217893893361,6.884955752212389,6.321882890351117,0.5051911148660175,0.061045082771702744,0.001875924505346517,0.0,0.061045082771702744,0.0013225382463946111,0,0,0,1,0,0.0,0.36283185840707965,0.4853214754097181,0.39165320246208024,0.7682663001804925,0.5396718755723158,0.0,0.5410401002506267,0.16032590660218737
1544,110,97.34513274336283,113,0,112,1,0,0.0,5.299193877922891,5.267400297996609,39.66399826329396,4.234249243103992,2.1699699473187075,2.776988223212357,6.884955752212389,6.321882890351117,0.5095281621901446,0.21212908227967492,0.002368913859148977,0.0,0.21212908227967492,0.006330349812945446,0,0,0,1,0,0.0,0.37168141592920356,0.4991049082271176,0.3747551464255367,0.7402562023775553,0.5442475384939518,0.0,0.5764411027568923,0.16033810860692094
1545,112,99.11504424778761,113,0,112,1,0,0.0,5.328789603272991,5.297652487595246,42.41826119432133,4.234494073632215,2.158089201531088,2.8269046630304695,6.884955752212389,6.321882890351117,0.5086714600383919,0.06449690420216982,0.0019786106157106383,0.0,0.06449690420216982,-0.0006078569877157047,0,0,0,1,0,0.0,0.3893805309734513,0.5039131781938505,0.3491781633567958,0.7691859208385708,0.5471557323943216,0.0,0.5410401002506267,0.16049382618330849
1546,112,99.11504424778761,113,0,112,1,0,0.0,5.3874263285332145,5.3548582975675165,45.379009710700984,4.237616613711501,2.1374230716585836,2.833563594649319,6.884955752212389,6.321882890351117,0.512233325176455,0.03040103633014369,0.001844012709676074,0.0,0.03040103633014369,-0.0018752713196859006,0,0,0,1,0,1.0,0.36283185840707965,0.5145541959996626,0.34488840824837613,0.7731101615620259,0.5525373898115756,0.0,0.5410401002506267,0.16088571147311795
1547,113,100.0,113,0,113,0,0,0.0,5.403194997486709,5.369162792115657,46.3147230736146,4.241265201178484,2.099554456850181,2.8000957478573203,6.884955752212389,6.321882890351117,0.5134253876511741,0.0,0.0,0.0,0.0,0.0,0,0,0,0,0,0.0,0.37168141592920356,0.5190148560867218,0.3411241865647236,0.7575513664135913,0.5516607491692054,0.0,0.5410401002506267,0.1610798845312928
1548,113,100.0,113,0,112,1,0,0.0,5.420481007226649,5.38443934431345,48.69756918400129,4.245455741810355,2.075942145661996,2.8114435103057724,6.884955752212389,6.321882890351117,0.5131533553541576,0.026433876774877907,0.0015736809446414805,0.0,0.026433876774877907,0.006175369028569522,0,0,0,1,0,1.0,0.35398230088495575,0.5240197699256915,0.33351809199199856,0.7572744718668474,0.5493263298150954,0.0,0.5764411027568923,0.1612987751156022
1549,113,100.0,113,0,113,0,0,0.0,5.4341636482783215,5.398834893334187,47.7106880984644,4.250109417171417,2.077509000883677,2.7573040573930214,6.884955752212389,6.321882890351117,0.5108339820192016,0.0,0.0,0.0,0.0,0.0,0,0,0,0,0,0.0,0.34513274336283184,0.5177566779613547,0.3486521208847956,0.7416405436736428,0.545465820997947,0.0,0.5764411027568923,0.1615142882740723
1550,112,99.11504424778761,113,1,112,0,0,0.008849557522123894,5.48171401128235,5.4356599338602125,47.63889141754208,4.256728401424545,2.118143171933426,2.8343646651493652,6.884955752212389,6.321882890351117,0.5145736236618961,0.9999752135199893,0.013371782946957164,1.0,2.478648001069672e-05,0.025268425870777822,0,1,0,0,0,1.0,0.34513274336283184,0.5214597207638726,0.366775262529754,0.7519471935246137,0.5348854549737674,0.008849557522123894,0.5764411027568922,0.16196126230559924
1551,112,99.11504424778761,113,0,110,3,0,0.0,5.4774948464773106,5.432027931868226,43.93325066559122,4.262348172465268,2.1187204071432895,2.7935353453286145,6.884955752212389,6.321882890351117,0.5133582270918904,0.26503191483834243,0.004911275063393196,0.0,0.26503191483834243,-0.0036833754389042905,0,0,0,3,0,0.3333333333333333,0.3805309734513274,0.5101986095399347,0.3853981329232959,0.7114796804596449,0.5360155506244215,0.0,0.5764411027568922,0.1621178041535242
1552,112,99.11504424778761,113,0,109,4,0,0.0,5.4959917914373,5.4504340367619,44.65456868536207,4.268543558078932,2.1515816209042695,2.8225465213078853,6.884955752212389,6.321882890351117,0.5130942854567646,0.17719357551805998,0.0030246678224517508,0.0,0.17719357551805998,0.008419048435387266,0,0,0,4,0,0.25,0.37168141592920356,0.5104902554071286,0.38586660385718224,0.7114796804596449,0.5346767887696535,0.0,0.5764411027568922,0.1624061213898749
1553,111,98.23008849557522,113,1,111,1,0,0.008849557522123894,5.451584072719317,5.404342739872361,42.6501990213306,4.272106974233683,2.1877782930778937,2.85051456969027,6.884955752212389,6.321882890351117,0.5104159949475746,0.1690974575987069,0.0032553650112377057,0.0,0.1690974575987069,0.02254008083925152,0,1,0,1,0,0.0,0.3805309734513274,0.5027853056842758,0.38231250749467266,0.7000229004943599,0.5390399637616254,0.008849557522123894,0.6296992481203008,0.1622967202943846
1554,111,98.23008849557522,113,0,112,1,0,0.0,5.386650409091463,5.340680846978419,41.10272504318915,4.272134645326817,2.247871219795173,2.9045826896856752,6.884955752212389,6.321882890351117,0.5053451418352579,0.040719532136027733,0.004304547752611556,0.0,0.040719532136027733,-0.0053396597628672104,0,0,0,1,0,1.0,0.36283185840707965,0.4940841025370174,0.38697070122106414,0.7025921036071514,0.5265832607119513,0.0,0.5942982456140351,0.16197292664329654
1555,112,99.11504424778761,113,0,112,1,0,0.0,5.3856332069331225,5.339263752707875,41.67388406089049,4.272088897453665,2.291872746629932,2.9311655011561624,6.884955752212389,6.321882890351117,0.5059864959195106,0.022210112084197906,0.0014774852585806133,0.0,0.022210112084197906,0.008877455392544142,0,0,0,1,0,1.0,0.336283185840708,0.4964004839454969,0.3807263557928684,0.6843193171445203,0.5257153775656014,0.0,0.6296992481203008,0.1619663945690221
1556,112,99.11504424778761,113,0,112,1,0,0.0,5.345482988166016,5.298294518508566,40.57099754528933,4.269974020101755,2.3195932151302214,2.9515904159211965,6.884955752212389,6.321882890351117,0.5060875025523282,0.018995838702757097,0.0015512752834702874,0.0,0.018995838702757097,0.008437820351708591,0,0,0,1,0,1.0,0.336283185840708,0.4952888840902816,0.3932092075562066,0.7123986667135409,0.5218807499651911,0.0,0.5588972431077694,0.1616987934404554
1557,112,99.11504424778761,113,0,112,1,0,0.0,5.363870766396237,5.316999549023801,42.42956587215839,4.268938850918331,2.2489674707562033,2.9020375813431816,6.884955752212389,6.321882890351117,0.5091049815611921,0.0017999991280898435,0.005757679614900653,0.0,0.0017999991280898435,-0.08953607513215767,0,0,0,1,0,1.0,0.34513274336283184,0.5049098111852839,0.3806783544476574,0.7315075360227002,0.5273598381031189,0.0,0.5588972431077694,0.16175801123985994
1558,112,99.11504424778761,113,1,112,0,0,0.008849557522123894,5.429860956856607,5.402662973617516,43.407755222592506,4.271273499201929,2.2244627733680518,2.872295612269321,6.884955752212389,6.321882890351117,0.5119919389287448,0.4892203270464315,0.006079845743291236,0.0,0.4892203270464315,-0.029131238197933396,0,1,0,0,0,0.0,0.336283185840708,0.508611087161703,0.39257766856912746,0.6704507484038471,0.529336564763179,0.008849557522123894,0.5942982456140351,0.16216175905735714
1559,112,99.11504424778761,113,0,112,1,0,0.0,5.424116428515334,5.398083962265198,42.556619288517844,4.274257027789566,2.227908630884475,2.858624127342224,6.884955752212389,6.321882890351117,0.509471797226245,0.03981451077489361,0.0044931173672599686,0.0,0.03981451077489361,-0.01523686516937861,0,0,0,1,0,1.0,0.336283185840708,0.5031495318806792,0.38984816457250426,0.6947485022521975,0.5324091693040688,0.0,0.5942982456140351,0.16222734400730607
1560,112,99.11504424778761,113,0,111,2,0,0.0,5.487569829949862,5.461336806727268,45.50400152629485,4.280250957795259,2.1440433711920144,2.8148571260454194,6.884955752212389,6.321882890351117,0.5136712153884435,0.04115545394734091,0.0028337964283673086,0.0,0.04115545394734091,0.0007448439163473264,0,0,0,2,0,1.0,0.336283185840708,0.5142691628703278,0.3774112815241189,0.6858131342337981,0.5361598927639829,0.0,0.5942982456140351,0.16273407563222345
1561,112,99.11504424778761,113,0,111,2,0,0.0,5.460883743637977,5.436128986426051,43.870101535608626,4.284591071462539,2.169077572966339,2.8279765689966134,6.884955752212389,6.321882890351117,0.5132043809047604,0.03042693880428441,0.004801540961221143,0.0,0.03042693880428441,-0.004219061588672801,0,0,0,2,0,0.5,0.3274336283185841,0.5103677688582561,0.3795547369708197,0.6994871394000824,0.5368226826795829,0.0,0.5942982456140351,0.16273783365234082
1562,112,99.11504424778761,113,0,111,2,0,0.0,5.395410740782675,5.370445080977025,39.50448588444626,4.285334840562229,2.201266179399971,2.836608357569521,6.884955752212389,6.321882890351117,0.5084861971982124,0.05423876996751436,0.0028166808230669057,0.0,0.05423876996751436,-0.0037398064001192832,0,0,0,2,0,0.5,0.30973451327433627,0.49366607524155304,0.40319902311169187,0.7145298241190747,0.5341343766093817,0.0,0.5942982456140351,0.16243397874379284
1563,113,100.0,113,0,111,2,0,0.0,5.385272003043397,5.360073671878308,36.81642140355731,4.285507054780623,2.223743882498542,2.8385843796404284,6.884955752212389,6.321882890351117,0.5085277634244376,0.04897002848919924,0.0026907769950616214,0.0,0.04897002848919924,0.0028922532679306334,0,0,0,2,0,0.5,0.3274336283185841,0.48748881511622044,0.42725880536709837,0.8022742160277266,0.5386656308188632,0.0,0.5234962406015038,0.16238872864570011
1564,113,100.0,113,0,110,3,0,0.0,5.35587730466365,5.3326081616840835,33.188385494170674,4.284279311906034,2.2169810130617504,2.7818464955018998,6.884955752212389,6.321882890351117,0.5067615789852444,0.0762664070745314,0.0031198651077296528,0.0,0.0762664070745314,0.009228591890637405,0,0,0,3,0,0.0,0.336283185840708,0.47600920254530305,0.45071671283257364,0.7955726800960308,0.5366633798564769,0.0,0.5234962406015038,0.16220294692043835
1565,113,100.0,113,0,110,3,0,0.0,5.315131062542174,5.292653942763717,31.391733195675315,4.281108498354252,2.2215732637128296,2.7622191373603893,6.884955752212389,6.321882890351117,0.5031725569660821,0.09116179114519014,0.0028330008296986076,0.0,0.09116179114519014,0.005279233766604256,0,0,0,3,0,0.3333333333333333,0.36283185840707965,0.4658531264695363,0.4576459609692814,0.7651905910537892,0.5362020161418141,0.0,0.5588972431077694,0.1618989881501234
1566,113,100.0,113,0,110,3,0,0.0,5.329988697568438,5.30774227801157,32.61903327161593,4.2789012334294645,2.2345286790250753,2.7646618388215307,6.884955752212389,6.321882890351117,0.5042838795602413,0.022714909436022324,0.004106670916650841,0.0,0.022714909436022324,-0.04497292716478304,0,0,0,3,0,1.0,0.35398230088495575,0.4710990679936396,0.4525613228610316,0.7651905910537892,0.5370338714373296,0.0,0.5588972431077694,0.1619035059734423
1567,113,100.0,113,0,110,3,0,0.0,5.3461740406839775,5.322887445559012,33.02454454080763,4.27759947701302,2.2561205661714667,2.792118130523489,6.884955752212389,6.321882890351117,0.5035154392976462,0.16930525112822306,0.0049208176289250215,0.0,0.16930525112822306,-0.04148607055471339,0,0,0,3,0,0.3333333333333333,0.37168141592920356,0.47127605106680054,0.45805148755079295,0.7955726800960308,0.5341054729880954,0.0,0.5234962406015038,0.16194328493093738
1568,112,99.11504424778761,113,1,110,2,0,0.008849557522123894,5.372047392950358,5.359221003089973,33.97391498151906,4.2776546705101754,2.2573355089965537,2.8189396871371972,6.884955752212389,6.321882890351117,0.5047017277200356,0.050576898749877995,0.003847862144008018,0.0,0.050576898749877995,-0.0303571534148331,0,1,0,2,0,0.6666666666666666,0.37168141592920356,0.4747608908904763,0.4516682428829157,0.8117930507510378,0.5334548336698464,0.008849557522123894,0.5234962406015038,0.16207439632639592
1569,112,99.11504424778761,113,0,111,2,0,0.0,5.337980659887237,5.324047650376582,31.302860990058914,4.276490397773526,2.2785414644487925,2.8164621869781623,6.884955752212389,6.321882890351117,0.5003431588864167,0.014345508843044516,0.005218213832592333,0.0,0.014345508843044516,-0.029032257882334322,0,0,0,2,0,1.0,0.37168141592920356,0.4613649216826849,0.4719450499146493,0.7956589252943325,0.5318801151820273,0.0,0.5234962406015038,0.16186726068161267
1570,112,99.11504424778761,113,0,110,3,0,0.0,5.316762851560749,5.30415121413822,31.578887186618807,4.274393465477137,2.2592260422110986,2.793714320695169,6.884955752212389,6.321882890351117,0.5022170986637322,0.014797184583461687,0.005235150311122812,0.0,0.014797184583461687,-0.026213167478806792,0,0,0,3,0,1.0,0.35398230088495575,0.4664253348423849,0.4612131840110902,0.7956589252943325,0.5331643648387264,0.0,0.5234962406015038,0.1616948888379464
1571,112,99.11504424778761,113,0,111,2,0,0.0,5.316281266974813,5.303782403785184,31.480679215899272,4.272410446177931,2.259055179915634,2.8060521811823755,6.884955752212389,6.321882890351117,0.5023346400793516,0.03969109193648868,0.005352290862571729,0.0,0.03969109193648868,-0.03892444624709279,0,0,0,2,0,0.5,0.36283185840707965,0.465535329388073,0.451746462177697,0.825088957121141,0.5343268668600336,0.0,0.4880952380952381,0.1616297988361223
1572,112,99.11504424778761,113,0,111,2,0,0.0,5.326386052954119,5.314546082374742,30.40601249643771,4.271097164760613,2.222285116739818,2.752895481916265,6.884955752212389,6.321882890351117,0.5020639540298928,0.024714616281681354,0.005759924316765935,0.0,0.024714616281681354,-0.0376174678498733,0,0,0,2,0,1.0,0.36283185840707965,0.46165460957131216,0.45861528825700376,0.7695462282479182,0.5352298082709266,0.0,0.5588972431077694,0.16163881070940703
1573,113,100.0,113,0,111,2,0,0.0,5.357894941710384,5.347324900749119,31.753893889263882,4.271524698264896,2.20342080430373,2.743130310554988,6.884955752212389,6.321882890351117,0.5039131980669798,0.028444502067915003,0.005611321107653729,0.0,0.028444502067915003,-0.02603375714819034,0,0,0,2,0,1.0,0.35398230088495575,0.46709177521246603,0.4589788170198412,0.7876922262154196,0.5315306949950334,0.0,0.5588972431077694,0.16180986923691723
1574,113,100.0,113,0,110,3,0,0.0,5.407388775399558,5.397753436973662,33.076288264600194,4.274475630004467,2.1864302440291348,2.7451455631199675,6.884955752212389,6.321882890351117,0.5048729338988815,0.01413827205229686,0.004958724682965076,0.0,0.01413827205229686,-0.017925888361731108,0,0,0,3,0,1.0,0.34513274336283184,0.4705424407199472,0.4520786660619352,0.78048951446905,0.5266258019733842,0.0,0.5588972431077694,0.16215061562973807
1575,113,100.0,113,0,110,3,0,0.0,5.532281854956242,5.52217699637836,39.1648756001014,4.283532736666145,2.077817704645016,2.6890352692159873,6.884955752212389,6.321882890351117,0.5139490546832572,0.305557334390771,0.006154355456503102,0.3333333333333333,0.12035022068531442,-0.0061194427194368,0,0,0,3,0,0.3333333333333333,0.336283185840708,0.4967826472521024,0.4183192881776913,0.8036312239846699,0.5345858396588643,0.0,0.5588972431077694,0.1630613708657242
1576,112,99.11504424778761,113,1,109,3,0,0.008849557522123894,5.5535720186432975,5.555226051835784,38.29453193605172,4.293092579866167,2.1220030703140855,2.712701557553181,6.884955752212389,6.321882890351117,0.5135652312288697,0.276795008574794,0.0060585444733293374,0.25,0.12912399423697865,-0.00933787136572839,0,1,0,3,0,0.5,0.3274336283185841,0.4932221761135919,0.4407515782589559,0.8156098122946961,0.5247425027016499,0.008849557522123894,0.5588972431077694,0.1634700027299628
1577,111,98.23008849557522,113,1,110,2,0,0.008849557522123894,5.544944587582063,5.548896004719366,35.90745026718356,4.302224990162734,2.1423801459731786,2.6973216712675363,6.884955752212389,6.321882890351117,0.5106915720013101,0.06020082919923093,0.0053132385598785884,0.0,0.06020082919923093,-0.01581438100687486,0,1,0,2,0,0.6666666666666666,0.3274336283185841,0.48175287325364974,0.4491509197841253,0.7997498123558746,0.5228593686743056,0.008849557522123894,0.5410401002506265,0.16371553571666428
1578,111,98.23008849557522,113,0,112,1,0,0.0,5.611977044987164,5.615147618238971,36.535245018385154,4.314229809841552,2.1032321816679955,2.6624779005885015,6.884955752212389,6.321882890351117,0.5109375532864926,0.007438270018568812,0.004358131575679746,0.0,0.007438270018568812,-0.005938376606982487,0,0,0,1,0,1.0,0.30973451327433627,0.4822092593359206,0.4525917446871404,0.8015306262998946,0.525023108954812,0.0,0.5410401002506265,0.16443016332433613
1579,111,98.23008849557522,113,0,113,0,0,0.0,5.598224091249838,5.60015204542742,34.53292987668734,4.324717296837571,2.1463608359105915,2.6760850826610074,6.884955752212389,6.321882890351117,0.5071918275560916,0.0,0.0,0.0,0.0,0.0,0,0,0,0,0,0.0,0.336283185840708,0.4711064717294492,0.4569435680785386,0.7629003072306573,0.5235695884353666,0.0,0.5764411027568922,0.16469290187866406
1580,111,98.23008849557522,113,0,112,1,0,0.0,5.610282445536374,5.610499711352523,34.77266275120112,4.335065111044897,2.143083953904996,2.6729245399017794,6.884955752212389,6.321882890351117,0.5084700782144769,0.000425738078894788,0.0037801823926537745,0.0,0.000425738078894788,-0.004973691738647368,0,0,0,1,0,1.0,0.34513274336283184,0.4742089748838281,0.46202282622024193,0.8119644248941589,0.5207692813542077,0.0,0.5410401002506265,0.16508028199804586
1581,112,99.11504424778761,113,0,112,1,0,0.0,5.599948209395127,5.60153080363346,34.95658801097615,4.3443051454822905,2.1615113319712282,2.6919164129064033,6.884955752212389,6.321882890351117,0.5087022627434001,0.0014311938833695354,0.003920705672295987,0.0,0.0014311938833695354,-0.0040222764669524125,0,0,0,1,0,1.0,0.35398230088495575,0.4762669867760445,0.4557181508012391,0.7793367849473737,0.5217788705637758,0.0,0.5764411027568922,0.1653206828954197
1582,112,99.11504424778761,113,1,111,1,0,0.008849557522123894,5.633921460084883,5.676196844343577,36.93867331704807,4.3547429779682885,2.142271378082204,2.6872409247379294,6.884955752212389,6.321882890351117,0.5106139224232296,0.349999722201921,0.004661133332760926,0.0,0.349999722201921,0.06348939564127354,0,1,0,1,0,0.0,0.336283185840708,0.4827918517611438,0.4445220741976032,0.8139867549164841,0.5248621557706113,0.008849557522123894,0.5231829573934837,0.1658204829218964
1583,111,98.23008849557522,113,1,107,2,3,0.008849557522123894,5.700553746102451,5.7347162131321845,38.71795760035032,4.369933042365924,2.1021823924095924,2.661561675024688,6.884955752212389,6.321882890351117,0.5148627572815985,0.7292232822062333,0.009416741151919239,0.6666666666666666,0.06256635838044343,0.03315164608136204,0,4,0,2,0,0.6666666666666666,0.3008849557522124,0.4934107930264399,0.49075991227913807,0.8248416994673915,0.5281578376881687,0.008849557522123894,0.5231829573934836,0.16663379339307793
1584,110,97.34513274336283,113,1,109,2,1,0.008849557522123894,5.693552342039816,5.710679990900762,37.080285504651926,4.3832934370950305,2.203356082924139,2.744773878165575,6.884955752212389,6.321882890351117,0.5104649861869339,0.5026255591571931,0.009081231035690654,0.5,0.010605080319269246,0.07392069838158899,0,2,0,2,0,1.0,0.3185840707964602,0.4809838899323339,0.4921285049051439,0.8223897318388003,0.5245632385204707,0.008849557522123894,0.5585839598997494,0.16702110062699616
1585,108,95.57522123893806,113,2,109,2,0,0.017699115044247787,5.693081964490148,5.711819416367135,36.03692215821988,4.394930729195436,2.2250775045226985,2.759817701063963,6.884955752212389,6.321882890351117,0.5096062155659891,0.3283361732321261,0.004954131242122772,0.25,0.08285276752367575,0.057228695841813004,0,2,0,2,0,0.75,0.30973451327433627,0.476634895317803,0.5044937336850093,0.8415036756018182,0.5243405518029058,0.017699115044247787,0.4877819548872181,0.1673865967283457
1586,108,95.57522123893806,113,0,111,2,0,0.0,5.73313623237641,5.752821658260649,36.34862706024496,4.408037673884441,2.2024918795259043,2.7180333568091224,6.884955752212389,6.321882890351117,0.5097146505455772,0.11987908867422088,0.0046853880893134615,0.0,0.11987908867422088,0.0034613879131999425,0,0,0,2,0,0.5,0.3274336283185841,0.4763061063167516,0.5044166116565448,0.8355046103619966,0.5226128299784005,0.0,0.4877819548872181,0.168001170914648
1587,109,96.46017699115045,113,0,111,2,0,0.0,5.714641085693206,5.734285302880603,35.8965577638119,4.419378535536292,2.2261510961924404,2.7571585114642962,6.884955752212389,6.321882890351117,0.5087491309653096,0.13733186054625668,0.004774531389053253,0.0,0.13733186054625668,0.004613207100574002,0,0,0,2,0,0.5,0.3274336283185841,0.4744465030214719,0.5094888512497544,0.8359921484849336,0.5192160812018564,0.0,0.4877819548872181,0.16826717317742534
1588,110,97.34513274336283,113,0,112,1,0,0.0,5.714343078938924,5.734504043511665,36.14302256467408,4.430013504016978,2.1910074395482537,2.732528982369256,6.884955752212389,6.321882890351117,0.510967899587079,0.22990181889562428,0.00600699486301473,0.0,0.22990181889562428,-0.00038872448367932577,0,0,0,1,0,0.0,0.336283185840708,0.4791584293439598,0.5151973262196957,0.8219234565612062,0.5237161911681505,0.0,0.4877819548872181,0.16860184827004132
1589,111,98.23008849557522,113,0,113,0,0,0.0,5.664888646733548,5.685378152696556,33.281471178100055,4.437491597215952,2.1969858189006435,2.7099721543750768,6.884955752212389,6.321882890351117,0.512221950484502,0.0,0.0,0.0,0.0,0.0,0,0,0,0,0,0.0,0.36283185840707965,0.47459020238726823,0.5379296157833394,0.8184810827094691,0.5247049255685121,0.0,0.4877819548872181,0.16859095425624962
1590,112,99.11504424778761,113,1,112,0,0,0.008849557522123894,5.6776092010208865,5.7039048111266775,33.36880685652303,4.4450973478493525,2.174853054446058,2.6960354893303826,6.884955752212389,6.321882890351117,0.5124241937064034,0.3934001760697899,0.005250178856228395,0.0,0.3934001760697899,0.013072048119473045,0,1,0,0,0,0.0,0.34513274336283184,0.475288148645409,0.5368618521112277,0.794246551903982,0.5273799051876632,0.008849557522123894,0.5056390977443609,0.1688949703516742
1591,111,98.23008849557522,113,1,111,1,0,0.008849557522123894,5.720921796421647,5.741944731483445,34.195842832573625,4.45480664708521,2.2033393628338946,2.740458631899431,6.884955752212389,6.321882890351117,0.5157217428908714,0.8595671207342587,0.008935067889543053,1.0,0.14043287926574133,0.07117591414252944,0,1,0,1,0,0.5,0.36283185840707965,0.48072485491144745,0.5350706767140165,0.8375207484019581,0.5256505429809388,0.008849557522123894,0.45238095238095244,0.16941843859226033
1592,111,98.23008849557522,113,0,113,0,0,0.0,5.780526111928771,5.800571358425003,35.83655384058466,4.466543250465608,2.1899196346371084,2.7444845069091794,6.884955752212389,6.321882890351117,0.5166050764969179,0.0,0.0,0.0,0.0,0.0,0,0,0,0,0,0.0,0.36283185840707965,0.4845216888871539,0.5217728113357132,0.8082222247515574,0.5273839083095427,0.0,0.4877819548872181,0.17008744733030284
1593,111,98.23008849557522,113,0,113,0,0,0.0,5.759492390357036,5.778304822399002,35.090250084838345,4.4764117480599515,2.1917028835381416,2.7313114151270916,6.884955752212389,6.321882890351117,0.51712249641459,0.0,0.0,0.0,0.0,0.0,0,0,0,0,0,0.0,0.35398230088495575,0.48305598143328127,0.526025376695394,0.7977771111423185,0.5308313368626856,0.0,0.45238095238095244,0.1702942161529199
1594,111,98.23008849557522,113,0,113,0,0,0.0,5.745578448347829,5.763855750647886,36.17664890946009,4.484925608077464,2.255204421716089,2.8011920583412855,6.884955752212389,6.321882890351117,0.5146248414312276,0.0,0.0,0.0,0.0,0.0,0,0,0,0,0,0.0,0.34513274336283184,0.48155677260825513,0.5049658673765596,0.7977771111423185,0.5288575455653941,0.0,0.45238095238095244,0.17049376457275167
1595,112,99.11504424778761,113,0,113,0,0,0.0,5.815168174541049,5.831680981382535,36.493043726319485,4.496331497160945,2.221679259227309,2.7755016758198536,6.884955752212389,6.321882890351117,0.516115425542111,0.0,0.0,0.0,0.0,0.0,0,0,0,0,0,0.0,0.34513274336283184,0.48296687485757966,0.5063683470576179,0.7784090091768907,0.5272679053466198,0.0,0.4877819548872181,0.17120224667894823
1596,113,100.0,113,0,113,0,0,0.0,5.781926967045821,5.79904446682313,35.423959101836715,4.505365725510015,2.265945173862753,2.7989596482349466,6.884955752212389,6.321882890351117,0.5156358206675342,0.0,0.0,0.0,0.0,0.0,0,0,0,0,0,0.0,0.35398230088495575,0.48036072973295113,0.515284675562442,0.8133367315418796,0.5249379478192872,0.0,0.45238095238095244,0.17132160730960966
1597,113,100.0,113,0,113,0,0,0.0,5.820905435894661,5.838261332399113,34.723006545532606,4.515812215974794,2.2651756595243375,2.761898440489186,6.884955752212389,6.321882890351117,0.5158769489390698,0.0,0.0,0.0,0.0,0.0,0,0,0,0,0,0.0,0.35398230088495575,0.47673371205259135,0.5232527480343672,0.8331507972803243,0.5286910724983634,0.0,0.45238095238095244,0.17184670710052136
1598,113,100.0,113,0,113,0,0,0.0,5.742932692018679,5.762445822223041,32.85415611875595,4.521763917333394,2.337851938450855,2.79520564967034,6.884955752212389,6.321882890351117,0.511293480491434,0.0,0.0,0.0,0.0,0.0,0,0,0,0,0,0.0,0.36283185840707965,0.4661046945924161,0.5269018229507629,0.8171598806022584,0.5267020660613186,0.0,0.5231829573934837,0.17164497317607855
1599,112,99.11504424778761,113,1,112,0,0,0.008849557522123894,5.6514367185483945,5.67206861563573,31.471828384252156,4.522694105560823,2.3756747494258206,2.8272333127758857,6.884955752212389,6.321882890351117,0.5058264473995744,0.2973197750698404,0.0077384148968361625,0.0,0.2973197750698404,0.0032162384662588472,0,1,0,0,0,0.0,0.3805309734513274,0.45594221661010625,0.5120555876290426,0.807208196547128,0.5254485000423109,0.008849557522123894,0.4699248120300752,0.17121689601392603
1600,112,99.11504424778761,113,0,113,0,0,0.0,5.637885187736008,5.657848762321716,31.351560798660106,4.522920739012181,2.3819264199660326,2.8248394229215847,6.884955752212389,6.321882890351117,0.5026783268887074,0.0,0.0,0.0,0.0,0.0,0,0,0,0,0,0.0,0.36283185840707965,0.4516675285716103,0.5118222372386475,0.8075831435228995,0.5276854683069581,0.0,0.5053258145363408,0.17115630211055674
1601,112,99.11504424778761,113,0,113,0,0,0.0,5.6747859264714124,5.694842365000259,32.785445717556456,4.525003998752762,2.329725152579436,2.797312814538717,6.884955752212389,6.321882890351117,0.5044441620661275,0.0,0.0,0.0,0.0,0.0,0,0,0,0,0,0.0,0.36283185840707965,0.45682841075993735,0.5082805593223392,0.8075831435228995,0.5276432617519714,0.0,0.5053258145363408,0.17140665642478442
1602,112,99.11504424778761,113,0,113,0,0,0.0,5.71792428599483,5.738876152756201,35.698705341955424,4.529182568847536,2.2871693438503855,2.8059296944181127,6.884955752212389,6.321882890351117,0.5085773377000353,0.0,0.0,0.0,0.0,0.0,0,0,0,0,0,0.0,0.3805309734513274,0.4706983226092646,0.4965889991438502,0.8129119259583976,0.5314409301083992,0.0,0.4699248120300752,0.17175443037634294
1603,112,99.11504424778761,113,0,113,0,0,0.0,5.6949515370614385,5.714809955266696,36.299017215415574,4.531879825177268,2.320908254072031,2.8435992440031,6.884955752212389,6.321882890351117,0.5063462192376278,0.0,0.0,0.0,0.0,0.0,0,0,0,0,0,0.0,0.3805309734513274,0.4700337542430858,0.4851985872353081,0.8331618404170875,0.5321059171924443,0.0,0.4699248120300752,0.1717248253248851
1604,113,100.0,113,0,112,1,0,0.0,5.722525904085765,5.742728046201313,39.03395736679856,4.535818523331869,2.276232099884075,2.814809796428528,6.884955752212389,6.321882890351117,0.5082660061568542,0.5982015790481288,0.006656640606879392,1.0,0.40179842095187124,0.014780195907171834,0,0,0,1,0,0.0,0.36283185840707965,0.47935616889995597,0.4668842453149645,0.820905804786687,0.5332843617592483,0.0,0.5053258145363408,0.1719871971023759
1605,111,98.23008849557522,113,2,111,0,0,0.017699115044247787,5.7733206903309275,5.759760231639434,37.720258520119216,4.542152963146594,2.3042702022729147,2.7894320211329906,6.884955752212389,6.321882890351117,0.5102775138818985,0.7877958392276608,0.012871710122694927,1.0,0.21220416077233917,0.03767681503906717,0,2,0,0,0,0.5,0.34513274336283184,0.47856707475397914,0.494442069003889,0.8245783029823122,0.5275587693979192,0.017699115044247787,0.4699248120300752,0.17244139896702507
1606,111,98.23008849557522,113,0,109,4,0,0.0,5.7329145503869015,5.719877976611205,36.134055768806654,4.54428656183773,2.321937911758096,2.7776266039273336,6.884955752212389,6.321882890351117,0.5082748086463631,0.1839830204189053,0.003091377761463207,0.25,0.17484713951999514,0.0015991207166994315,0,0,0,4,0,0.5,0.35398230088495575,0.47156964145878094,0.5008018551604057,0.8230824291073071,0.5291781130478403,0.0,0.4699248120300752,0.17230681007260676
1607,109,96.46017699115045,113,2,109,2,0,0.017699115044247787,5.794451486337174,5.80041122646947,40.390104683947676,4.54935120980098,2.2845884320550867,2.780316411271305,6.884955752212389,6.321882890351117,0.5141344509536152,0.3690277925314575,0.004696300272513365,0.25,0.11942641359320391,0.034543678649616605,0,2,0,2,0,0.5,0.36283185840707965,0.4887676171661762,0.47286271163341453,0.8407600551790966,0.5257830588762475,0.017699115044247787,0.5053258145363408,0.17277458530888073
1608,108,95.57522123893806,113,2,109,2,0,0.017699115044247787,5.830960590339995,5.831398193498395,42.875817650225855,4.556981836592649,2.325914445193476,2.8319123256818712,6.884955752212389,6.321882890351117,0.5153521972030313,0.337876168459839,0.006962134520888481,0.5,0.17359062132888298,-0.04005463276863641,0,2,0,2,0,0.5,0.35398230088495575,0.4950465478381405,0.45930226812891567,0.8439201900233676,0.5217519191942268,0.017699115044247787,0.4342105263157895,0.17319833047367936
1609,107,94.69026548672566,113,1,111,1,0,0.008849557522123894,5.8421653420918505,5.837263397000257,44.7771990320381,4.564340034511559,2.367232302208648,2.885316590988842,6.884955752212389,6.321882890351117,0.5183423774943694,0.35492782367712283,0.005347482110309878,0.0,0.35492782367712283,-0.0021217777236555158,0,1,0,1,0,0.0,0.34513274336283184,0.5040510510427101,0.44455900090938216,0.8398518012810161,0.5302024053734931,0.008849557522123894,0.41666666666666663,0.1734869425600755
1610,107,94.69026548672566,113,1,111,1,0,0.008849557522123894,5.872046061859452,5.87553009587087,45.9796587830842,4.572483893510105,2.3402738439600976,2.8242012126381684,6.884955752212389,6.321882890351117,0.5206541879495328,0.2018409712791459,0.0066830718915062036,0.0,0.2018409712791459,-0.018275563233304037,0,1,0,1,0,0.5,0.35398230088495575,0.5094086736703876,0.4442409513398489,0.837110716365993,0.5316079034759448,0.008849557522123894,0.4342105263157895,0.17389376877323523
1611,107,94.69026548672566,113,0,112,1,0,0.0,5.8851692912719376,5.888322448588738,46.19160507307189,4.581219096107056,2.3301215820194625,2.805735692902619,6.884955752212389,6.321882890351117,0.5207599976467756,0.4694734867895082,0.0042459774971107525,0.0,0.4694734867895082,0.01966070907863826,0,0,0,1,0,0.0,0.37168141592920356,0.5087830795781705,0.4300913457405828,0.837110716365993,0.5354020395897263,0.0,0.4342105263157895,0.1742354995595047
1612,108,95.57522123893806,113,1,111,1,0,0.008849557522123894,5.897061821750758,5.923100789105814,46.689647830190445,4.589975407371941,2.3160964516530975,2.8065048634786605,6.884955752212389,6.321882890351117,0.5205345793831306,0.5268726115999929,0.005546123097576048,0.5,0.2129534455836091,0.018869936355015215,0,1,0,1,0,0.0,0.34513274336283184,0.5090630482787014,0.4359117177575772,0.8294244473884591,0.5301459111569787,0.008849557522123894,0.43421052631578944,0.17457174408373918
1613,110,97.34513274336283,113,0,113,0,0,0.0,5.833342065921519,5.858900217211054,43.83414342478971,4.596116785737658,2.3403184446818126,2.778886376123595,6.884955752212389,6.321882890351117,0.5166776924722223,0.0,0.0,0.0,0.0,0.0,0,0,0,0,0,0.0,0.336283185840708,0.49859135787203435,0.4451820120044066,0.8195898938029011,0.5296257342291412,0.0,0.43421052631578944,0.17444727067865998
1614,111,98.23008849557522,113,0,113,0,0,0.0,5.82990788208145,5.855823721753569,46.17748802899629,4.601714319403282,2.3271227715883933,2.793805085746802,6.884955752212389,6.321882890351117,0.5160443287580014,0.0,0.0,0.0,0.0,0.0,0,0,0,0,0,0.0,0.34513274336283184,0.502119894087508,0.42252524040817513,0.8290733560126914,0.5321610494782957,0.0,0.3988095238095238,0.17460703452100396
1615,112,99.11504424778761,113,0,113,0,0,0.0,5.743143507069385,5.768568718280807,39.33670268477771,4.602545056237402,2.3485233901639666,2.7568798773021634,6.884955752212389,6.321882890351117,0.5121204526950758,0.0,0.0,0.0,0.0,0.0,0,0,0,0,0,0.0,0.35398230088495575,0.483775433501487,0.46053131343114423,0.8283365718652561,0.5273110553559602,0.0,0.43421052631578944,0.17419947175083372
1616,111,98.23008849557522,113,1,112,0,0,0.008849557522123894,5.737212606707175,5.7605931963119135,38.27516234103311,4.603041335707074,2.334603322231365,2.7367877150790223,6.884955752212389,6.321882890351117,0.513183541328031,0.9999358818258899,0.01856072830907903,1.0,6.411817411011711e-05,0.07633551976458985,0,1,0,0,0,1.0,0.34513274336283184,0.48402639575721074,0.48517996323391566,0.8366071517718777,0.5156611698132831,0.008849557522123894,0.3988095238095238,0.1741855043524634
1617,111,98.23008849557522,113,1,112,0,0,0.008849557522123894,5.7060071579987675,5.709841904702766,34.883128037946626,4.601754552980861,2.4434973245788605,2.8623083786075023,6.884955752212389,6.321882890351117,0.5067239643633799,0.999999993336441,0.017734214756187458,1.0,6.663559037889399e-09,-0.025860594538145598,0,1,0,0,0,1.0,0.336283185840708,0.4664132956784719,0.49969529011811287,0.8186315415049777,0.5174607735927513,0.008849557522123894,0.4470551378446115,0.1739888026604191
1618,110,97.34513274336283,113,1,111,1,0,0.008849557522123894,5.687756474227178,5.703538636055738,33.34472869369997,4.598699825881428,2.41099988808828,2.8039881114422553,6.884955752212389,6.321882890351117,0.5022723927182406,0.3972093782163663,0.006252894921183643,0.5,0.2539385627940784,-0.0011944410788222726,0,1,0,1,0,0.0,0.3274336283185841,0.455826595069685,0.4947728709007343,0.8336963879902999,0.5211003955645978,0.008849557522123894,0.4470551378446115,0.17380099110663821
1619,110,97.34513274336283,113,0,112,1,0,0.0,5.648841478037542,5.66422770199982,31.83388248060433,4.594444081981027,2.453505318129018,2.8283210862075987,6.884955752212389,6.321882890351117,0.49830110253550464,0.14964261820541389,0.002905897416981882,0.0,0.14964261820541389,-0.006813510357591701,0,0,0,1,0,0.0,0.3185840707964602,0.4476180451142254,0.5027539990056701,0.8261682533028264,0.5160688122074143,0.0,0.4470551378446115,0.1734718945529417
1620,110,97.34513274336283,113,0,111,2,0,0.0,5.712074363255035,5.727924902231073,33.86782919566313,4.593678871148565,2.386835154936633,2.7674744660098303,6.884955752212389,6.321882890351117,0.5019779619413165,0.09245491644485093,0.0026609461511712704,0.0,0.09245491644485093,-0.00046832462248413975,0,0,0,2,0,0.5,0.3185840707964602,0.45590530152249964,0.4910135679921983,0.8471253300015817,0.5236981612809732,0.0,0.4342105263157895,0.17376387111268293
1621,110,97.34513274336283,113,1,111,1,0,0.008849557522123894,5.854560709893576,5.860660663328672,38.85292377095829,4.600197593924398,2.332620047754673,2.7731327319963888,6.884955752212389,6.321882890351117,0.5076685947748896,0.5760768378279212,0.008937510001319815,0.5,0.07607683790553818,0.024066067321513285,1,0,0,1,0,0.5,0.3185840707964602,0.47147590182827814,0.4634135283834203,0.8362832837440439,0.5251676515491948,0.008849557522123894,0.41165413533834583,0.17468235585579303
1622,111,98.23008849557522,113,0,112,1,0,0.0,5.896880101206168,5.904087572310084,41.412383324216975,4.607978090963923,2.31041694377722,2.7759915308940277,6.884955752212389,6.321882890351117,0.5118972464445231,0.08963790197920338,0.002812387183251831,0.0,0.08963790197920338,-0.025753131549068664,0,0,0,1,0,0.0,0.3008849557522124,0.48248002767691917,0.4590756866223308,0.8371549086637448,0.524111576041586,0.0,0.41165413533834583,0.175139889767919
1623,112,99.11504424778761,113,0,112,1,0,0.0,5.88666677333469,5.894312705422508,43.82177856611491,4.614772349582464,2.303310296894271,2.8357844513228208,6.884955752212389,6.321882890351117,0.5143749679531491,0.0989762086620344,0.0030203706626688717,0.0,0.0989762086620344,-0.019613603889126585,0,0,0,1,0,0.0,0.3185840707964602,0.491356505827164,0.4286833453198362,0.8274347990367323,0.5309505663489176,0.0,0.4163533834586466,0.17530358566512744
1624,112,99.11504424778761,113,0,112,1,0,0.0,5.830821578079418,5.838005871890113,44.16155826559532,4.618289361467727,2.3343544164057244,2.8290986884770746,6.884955752212389,6.321882890351117,0.5101774333569464,0.09489244640707703,0.003125212738247797,0.0,0.09489244640707703,-0.024444947467226807,0,0,0,1,0,0.0,0.3185840707964602,0.4870278529120044,0.412274177550507,0.815838352420598,0.5298317883062958,0.0,0.4470551378446115,0.17513553037516413
1625,112,99.11504424778761,113,0,112,1,0,0.0,5.795086097617224,5.80285919354909,43.92257619019216,4.619806486504711,2.3460321016285675,2.8325319598650687,6.884955752212389,6.321882890351117,0.510836165878124,0.07601415146411453,0.0030296917556266144,0.0,0.07601415146411453,-0.01908453444868008,0,0,0,1,0,0.0,0.336283185840708,0.48900301821419995,0.4101120076436728,0.820834591059962,0.5324498667402402,0.0,0.4470551378446115,0.17500480840692234
1626,113,100.0,113,0,110,3,0,0.0,5.87529148736,5.883765156610692,49.49259678303447,4.625319524862409,2.327868183394378,2.828678864508687,6.884955752212389,6.321882890351117,0.5142333430095307,0.10181597089124422,0.005643038494537614,0.0,0.10181597089124422,-0.04128667462543508,0,0,0,3,0,0.3333333333333333,0.3185840707964602,0.5040975486891809,0.38829446704045567,0.8134815982037971,0.5386591053692382,0.0,0.41165413533834583,0.17558009926997312
1627,112,99.11504424778761,113,1,111,1,0,0.008849557522123894,5.8184226276456865,5.817449764108562,44.973067986123276,4.627626100322454,2.3935893029772584,2.9048958633516055,6.884955752212389,6.321882890351117,0.5119316728230858,0.46064473960441354,0.007569341547630134,0.5,0.04298937481760876,-0.007057086127023715,0,1,0,1,0,0.5,0.30973451327433627,0.4934992428998931,0.41257742285181537,0.8104335899417268,0.5265922570029458,0.008849557522123894,0.41165413533834583,0.17536866447108235
1628,112,99.11504424778761,113,0,112,1,0,0.0,5.802254427683122,5.800923679460095,43.20934998027494,4.628455078916036,2.4002720305627414,2.9050252791527456,6.884955752212389,6.321882890351117,0.5087270765290615,0.02591717885005638,0.0027021408729275896,0.0,0.02591717885005638,0.01132201208368988,0,0,0,1,0,1.0,0.3185840707964602,0.4839031117031632,0.40512920457603024,0.8104335899417268,0.5324892826069995,0.0,0.41165413533834583,0.1753140269992057
1629,111,98.23008849557522,113,1,110,2,0,0.008849557522123894,5.789773759695514,5.7818426410725055,42.39912119767686,4.628668545744165,2.4571657534213167,2.956670765019788,6.884955752212389,6.321882890351117,0.5065120731624595,0.33930551127213465,0.0029090905466570144,0.3333333333333333,0.07149170398545789,0.013760465656173912,0,1,0,2,0,0.3333333333333333,0.3274336283185841,0.47850925957857426,0.41494087112182576,0.8104335899417268,0.5284652838379778,0.008849557522123894,0.41165413533834583,0.1752583712207097
1630,110,97.34513274336283,113,1,110,2,0,0.008849557522123894,5.838308875973603,5.824984819218697,46.53783057071404,4.63098606754779,2.401193864473096,2.876644635065396,6.884955752212389,6.321882890351117,0.5096950971908929,0.4178299710525175,0.008661857089562849,0.3333333333333333,0.08846325796628518,0.012358125180969015,0,1,0,2,0,0.6666666666666666,0.30973451327433627,0.4913925976673907,0.3853620171357735,0.8423917648401953,0.5352836091740862,0.008849557522123894,0.36340852130325807,0.17557430230929189
1631,108,95.57522123893806,113,3,109,1,0,0.02654867256637168,5.831502818700603,5.827594576986605,48.672047496040484,4.632490389569217,2.3973032698869656,2.906394587777151,6.884955752212389,6.321882890351117,0.510881925991683,0.39912910064810636,0.004481140845921921,0.25,0.36465221707806805,-0.010045277888680426,0,3,0,1,0,0.0,0.3274336283185841,0.4984834067923498,0.36976796195301503,0.8035927179736406,0.535985699195407,0.02654867256637168,0.36184210526315785,0.17558782276117108
1632,106,93.80530973451327,113,2,110,1,0,0.017699115044247787,5.802043084457463,5.7915348316683035,44.855564748681275,4.632816779768733,2.4301234217018637,2.9070844058933316,6.884955752212389,6.321882890351117,0.5074667625311096,0.4591848937053143,0.007180261662429712,0.6666666666666666,0.20758225242432257,0.015561651448110947,0,2,0,1,0,0.3333333333333333,0.3274336283185841,0.4857262070251273,0.3770006726898196,0.8250013898854156,0.5298496726146432,0.017699115044247787,0.3634085213032582,0.1754508410930449
1633,105,92.92035398230088,113,1,111,1,0,0.008849557522123894,5.776003886432621,5.7622102256775705,46.213580449577826,4.631581453334021,2.4422726084721678,2.997723448436579,6.884955752212389,6.321882890351117,0.5081939603722394,0.5002631225022152,0.010217151807933249,0.5,0.00026312497490364587,0.0121755349756274,0,1,0,1,0,1.0,0.3274336283185841,0.49148363277879586,0.36342620723035735,0.8390247254384804,0.5315384824195403,0.008849557522123894,0.381265664160401,0.17528159715766262
1634,106,93.80530973451327,113,0,113,0,0,0.0,5.764441280282236,5.751141818771214,45.102766303447524,4.629642658395602,2.441093719638573,2.9948642345541225,6.884955752212389,6.321882890351117,0.5079621703469854,0.0,0.0,0.0,0.0,0.0,0,0,0,0,0,0.0,0.3274336283185841,0.48931877205771657,0.3663416970219084,0.8095229087024293,0.532515080121098,0.0,0.3937969924812029,0.17516249995416525
1635,107,94.69026548672566,113,0,113,0,0,0.0,5.787404544378692,5.775152343204543,39.99004002574305,4.6290407655915,2.4396819160378045,2.95219516013468,6.884955752212389,6.321882890351117,0.505823135740967,0.0,0.0,0.0,0.0,0.0,0,0,0,0,0,0.0,0.336283185840708,0.47328056214397823,0.40707054358621036,0.8168995561523904,0.5328295720605938,0.0,0.41666666666666663,0.1752582907955472
1636,110,97.34513274336283,113,0,112,1,0,0.0,5.811296404184175,5.797923327982896,43.6816951964209,4.629628567738135,2.4199450124352895,2.967678833546119,6.884955752212389,6.321882890351117,0.509363426379756,0.0017464718545372217,0.003385835882843042,0.0,0.0017464718545372217,0.009598383758066653,0,0,0,1,0,1.0,0.336283185840708,0.4862795320972955,0.38073247914993313,0.8168995561523904,0.5401789311996691,0.0,0.41666666666666663,0.1753963301762432
1637,112,99.11504424778761,113,0,112,1,0,0.0,5.8615490401590655,5.847994656141873,42.921776784057855,4.632711570303715,2.382336418344672,2.9394599072930765,6.884955752212389,6.321882890351117,0.5086170418727409,0.13811504913875372,0.006828154789146666,0.0,0.13811504913875372,-0.00447836351680575,0,0,1,0,0,0.0,0.3185840707964602,0.48118347974750236,0.38453045300852534,0.8172918611459827,0.5422165624368763,0.0,0.45206766917293234,0.17574504526196888
1638,113,100.0,113,0,111,2,0,0.0,5.843696220996793,5.830836120422708,42.041241401753794,4.6347318750305,2.3939573805944416,2.9364473248499725,6.884955752212389,6.321882890351117,0.5072836735549286,0.21691385606669508,0.003990706469628698,0.0,0.21691385606669508,0.03314863900071752,0,0,0,2,0,0.0,0.336283185840708,0.477447796558432,0.37743617279000646,0.8177554085716097,0.5477056241578665,0.0,0.41666666666666663,0.1757196418155853
1639,113,100.0,113,0,110,3,0,0.0,5.803529236013168,5.790631846599828,39.306639051685686,4.634591124772033,2.416464167643306,2.9447433532601024,6.884955752212389,6.321882890351117,0.5037606979718321,0.09446102154350462,0.0049292138511573625,0.0,0.09446102154350462,0.015345907828586617,0,0,0,3,0,0.3333333333333333,0.336283185840708,0.46702469460562374,0.39252133825649727,0.8051993753235488,0.5443443895995435,0.0,0.41666666666666663,0.17551435785741312
1640,113,100.0,113,0,111,2,0,0.0,5.788530402733767,5.77577417674837,41.30388103488343,4.633707844989476,2.407164101589245,2.9417570060585563,6.884955752212389,6.321882890351117,0.5042978602673838,0.29354504859193387,0.006721956465980096,0.0,0.29354504859193387,0.009822406115457927,0,0,0,2,0,0.0,0.34513274336283184,0.4727776662246237,0.3645051632565833,0.8177554085716097,0.5461584489427483,0.0,0.41666666666666663,0.1754114437342924
1641,113,100.0,113,0,111,2,0,0.0,5.749660965474863,5.737117918283024,42.752140037621395,4.630925362408392,2.3859460956465464,2.9712677469410416,6.884955752212389,6.321882890351117,0.5046717342672482,0.09309044499015125,0.003949843531766437,0.0,0.09309044499015125,0.018355240995428623,0,0,0,2,0,0.5,0.34513274336283184,0.4785443774687701,0.3479242445069578,0.801774962604842,0.546428928757106,0.0,0.4520676691729323,0.1751291439028876
1642,113,100.0,113,0,111,2,0,0.0,5.830801360877531,5.818438614337797,42.07496533825635,4.632431584453688,2.3128130156157356,2.893905324140793,6.884955752212389,6.321882890351117,0.5063457681196835,0.4174144781124226,0.007438951215120548,0.5,0.27579137571013657,0.00552266288117087,0,0,0,2,0,0.0,0.36283185840707965,0.47576388798760505,0.3584137426900977,0.8180214168641097,0.5552922328619274,0.0,0.4520676691729323,0.17558245667678707
1643,113,100.0,113,0,111,2,0,0.0,5.906645328513431,5.893345785435516,43.000678581773414,4.637631019811829,2.2690465802868314,2.8524056368861497,6.884955752212389,6.321882890351117,0.5068515082361795,0.1793558560245771,0.005951116438901964,0.0,0.1793558560245771,0.005245111250201662,0,0,0,2,0,0.0,0.336283185840708,0.4764128545685212,0.35522444982691675,0.8194573405192722,0.5584516813885878,0.0,0.41666666666666663,0.1761260276221172
1644,112,99.11504424778761,113,1,110,1,1,0.008849557522123894,5.959410394349776,5.9533036585684105,45.72159573227489,4.6451276588623625,2.2107333361992008,2.83117267957076,6.884955752212389,6.321882890351117,0.5071185026125886,0.5128499261872671,0.00659562913624083,0.6666666666666666,0.15615664816011968,0.03486967774612437,0,2,0,1,0,0.6666666666666666,0.36283185840707965,0.48186478049214104,0.3458572518419504,0.8021619077517346,0.5554092379607645,0.008849557522123894,0.4520676691729323,0.17662681732204244
1645,111,98.23008849557522,113,1,112,0,0,0.008849557522123894,5.985125275952918,5.970185025213526,48.96504432131871,4.653761920801055,2.201792621085799,2.8597312765834926,6.884955752212389,6.321882890351117,0.5104348137366466,0.9415119876496427,0.009871572816139457,1.0,0.05848801235035728,0.02680315229258623,0,1,0,0,0,0.0,0.34513274336283184,0.49354013752561926,0.3312397150454422,0.8347911444104815,0.5623771092991078,0.008849557522123894,0.4520676691729323,0.1770283156941633
1646,111,98.23008849557522,113,0,112,1,0,0.0,5.922554640764768,5.907091070895878,48.621344836555316,4.658308045954998,2.235214166218813,2.898976879451211,6.884955752212389,6.321882890351117,0.5086058083629759,0.3957560309486863,0.007724627559452257,0.0,0.3957560309486863,0.02122413592280825,0,0,0,1,0,0.0,0.336283185840708,0.49221074136365445,0.32584409852278323,0.8422713841078704,0.5596580926065129,0.0,0.4520676691729323,0.17685916287236308
1647,111,98.23008849557522,113,0,112,1,0,0.0,6.034913542301231,6.018542279622823,58.24281218251867,4.668203422317139,2.1477420604339117,2.8914022001932427,6.884955752212389,6.321882890351117,0.5174678534697112,0.09186219621898073,0.005782016601517976,0.0,0.09186219621898073,0.019772614302213665,0,0,0,1,0,0.0,0.336283185840708,0.521953177766712,0.2946930228926927,0.8353132256047281,0.5667637804889089,0.0,0.41666666666666663,0.1777337444326324
1648,111,98.23008849557522,113,0,111,2,0,0.0,6.025453334275281,6.0089393740500565,59.55456651982006,4.676987557018601,2.1830978438727318,2.93969275770791,6.884955752212389,6.321882890351117,0.5166804189080341,0.06616745633398217,0.00563528825285092,0.0,0.06616745633398217,0.020354720009806204,0,0,0,2,0,0.0,0.3185840707964602,0.5234063863978252,0.2894859352063727,0.84977436854589,0.5636128112419061,0.0,0.4520676691729323,0.17796410474688124
1649,111,98.23008849557522,113,1,111,1,0,0.008849557522123894,6.024686309163432,5.999734803075972,56.60641391732475,4.685166768259907,2.246836289652045,2.987938079830243,6.884955752212389,6.321882890351117,0.5137351241691799,0.48069422446775784,0.008364737078143062,0.5,0.02831511166249927,0.03967755429352682,0,1,0,1,0,1.0,0.3274336283185841,0.5130863757665691,0.3066443914303808,0.8573189340821799,0.5580392337386005,0.008849557522123894,0.4699248120300752,0.17821880969933687
1650,112,99.11504424778761,113,0,112,1,0,0.0,6.091982910895003,6.066043797701148,61.77516291770624,4.6957665599273275,2.227662556622748,2.977752172635332,6.884955752212389,6.321882890351117,0.5184043370335911,0.0984170785483631,0.006037882644867099,0.0,0.0984170785483631,0.015459520096883228,0,0,0,1,0,0.0,0.336283185840708,0.5269677586472603,0.29485610052444483,0.8573741344527914,0.5626783185547607,0.0,0.4699248120300752,0.17889034591591252
1651,111,98.23008849557522,113,1,111,1,0,0.008849557522123894,6.148402981308708,6.146316993607227,62.49164911779355,4.7086259702372235,2.2743374620178716,3.0146641939651557,6.884955752212389,6.321882890351117,0.5173754818673288,0.4952835623230326,0.006937084266389093,0.5,0.007085561866187813,0.01267814681107271,0,1,0,1,0,1.0,0.3274336283185841,0.5239114579381686,0.2988390780491816,0.8310399118924198,0.5517887826456639,0.008849557522123894,0.43452380952380953,0.1795789246980717
1652,111,98.23008849557522,113,0,112,1,0,0.0,6.138325784383974,6.1374559401845294,59.156907015565736,4.721354372242459,2.304496316159115,2.9993741046841467,6.884955752212389,6.321882890351117,0.5140248887979968,8.640337702567151e-05,0.004739329314173251,0.0,8.640337702567151e-05,-0.054275884098520244,0,0,0,1,0,1.0,0.336283185840708,0.5123437770689887,0.3032242008666802,0.8451683751790608,0.5523464441170819,0.0,0.43452380952380953,0.17993087604774008
1653,110,97.34513274336283,113,1,111,1,0,0.008849557522123894,6.119598400573478,6.105481664341267,51.59107441123558,4.732282183487974,2.3528506404521483,2.944059992548861,6.884955752212389,6.321882890351117,0.5104842361395296,0.6590903953513052,0.008455082135671789,0.5,0.2780776975392973,-0.012153470451724546,0,1,0,1,0,0.0,0.3185840707964602,0.49384032664814564,0.3399884570429317,0.8368148903962278,0.5445974248793776,0.008849557522123894,0.4345238095238095,0.18018266084339762
1654,110,97.34513274336283,113,1,112,0,0,0.008849557522123894,6.163728303228442,6.160165726027671,54.329370511776474,4.744146804002812,2.3105908205592915,2.9628383259174815,6.884955752212389,6.321882890351117,0.5125406326106414,0.9828426675847992,0.012196091678733246,1.0,0.017157332415200788,0.010508223950971285,0,1,0,0,0,1.0,0.3185840707964602,0.5009401435347864,0.32899349055100213,0.847626119913333,0.5485550818298507,0.008849557522123894,0.4169799498746867,0.18077834406383878
1655,110,97.34513274336283,113,0,113,0,0,0.0,6.122202872581714,6.119637173405391,48.061433645504536,4.753728435241083,2.373997605823707,2.9367013483114284,6.884955752212389,6.321882890351117,0.5098843668952715,0.0,0.0,0.0,0.0,0.0,0,0,0,0,0,0.0,0.3008849557522124,0.48599910369771976,0.3622436409790593,0.8268065975170177,0.5395568599914088,0.0,0.45238095238095233,0.18087358666353953
1656,111,98.23008849557522,113,0,113,0,0,0.0,6.154966745359117,6.1527717975013685,49.080347043914315,4.764380112678691,2.358422993600811,2.9592409674956177,6.884955752212389,6.321882890351117,0.5102235957212626,0.0,0.0,0.0,0.0,0.0,0,0,0,0,0,0.0,0.30973451327433627,0.48768253812437806,0.361939382405243,0.811688804512209,0.5391489925015713,0.0,0.4169799498746867,0.18137409931415832
1657,111,98.23008849557522,113,0,112,1,0,0.0,6.176363515179447,6.1736666389161785,50.9628082194417,4.775415161466332,2.3836254723945194,2.9928002946559964,6.884955752212389,6.321882890351117,0.5112874771106766,0.3121553669440378,0.002854638442507754,0.0,0.3121553669440378,0.008874103152409551,0,0,0,1,0,0.0,0.3185840707964602,0.49268840468331576,0.354380062416628,0.8063911974672753,0.5421410659296537,0.0,0.45238095238095233,0.18182989459388382
1658,112,99.11504424778761,113,0,111,2,0,0.0,6.154238770460626,6.152068250167315,48.8134660980405,4.784660247518399,2.473094221578902,3.0418107140059987,6.884955752212389,6.321882890351117,0.5071929678968805,0.11309511219261473,0.002216639424544243,0.0,0.11309511219261473,0.0006528463840483889,0,0,0,2,0,0.5,0.3185840707964602,0.482021043796478,0.35548367156839483,0.8063911974672753,0.5362339940694731,0.0,0.45238095238095233,0.1820115026269517
1659,112,99.11504424778761,113,1,110,2,0,0.008849557522123894,6.160331575959532,6.141815812533699,48.890490585111465,4.793644938166202,2.4663420675984087,3.0171112000178546,6.884955752212389,6.321882890351117,0.5076003924936263,0.40053141880463133,0.007696102183153392,0.3333333333333333,0.0671986155870669,0.010662455230080026,0,1,0,2,0,0.6666666666666666,0.336283185840708,0.4833931725882001,0.35802366015299303,0.8105170712159004,0.5429065858369795,0.008849557522123894,0.4169799498746867,0.1823259674648534
1660,112,99.11504424778761,113,0,112,1,0,0.0,6.212505864833611,6.194259368382454,53.162136007187016,4.803871377551085,2.409266249148735,2.9882267524865505,6.884955752212389,6.321882890351117,0.510965083413486,0.0003276903861103616,0.0017527674966100145,0.0,0.0003276903861103616,-0.00647021361294553,0,0,0,1,0,1.0,0.3185840707964602,0.4962464544191018,0.34238394906115427,0.8196694587085933,0.5448765845495639,0.0,0.381578947368421,0.18291009067010633
1661,112,99.11504424778761,113,0,110,3,0,0.0,6.232141805837733,6.213748503373276,55.59219699887432,4.8144369776465705,2.4439950320803625,3.026923067767247,6.884955752212389,6.321882890351117,0.5131309985776846,0.17225773529145413,0.002719840578585755,0.0,0.17225773529145413,0.00775937962718339,0,0,0,3,0,0.3333333333333333,0.30973451327433627,0.5030873336956183,0.3307639959368932,0.8194514224879443,0.548722043540545,0.0,0.381578947368421,0.18334224280747666
1662,111,98.23008849557522,113,1,111,1,0,0.008849557522123894,6.265445849498502,6.2427651881325135,60.01698552024859,4.825956418163861,2.4072935286637454,3.0421324069115268,6.884955752212389,6.321882890351117,0.5157860900988911,0.1497867930588738,0.0027665429938400128,0.0,0.1497867930588738,0.017140104620138596,0,1,0,1,0,0.5,0.3185840707964602,0.5145042542461621,0.3145229075370636,0.826957120091581,0.552675390173017,0.008849557522123894,0.3994360902255639,0.18387288579534386
1663,111,98.23008849557522,113,0,111,2,0,0.0,6.3229542656235616,6.298925053336991,61.40775604230387,4.83943363724652,2.3116107417290914,2.9732872368787073,6.884955752212389,6.321882890351117,0.5171902539989472,0.08168567889859497,0.005980538177234272,0.0,0.08168567889859497,-0.027003504261920774,0,0,0,2,0,0.5,0.336283185840708,0.5171065156945082,0.31515661044245624,0.8159770753595322,0.5577988617292489,0.0,0.3994360902255639,0.18458643487961007
1664,112,99.11504424778761,113,0,108,5,0,0.0,6.408408125485989,6.382854800133967,65.88671091295502,4.856303594564035,2.2524741848420646,2.9524770264161866,6.884955752212389,6.321882890351117,0.5227675200575472,0.10103672308366422,0.003683663586641235,0.0,0.10103672308366422,-0.017047355522677242,0,0,0,5,0,0.6,0.336283185840708,0.5309507499984747,0.31423065324041916,0.8255850339361247,0.5594418012611403,0.0,0.3994360902255639,0.18554695365155494
1665,110,97.34513274336283,113,2,107,3,1,0.017699115044247787,6.417587012903085,6.393520413203585,61.84887446404358,4.872600991320059,2.294906191211948,2.980272064285441,6.884955752212389,6.321882890351117,0.5225079657964797,0.3121183808238787,0.007092178816233059,0.16666666666666666,0.14676246408056018,-0.005976073177943575,0,3,0,3,0,0.3333333333333333,0.36283185840707965,0.5241751256087241,0.33202101150422103,0.8411881488011135,0.5589851479568079,0.017699115044247787,0.3994360902255639,0.1861079992571863
1666,110,97.34513274336283,113,0,111,2,0,0.0,6.424641837249349,6.398353634786035,63.997273844902324,4.888158001896076,2.289851944469975,2.970514892633172,6.884955752212389,6.321882890351117,0.52681643134674,0.3651466177505192,0.00970617693747891,0.0,0.3651466177505192,-0.012856949193269296,0,0,0,2,0,0.0,0.3185840707964602,0.5339178093450581,0.33101438921883114,0.8411881488011135,0.564442420541047,0.0,0.3994360902255639,0.1866350213738453
1667,109,96.46017699115045,113,2,110,1,0,0.017699115044247787,6.394954287152689,6.390353202191218,67.18745685419606,4.901149257348417,2.3270759734777373,3.003870557227842,6.884955752212389,6.321882890351117,0.5276931829799874,0.35193905161967587,0.006663378041946084,0.3333333333333333,0.3238885235041688,0.013716066277441596,0,2,0,1,0,0.0,0.34513274336283184,0.5426646745183702,0.32758147609846844,0.8350880618757893,0.5586664837224127,0.017699115044247787,0.41697994987468673,0.18689722960120367
1668,109,96.46017699115045,113,0,113,0,0,0.0,6.429173808849224,6.425408985626195,63.94753441143669,4.916269806055446,2.311995629785646,2.9608421404184697,6.884955752212389,6.321882890351117,0.5273669885449241,0.0,0.0,0.0,0.0,0.0,0,0,0,0,0,0.0,0.336283185840708,0.5351983628051805,0.3494865555609816,0.8485009466910429,0.5610199430278291,0.0,0.41697994987468673,0.1875462789005048
1669,109,96.46017699115045,113,0,113,0,0,0.0,6.41071064856812,6.407739355523482,61.177506018654114,4.929540808723036,2.3683011459381333,2.992625532756074,6.884955752212389,6.321882890351117,0.5261192466220272,0.0,0.0,0.0,0.0,0.0,0,0,0,0,0,0.0,0.34513274336283184,0.5275332441901439,0.35625603728538835,0.8251005796394063,0.5637697161858639,0.0,0.41697994987468673,0.18787345172260947
1670,111,98.23008849557522,113,0,113,0,0,0.0,6.474961447681182,6.470959365750605,63.04438277146914,4.945170190151466,2.327939593292288,2.892572109766055,6.884955752212389,6.321882890351117,0.5300462036321474,0.0,0.0,0.0,0.0,0.0,0,0,0,0,0,0.0,0.36283185840707965,0.5360788018476772,0.366950759038901,0.820088068302826,0.5644612329342604,0.0,0.4523809523809524,0.1886887413133706
1671,111,98.23008849557522,113,0,113,0,0,0.0,6.438459976603055,6.432471506498799,65.38560042387634,4.957864974478383,2.3629931093804815,2.977014799186793,6.884955752212389,6.321882890351117,0.5311618421759121,0.0,0.0,0.0,0.0,0.0,0,0,0,0,0,0.0,0.3805309734513274,0.5424113460030932,0.3540461003567292,0.8420084866000872,0.5655298634651581,0.0,0.39379699248120303,0.18890750865714512
1672,113,100.0,113,0,113,0,0,0.0,6.468449905845068,6.461800212413671,68.30772246056488,4.971240510559926,2.3566412507954912,3.002261481459369,6.884955752212389,6.321882890351117,0.533859822441594,0.0,0.0,0.0,0.0,0.0,0,0,0,0,0,0.0,0.3893805309734513,0.5514868232729737,0.3583891067047719,0.8300715010761422,0.5672590467483006,0.0,0.35839598997493727,0.1894802511668711
1673,113,100.0,113,0,113,0,0,0.0,6.435276465257559,6.429682509529791,63.56296741635565,4.982146106063725,2.409479852745381,2.986793227588531,6.884955752212389,6.321882890351117,0.5317968213208364,0.0,0.0,0.0,0.0,0.0,0,0,0,0,0,0.0,0.3805309734513274,0.541398634523572,0.38101323170725837,0.8393485405689678,0.5611255165828123,0.0,0.41697994987468673,0.18965910345205633
1674,113,100.0,113,0,113,0,0,0.0,6.497289825974734,6.490782777601474,68.20404047999332,4.995452412505823,2.362803786200467,2.9805264581335535,6.884955752212389,6.321882890351117,0.533664733333916,0.0,0.0,0.0,0.0,0.0,0,0,0,0,0,0.0,0.37168141592920356,0.5503823469478826,0.3618557535155838,0.8565304266997147,0.5624195800199434,0.0,0.3815789473684211,0.19038977481079253
1675,113,100.0,113,0,113,0,0,0.0,6.480574335575144,6.472885962287298,63.61396240582836,5.007012377273409,2.4194523531059495,2.9820124754037165,6.884955752212389,6.321882890351117,0.5315636607948027,0.0,0.0,0.0,0.0,0.0,0,0,0,0,0,0.0,0.36283185840707965,0.5399661824257008,0.3835285315551995,0.8652159237458087,0.5583446993299218,0.0,0.41697994987468673,0.19067160107618092
1676,113,100.0,113,0,113,0,0,0.0,6.501744554374556,6.492952912734053,62.64844499381651,5.01885642189175,2.393675983730331,2.942633318480678,6.884955752212389,6.321882890351117,0.532149553724905,0.0,0.0,0.0,0.0,0.0,0,0,0,0,0,0.0,0.37168141592920356,0.5393499706286166,0.3973105845870144,0.8728006242945858,0.5598038829348685,0.0,0.34617794486215536,0.1911518354853042
1677,113,100.0,113,0,113,0,0,0.0,6.465087556948184,6.456836126289512,60.66241071184709,5.028125091125612,2.436837965819027,2.975834196293891,6.884955752212389,6.321882890351117,0.5296047113393696,0.0,0.0,0.0,0.0,0.0,0,0,0,0,0,0.0,0.34513274336283184,0.532733105498686,0.4096773472977799,0.8726513495725656,0.5538617739011307,0.0,0.32612781954887216,0.19126152770540172
1678,113,100.0,113,0,112,1,0,0.0,6.541669660243731,6.534166098949172,63.80850160949072,5.040718774193563,2.3310963356478935,2.938409739253541,6.884955752212389,6.321882890351117,0.5318804317513697,0.14914859777643685,0.0052255604113488514,0.0,0.14914859777643685,0.026190398349033917,0,0,0,1,0,0.0,0.35398230088495575,0.5395981478186161,0.39820950940868166,0.8531338512945765,0.5607115973014338,0.0,0.3493107769423559,0.19204251716944837
1679,113,100.0,113,0,113,0,0,0.0,6.490110437044255,6.481731426245696,59.035469763310566,5.049864412484574,2.3859170696702647,2.96328573381796,6.884955752212389,6.321882890351117,0.5287138183541866,0.0,0.0,0.0,0.0,0.0,0,0,0,0,0,0.0,0.34513274336283184,0.528893636157488,0.4209526186726951,0.8653587436958536,0.5551978412111399,0.0,0.3493107769423559,0.1920738093246174
1680,113,100.0,113,0,112,1,0,0.0,6.54013782774627,6.533747251467451,61.11979291658115,5.061062577877227,2.3990588778287414,2.985195383634093,6.884955752212389,6.321882890351117,0.5285181864304662,0.3585882882462882,0.009299254901756152,0.0,0.3585882882462882,0.011203123718737995,0,0,0,1,0,0.0,0.336283185840708,0.5304665175105647,0.4050121255440971,0.8789990765065168,0.5588892558108489,0.0,0.3493107769423559,0.19267791372912313
1681,112,99.11504424778761,113,1,111,1,0,0.008849557522123894,6.475326565337549,6.455414490380537,57.84498459089508,5.068349787661233,2.5726422589567384,3.0794695975640076,6.884955752212389,6.321882890351117,0.5221182768167847,0.7334121762448544,0.017603801801199033,0.5,0.23341315371464,0.007601122277244077,0,1,0,1,0,0.5,0.336283185840708,0.5163223841593987,0.4050386220043228,0.8583430449610652,0.5466542540034721,0.008849557522123894,0.3493107769423559,0.19258420185133907
1682,112,99.11504424778761,113,0,112,1,0,0.0,6.439729666410807,6.420076798278028,55.73575128854949,5.0726304389381225,2.5799974154459435,3.0691927781791555,6.884955752212389,6.321882890351117,0.5210216281244466,0.4619931503854048,0.010735043834639732,0.0,0.4619931503854048,0.00788744918975004,0,0,0,1,0,0.0,0.35398230088495575,0.5115974733089369,0.40740848449891975,0.8689938156561907,0.5451116149824785,0.0,0.3615288220551378,0.19254152623704002
1683,112,99.11504424778761,113,0,112,1,0,0.0,6.405330823265764,6.387808290821571,52.551768153584256,5.075008490652852,2.584771299872479,3.003197844742906,6.884955752212389,6.321882890351117,0.5180418579315542,0.15616597684229577,0.005389414833671842,0.0,0.15616597684229577,0.02585750030140943,0,0,0,1,0,0.0,0.34513274336283184,0.5020764989137603,0.41377693842984653,0.8774020327397152,0.5434455918752101,0.0,0.3493107769423559,0.1924447008435534
1684,112,99.11504424778761,113,0,111,2,0,0.0,6.378122577518012,6.360188936017495,51.594840442818025,5.07583935411048,2.592959113513189,2.9648137354939874,6.884955752212389,6.321882890351117,0.5167465667382187,0.1121398934916078,0.005097002855133035,0.0,0.1121398934916078,0.027776189478771585,0,0,0,2,0,0.5,0.35398230088495575,0.49840220358212023,0.4101705409276506,0.8583430449610652,0.5460081650436823,0.0,0.3493107769423559,0.19233492272219962
1685,111,98.23008849557522,113,1,111,0,1,0.008849557522123894,6.479546858771783,6.473674641409988,57.695861279912776,5.081543511147343,2.491662905014886,2.9245222345382182,6.884955752212389,6.321882890351117,0.5251102846497167,0.09650872215098474,0.005044954150426981,0.0,0.09650872215098474,0.025922981797293687,0,2,0,0,0,0.5,0.336283185840708,0.5200780955902967,0.40588741638556697,0.8471823683725658,0.5475934564933431,0.008849557522123894,0.381578947368421,0.19302234919234457
1686,112,99.11504424778761,113,0,113,0,0,0.0,6.532188863060755,6.5255351528856185,55.39165768778345,5.090323633617671,2.4992402135649523,2.9434601260846427,6.884955752212389,6.321882890351117,0.5244538256315767,0.0,0.0,0.0,0.0,0.0,0,0,0,0,0,0.0,0.35398230088495575,0.51342038714837,0.42706526801766675,0.841479163761967,0.5465826287835216,0.0,0.3793859649122806,0.1935630937438912
1687,112,99.11504424778761,113,0,113,0,0,0.0,6.548163730829493,6.5413858214786105,57.50174321492805,5.099350335592424,2.4890324276231235,2.947460034598003,6.884955752212389,6.321882890351117,0.5257397070689895,0.0,0.0,0.0,0.0,0.0,0,0,0,0,0,0.0,0.30973451327433627,0.5187863016222793,0.4043280601196976,0.8520507649601735,0.5532696530817335,0.0,0.3793859649122806,0.19392829684658736
1688,112,99.11504424778761,113,0,113,0,0,0.0,6.592094267376006,6.58472455447197,59.739586608282956,5.109998239196274,2.4647589416214197,2.922895302224421,6.884955752212389,6.321882890351117,0.5281217826157343,0.0,0.0,0.0,0.0,0.0,0,0,0,0,0,0.0,0.3185840707964602,0.5248938950564667,0.40112142841829723,0.8444878455363308,0.5557832310424455,0.0,0.39379699248120303,0.19448452352737633
1689,112,99.11504424778761,113,0,112,1,0,0.0,6.536152597519825,6.530101418596193,53.85760862418453,5.1172104262591285,2.4873536294275507,2.9430398527892034,6.884955752212389,6.321882890351117,0.5229791989546999,0.3871515502613257,0.010043693125880717,0.0,0.3871515502613257,0.009492897128811073,0,0,0,1,0,0.0,0.3185840707964602,0.5077330172282751,0.4147838696738088,0.8373834017055213,0.5524436204110554,0.0,0.48778195488721804,0.1944327881880688
1690,113,100.0,113,0,112,1,0,0.0,6.515775040599253,6.509137532487272,48.865475919655886,5.122906417438777,2.510237653756,2.9162026410507993,6.884955752212389,6.321882890351117,0.5188236152646921,0.5401302553232648,0.01207508002138688,1.0,0.45986974467673525,0.004387632096368943,0,0,0,1,0,0.0,0.336283185840708,0.4914022469338617,0.43889004648949737,0.8358162684367505,0.5490956707155106,0.0,0.48778195488721804,0.194510947349377
1691,113,100.0,113,0,111,2,0,0.0,6.497806133725433,6.491955063532491,49.627877005150765,5.127373310274611,2.5283515011221693,2.9240680001577473,6.884955752212389,6.321882890351117,0.5182062890900807,0.2310778635736117,0.011433255546374015,0.0,0.2310778635736117,-0.01104634790789949,0,0,0,2,0,0.0,0.30973451327433627,0.4922413227052657,0.42858372717578996,0.8413180250796812,0.5493804617095361,0.0,0.41697994987468673,0.19456229868196734
1692,113,100.0,113,0,112,1,0,0.0,6.546566488683375,6.542159216446628,50.99733214836493,5.134096889579186,2.455980972477192,2.9256630118951423,6.884955752212389,6.321882890351117,0.5197679399877335,0.42734254939692673,0.010307926148920036,0.0,0.42734254939692673,0.006941642493984546,0,0,0,1,0,0.0,0.30973451327433627,0.49546851627376287,0.4264469319289027,0.8282244207135758,0.5552985093505135,0.0,0.41697994987468673,0.1950186288615946
1693,111,98.23008849557522,113,2,110,1,0,0.017699115044247787,6.545932929189849,6.575874314714422,49.552020612230116,5.1404165707163605,2.4869314933673436,2.8740771669628256,6.884955752212389,6.321882890351117,0.5205038280663896,0.6729865827310352,0.014670220233867362,0.6666666666666666,0.3077181566907108,0.003124148192084064,0,2,0,1,0,0.3333333333333333,0.30973451327433627,0.49335581024161484,0.44528307927820177,0.8346406294530265,0.5549508616412661,0.017699115044247787,0.41697994987468673,0.19521522248439488
1694,110,97.34513274336283,113,1,107,2,3,0.008849557522123894,6.578321949477444,6.583455459381476,48.34389358637822,5.149743173234309,2.6725043683684553,2.986218082046936,6.884955752212389,6.321882890351117,0.5198348705536611,0.6847265422907564,0.015481387087162873,0.6666666666666666,0.022998144450582864,0.005361364485684657,0,4,0,2,0,0.6666666666666666,0.3008849557522124,0.49014203645591975,0.49931431657362635,0.8258118444241866,0.5500025996354424,0.008849557522123894,0.45238095238095233,0.19567197603024944
1695,109,96.46017699115045,113,1,108,4,0,0.008849557522123894,6.57897278816958,6.578442199059955,48.748753906962186,5.15722030513236,2.6618486798128242,2.977512361559283,6.884955752212389,6.321882890351117,0.5174780463301192,0.3039225810966874,0.007895767778807733,0.2,0.10399267911567081,-0.02172406635759838,0,1,0,4,0,0.4,0.30973451327433627,0.48760834079635,0.49046819527732743,0.8318150746451052,0.5327076266878134,0.008849557522123894,0.41165413533834583,0.19591157798478606
1696,108,95.57522123893806,113,1,111,1,0,0.008849557522123894,6.526412270720657,6.554716817458749,44.41559370186488,5.161292557501381,2.7752648667317774,3.116389259574176,6.884955752212389,6.321882890351117,0.514620748465165,0.3103384420303139,0.003590310370337873,0.5,0.20349895912067728,-0.0007254901203131991,0,1,0,1,0,0.5,0.30973451327433627,0.47620769543748753,0.5243776706841421,0.8358801943268994,0.5215576617026396,0.008849557522123894,0.4151002506265664,0.195777496910426
1697,108,95.57522123893806,113,0,113,0,0,0.0,6.5033430610600815,6.5319028005782735,43.64164472155054,5.165353082839033,2.8204646723358966,3.07277529506471,6.884955752212389,6.321882890351117,0.5108075348819654,0.0,0.0,0.0,0.0,0.0,0,0,0,0,0,0.0,0.3185840707964602,0.4691555084311347,0.5218933300774061,0.8460511306653252,0.5173466744176838,0.0,0.39379699248120303,0.1957905016904128
1698,110,97.34513274336283,113,0,113,0,0,0.0,6.433322395565251,6.460983038550018,39.43764373927433,5.165570135078873,2.876100643043803,3.063491969330294,6.884955752212389,6.321882890351117,0.5042835658387006,0.0,0.0,0.0,0.0,0.0,0,0,0,0,0,0.0,0.3185840707964602,0.4518936802570475,0.5278557036607787,0.8443829585173059,0.5125484994260119,0.0,0.4291979949874687,0.19544725925714543
1699,111,98.23008849557522,113,0,113,0,0,0.0,6.43174023939649,6.45933342249904,40.360455644151514,5.165690036094394,2.8506914486936656,3.046428264226893,6.884955752212389,6.321882890351117,0.5036290430104413,0.0,0.0,0.0,0.0,0.0,0,0,0,0,0,0.0,0.30973451327433627,0.4531727755295291,0.5178692125322946,0.841758877433744,0.5159303644928614,0.0,0.4291979949874687,0.1954431384771944
1700,112,99.11504424778761,113,0,112,1,0,0.0,6.452652300208969,6.479990281666281,40.941890471239475,5.16684707906443,2.8074967971628872,3.0447854004789936,6.884955752212389,6.321882890351117,0.5021072085266232,0.0026627730271178082,0.012420120806937551,0.0,0.0026627730271178082,-0.1751286931540088,0,0,0,1,0,1.0,0.3008849557522124,0.4523699054994442,0.5064625883060601,0.8466456586896187,0.514287945727954,0.0,0.4291979949874687,0.19558427223203517
1701,113,100.0,113,0,113,0,0,0.0,6.41561579492355,6.44303448079125,38.94596002239806,5.1660619331709015,2.871142359384712,3.0950995044266763,6.884955752212389,6.321882890351117,0.4964995277744544,0.0,0.0,0.0,0.0,0.0,0,0,0,0,0,0.0,0.2831858407079646,0.44082888401736864,0.5203373831130778,0.839583976708141,0.5101843071634109,0.0,0.4291979949874687,0.19537427170365446
1702,112,99.11504424778761,113,1,112,0,0,0.008849557522123894,6.463207925146869,6.4718194329004275,40.55413896427003,5.167721968798793,2.91974316222276,3.1670174641384077,6.884955752212389,6.321882890351117,0.4948904121010398,0.9999208590176787,0.025194236840557577,1.0,7.914098232131295e-05,-0.00037681007806966704,0,1,0,0,0,1.0,0.2831858407079646,0.44117775780872426,0.4972814201090614,0.8462458014425278,0.5081292367550643,0.008849557522123894,0.4470551378446115,0.19566470510893777
1703,112,99.11504424778761,113,0,113,0,0,0.0,6.472843526640753,6.4808774300230105,40.67365702696982,5.16879542294699,2.8902064123631024,3.1122956611507107,6.884955752212389,6.321882890351117,0.4942811974988319,0.0,0.0,0.0,0.0,0.0,0,0,0,0,0,0.0,0.2831858407079646,0.44021490388435847,0.4912733165046171,0.8283219293601838,0.5088392712560631,0.0,0.4470551378446115,0.19574681437347247
1704,112,99.11504424778761,113,0,113,0,0,0.0,6.48659351901971,6.49461465205552,40.452091982677764,5.170495775452479,2.8708061218663588,3.052265803808218,6.884955752212389,6.321882890351117,0.49524470831596057,0.0,0.0,0.0,0.0,0.0,0,0,0,0,0,0.0,0.2920353982300885,0.4408326670018013,0.49860444700132156,0.8283219293601838,0.5101683594920178,0.0,0.4470551378446115,0.19586931148242737
1705,112,99.11504424778761,113,0,113,0,0,0.0,6.433461691111596,6.440354350888714,39.12508176157661,5.169344415507275,2.8496054042168297,3.0366449709679966,6.884955752212389,6.321882890351117,0.49179187101399724,0.0,0.0,0.0,0.0,0.0,0,0,0,0,0,0.0,0.2920353982300885,0.43433715322606287,0.49766128656099146,0.828529368258861,0.5067454478088614,0.0,0.4470551378446115,0.19556725852919568
1706,112,99.11504424778761,113,0,113,0,0,0.0,6.376998649188937,6.383395741226407,40.23505824944274,5.165385157910395,2.8026842672546284,3.0312483937309778,6.884955752212389,6.321882890351117,0.4909493931615829,0.0,0.0,0.0,0.0,0.0,0,0,0,0,0,0.0,0.30973451327433627,0.4372659702931923,0.47595570054410546,0.8278662053214234,0.5102974104273024,0.0,0.45050125313283207,0.19515979350528131
1707,112,99.11504424778761,113,1,112,0,0,0.008849557522123894,6.393532441449542,6.400944123145925,39.729666890677095,5.16254181924591,2.8071197397202066,3.0121209599192778,6.884955752212389,6.321882890351117,0.49175582783459304,0.9915475756501382,0.02128416839731386,1.0,0.00845242434986182,-0.022612292892394414,1,0,0,0,0,1.0,0.3185840707964602,0.43669478748371054,0.48336290142350186,0.8321655502730292,0.5105602952650093,0.008849557522123894,0.45238095238095233,0.19515258619631198
1708,112,99.11504424778761,113,0,113,0,0,0.0,6.374036948767346,6.381680774482121,37.37751925552511,5.158925879266832,2.8745331026602043,3.036457554301592,6.884955752212389,6.321882890351117,0.48995651843138655,0.0,0.0,0.0,0.0,0.0,0,0,0,0,0,0.0,0.336283185840708,0.42926471824072715,0.5112100982721963,0.8171667229764346,0.5084117987067682,0.0,0.4649122807017544,0.19494081098746963
1709,112,99.11504424778761,113,0,113,0,0,0.0,6.425810960695979,6.4351860886809655,37.64767416384639,5.158244569421628,2.775288144349232,2.938607719162798,6.884955752212389,6.321882890351117,0.48874765857850666,0.0,0.0,0.0,0.0,0.0,0,0,0,0,0,0.0,0.30973451327433627,0.4266831083558096,0.5013342567953291,0.8171667229764346,0.5130769848681507,0.0,0.4649122807017544,0.19517814524184568
1710,111,98.23008849557522,113,1,112,0,0,0.008849557522123894,6.441631057401426,6.440794854753637,37.69252451153064,5.158459563048762,2.8494888355943617,3.0358667707777527,6.884955752212389,6.321882890351117,0.4871892419262065,0.999999998208797,0.01595753918347697,1.0,1.791202963730143e-09,0.012833670813812148,0,1,0,0,0,1.0,0.3185840707964602,0.42286029792926483,0.49120613151036635,0.8038164437913559,0.5118744784308226,0.008849557522123894,0.4649122807017544,0.19526404154803748
1711,111,98.23008849557522,113,0,112,1,0,0.0,6.4077374103557325,6.407906606090258,35.82516840035899,5.156428071614781,2.8543537614251897,3.0361963944660797,6.884955752212389,6.321882890351117,0.4844634264554517,0.22015208819876744,0.0037252037202047845,0.0,0.22015208819876744,0.020995901748861012,0,0,0,1,0,0.0,0.3185840707964602,0.4158050648308594,0.5014273729437364,0.8118514031318077,0.5081730778817575,0.0,0.4649122807017544,0.1950303590581171
1712,110,97.34513274336283,113,2,111,0,0,0.017699115044247787,6.454586446565782,6.4621788158326074,36.26355693980006,5.157003390551992,2.819158485055424,3.0103147534819406,6.884955752212389,6.321882890351117,0.4851737536042491,0.9670982385165889,0.011878324555578497,1.0,0.03290176148341101,0.01769361146897186,0,2,0,0,0,0.5,0.3274336283185841,0.4158341169785953,0.5026961997423371,0.8263333048307517,0.5119185055340947,0.017699115044247787,0.45050125313283207,0.1952827897338956
1713,110,97.34513274336283,113,0,113,0,0,0.0,6.41454762760839,6.420881323192115,35.86852260715104,5.155720153774364,2.897604981232219,3.0685964974124924,6.884955752212389,6.321882890351117,0.48321436708443133,0.0,0.0,0.0,0.0,0.0,0,0,0,0,0,0.0,0.3008849557522124,0.4132850423047354,0.4931957711966811,0.8244725554711866,0.5093825146186682,0.0,0.4649122807017544,0.1950420332759649
1714,110,97.34513274336283,113,0,113,0,0,0.0,6.45474814379089,6.462046712924235,35.82544266842959,5.156599983907201,2.8840641216023655,3.0706639997755762,6.884955752212389,6.321882890351117,0.4856769032158239,0.0,0.0,0.0,0.0,0.0,0,0,0,0,0,0.0,0.30973451327433627,0.4159945368843489,0.5070996856889607,0.8255110568549765,0.5093933400418997,0.0,0.4649122807017544,0.19527084677219336
1715,110,97.34513274336283,113,1,112,0,0,0.008849557522123894,6.4665900878047875,6.457522986568814,36.646215162281564,5.158042197971242,2.8323903222575075,2.9954541035766056,6.884955752212389,6.321882890351117,0.4907198161407831,0.9999999905364876,0.02172738437831056,1.0,9.463512418150799e-09,0.016923476920201352,0,1,0,0,0,1.0,0.336283185840708,0.4253074011435759,0.5084534874178809,0.8207021493257906,0.5148343067126823,0.008849557522123894,0.41697994987468673,0.19537564403434127
1716,110,97.34513274336283,113,0,113,0,0,0.0,6.514688710150807,6.505665032772273,38.12043705614825,5.160981230468916,2.762844150060077,2.966317386953762,6.884955752212389,6.321882890351117,0.49413986341382476,0.0,0.0,0.0,0.0,0.0,0,0,0,0,0,0.0,0.336283185840708,0.4322669230196482,0.4941547879980735,0.8087160150012291,0.518876194747312,0.0,0.44705513784461154,0.19570903824237754
1717,112,99.11504424778761,113,0,113,0,0,0.0,6.540647221682394,6.531036773282298,38.649688658800116,5.165017638151806,2.758140292309126,2.951403260766507,6.884955752212389,6.321882890351117,0.4955571524040632,0.0,0.0,0.0,0.0,0.0,0,0,0,0,0,0.0,0.36283185840707965,0.43492094494722927,0.49826692308803755,0.8087160150012291,0.5184487628350369,0.0,0.44705513784461154,0.19596641928338016
1718,112,99.11504424778761,113,0,113,0,0,0.0,6.508223327742001,6.499458415997266,37.271096946824834,5.167201791455003,2.8028783783851052,2.9736792526281497,6.884955752212389,6.321882890351117,0.49252661640236095,0.0,0.0,0.0,0.0,0.0,0,0,0,0,0,0.0,0.3008849557522124,0.4281987152469468,0.5101930061052835,0.8118845223645302,0.5112108700724275,0.0,0.4523809523809524,0.19587333962066514
1719,112,99.11504424778761,113,0,113,0,0,0.0,6.555060437842137,6.546538962887292,39.72081362821472,5.171628966775046,2.7732299161015845,2.9685263667519175,6.884955752212389,6.321882890351117,0.49919038289261053,0.0,0.0,0.0,0.0,0.0,0,0,0,0,0,0.0,0.336283185840708,0.4416395600188905,0.49686169171896605,0.8238450879298003,0.5219104565642575,0.0,0.44705513784461154,0.19624746559070763
1720,112,99.11504424778761,113,1,112,0,0,0.008849557522123894,6.5366335375771625,6.520458143306689,37.65163152141429,5.17493661323989,2.8008104925724906,3.0217336936601735,6.884955752212389,6.321882890351117,0.4944988197884743,0.9981771228192151,0.012844702668944878,1.0,0.0018228771807848876,0.032256311262275794,0,1,0,0,0,1.0,0.35398230088495575,0.4299585782950787,0.4921314300459044,0.8228101094197999,0.5235861205155223,0.008849557522123894,0.4470551378446115,0.1962598838573499
1721,112,99.11504424778761,113,0,112,1,0,0.0,6.632518084280232,6.615886632092203,38.10918257488003,5.182382064932372,2.778012680742876,2.9921950314570944,6.884955752212389,6.321882890351117,0.4965280054772516,0.6893670745769527,0.007220556584684672,1.0,0.3106329254230473,0.0037712599413461945,0,0,0,1,0,0.0,0.3274336283185841,0.43134812216445667,0.4999087947389208,0.8119078464328138,0.5258039564900129,0.0,0.4470551378446115,0.19697465295919345
1722,111,98.23008849557522,113,1,112,0,0,0.008849557522123894,6.67505614889311,6.648904616487928,41.41301126289015,5.191503224241463,2.7645290413223007,3.0286754947575623,6.884955752212389,6.321882890351117,0.49938814789274333,0.9667136061227938,0.01054426775610323,1.0,0.03328639387720622,0.1114569106908081,0,1,0,0,0,1.0,0.3274336283185841,0.4409775640553535,0.48113119100484475,0.8166361483366229,0.5323394799913579,0.008849557522123894,0.4470551378446115,0.19747565778713938
1723,111,98.23008849557522,113,1,112,0,0,0.008849557522123894,6.728264158254447,6.696971964397716,41.4628092883362,5.202275939136333,2.7272805593680083,3.0025323601766227,6.884955752212389,6.321882890351117,0.4972423811543525,0.9977238523662277,0.011398807073268378,1.0,0.002276147633772263,0.058966703689165456,0,1,0,0,0,1.0,0.336283185840708,0.43603948016402927,0.4699368848630563,0.8102899994205577,0.5354720467142785,0.008849557522123894,0.48245614035087714,0.19808221704382864
1724,110,97.34513274336283,113,1,112,0,0,0.008849557522123894,6.7729219470135735,6.739856165751288,44.677470267131184,5.214369639974708,2.7769359667262075,3.0480202251295734,6.884955752212389,6.321882890351117,0.4990213818308582,0.30462642952187335,0.007267093923545506,0.0,0.30462642952187335,0.012450962009038502,0,1,0,0,0,0.0,0.30973451327433627,0.4445133223440151,0.4431005967379957,0.8275222318620229,0.5425800777572951,0.008849557522123894,0.45206766917293234,0.19868778078967997
1725,109,96.46017699115045,113,1,112,0,0,0.008849557522123894,6.835245843431519,6.818204138877318,46.80666691626179,5.228779230336273,2.764759917433483,3.0215693606300738,6.884955752212389,6.321882890351117,0.5012590017904297,0.5401191376045053,0.005889000136830049,1.0,0.45988086239549475,0.022239724780344527,0,1,0,0,0,0.0,0.3008849557522124,0.4504182885438222,0.4386972211639894,0.8190889792343761,0.5427235716445378,0.008849557522123894,0.45206766917293234,0.19945487898558845
1726,107,94.69026548672566,113,2,111,0,0,0.017699115044247787,6.891634952125358,6.8915373737636925,47.717854871548454,5.2459108931802705,2.7243946603107014,2.9864559777900346,6.884955752212389,6.321882890351117,0.5030631871449518,0.9215439984988867,0.01636697618959577,1.0,0.07845600150111331,0.010958151919268522,0,2,0,0,0,0.5,0.2920353982300885,0.45330395037148763,0.4468590710495222,0.8337290440435646,0.5384982750560924,0.017699115044247787,0.4520676691729324,0.2002783463601413
1727,107,94.69026548672566,113,1,112,0,0,0.008849557522123894,6.826734058912807,6.8152152125771375,46.364508223812614,5.259536014757268,2.841607714093823,3.181332771921742,6.884955752212389,6.321882890351117,0.5004841412913799,0.9999999405842024,0.011734385481610404,1.0,5.9415797615258725e-08,-0.07527080673810449,0,1,0,0,0,1.0,0.2831858407079646,0.4491604835043762,0.4361765871782494,0.8118812222658556,0.533698850221924,0.008849557522123894,0.4699248120300752,0.20038452400896142
1728,107,94.69026548672566,113,1,111,1,0,0.008849557522123894,6.845202996707753,6.860763344115973,46.2905785185538,5.272624691784938,2.8790460415954704,3.184438560472479,6.884955752212389,6.321882890351117,0.49805466889747985,0.6840357979374874,0.012400854586909668,0.5,0.22727996365039077,0.04595562844116241,0,1,0,1,0,0.5,0.2743362831858407,0.4452301892694755,0.444169243626768,0.8228119794676896,0.5265565858728541,0.008849557522123894,0.4699248120300752,0.20089059411472895
1729,106,93.80530973451327,113,2,111,0,0,0.017699115044247787,6.811343484611718,6.845296558743373,44.37142082518188,5.284554174842534,2.9565996975650615,3.221954704515645,6.884955752212389,6.321882890351117,0.49451327699675884,0.7269700394652404,0.014494723272228446,0.5,0.2678136668688478,0.06692389144340516,0,2,0,0,0,0.5,0.2831858407079646,0.43706219154649245,0.43681763126385437,0.8129368940093032,0.5308248574765733,0.017699115044247787,0.4699248120300752,0.2010983805284115
1730,107,94.69026548672566,113,0,113,0,0,0.0,6.828606209988467,6.862360869119969,44.45074481625333,5.297535182759064,2.9322407412798506,3.173325318674837,6.884955752212389,6.321882890351117,0.49604017511655263,0.0,0.0,0.0,0.0,0.0,0,0,0,0,0,0.0,0.26548672566371684,0.4401731726698535,0.43700376772744837,0.8050074327749954,0.5329672066155591,0.0,0.4699248120300752,0.20159501621453038
1731,109,96.46017699115045,113,1,112,0,0,0.008849557522123894,6.854874941837899,6.8840855639022,43.826926106716535,5.31101966102066,2.9254975941405936,3.148802004149521,6.884955752212389,6.321882890351117,0.49599259129572015,0.8629682880069172,0.018633779327602074,1.0,0.13703171199308284,-0.09149764311391495,0,1,0,0,0,0.0,0.2831858407079646,0.4389243404159397,0.45091073954737065,0.8191311248193129,0.5251289992191669,0.008849557522123894,0.4699248120300752,0.202152596335814
1732,109,96.46017699115045,113,0,113,0,0,0.0,6.861704866894735,6.890774607371064,42.44472461398491,5.323764578500251,2.9287896310361323,3.1464036545883634,6.884955752212389,6.321882890351117,0.49283569041869923,0.0,0.0,0.0,0.0,0.0,0,0,0,0,0,0.0,0.2831858407079646,0.43062275307436876,0.4454161741298542,0.8141845651796187,0.526836992828114,0.0,0.4699248120300752,0.202589605339864
1733,109,96.46017699115045,113,1,112,0,0,0.008849557522123894,6.915120373485085,6.929476919031382,43.474421506209666,5.338418233744387,2.9422243181172085,3.141268394336953,6.884955752212389,6.321882890351117,0.4948078163953109,0.9999118744695106,0.019127299153701108,1.0,8.812553048942462e-05,0.14684614915353844,0,1,0,0,0,1.0,0.25663716814159293,0.43477905853758086,0.4580125858758389,0.8311447355015159,0.5240243281733817,0.008849557522123894,0.46992481203007513,0.20331987633466078
1734,111,98.23008849557522,113,0,113,0,0,0.0,6.967203763329187,6.980825848149576,46.86294393325844,5.353985392729417,2.862615086533321,3.0663701268364068,6.884955752212389,6.321882890351117,0.5003267699816121,0.0,0.0,0.0,0.0,0.0,0,0,0,0,0,0.0,0.2831858407079646,0.44842232141706645,0.4501018444738217,0.8156420789727352,0.5305385378018559,0.0,0.5053258145363408,0.20407236206407547
1735,111,98.23008849557522,113,0,113,0,0,0.0,6.885048393779466,6.897289746481463,42.16591428012239,5.3643435705391616,2.935000445786258,3.064729443209793,6.884955752212389,6.321882890351117,0.4938781669896417,0.0,0.0,0.0,0.0,0.0,0,0,0,0,0,0.0,0.25663716814159293,0.430833251759126,0.4702107901655597,0.8140011376929891,0.5249762015078765,0.0,0.5053258145363408,0.20398900115168006
1736,112,99.11504424778761,113,0,113,0,0,0.0,6.888374912383334,6.8985268937585325,41.548793450589976,5.3741094852798295,2.9711328379585664,3.1482088222019944,6.884955752212389,6.321882890351117,0.49229311739425596,0.0,0.0,0.0,0.0,0.0,0,0,0,0,0,0.0,0.24778761061946902,0.42768797099933603,0.4812300215126031,0.8210110507117224,0.5207521340657137,0.0,0.5053258145363408,0.2043143285912377
1737,112,99.11504424778761,113,0,113,0,0,0.0,6.964438529636603,6.976858627718894,43.03764092022148,5.387219642716984,2.9422210497840715,3.1212408537331875,6.884955752212389,6.321882890351117,0.4944782140704407,0.0,0.0,0.0,0.0,0.0,0,0,0,0,0,0.0,0.2831858407079646,0.43176909113002987,0.4836591664598764,0.8140011376929891,0.5241115530761923,0.0,0.5053258145363408,0.2051090510774628
1738,111,98.23008849557522,113,2,110,0,1,0.017699115044247787,6.979388506389518,6.97995197653139,43.66025807504369,5.400280835083879,2.9776125208142616,3.0900189497831008,6.884955752212389,6.321882890351117,0.4930482678440853,0.7237846177586219,0.01325444833052832,0.6666666666666666,0.22788321691953897,0.03230516822869515,0,3,0,0,0,0.3333333333333333,0.2831858407079646,0.43110050349937734,0.4708477463353538,0.8337301784962293,0.525340963692324,0.017699115044247787,0.48746867167919794,0.20559665760398668
1739,111,98.23008849557522,113,0,113,0,0,0.0,6.944778676659977,6.9460195845787185,42.982752730358854,5.410176783882137,2.9625450884176243,3.1171042083670533,6.884955752212389,6.321882890351117,0.49020645581072464,0.0,0.0,0.0,0.0,0.0,0,0,0,0,0,0.0,0.2831858407079646,0.4261286118914612,0.46445197327795457,0.8205793577270649,0.5251895320728779,0.0,0.48746867167919794,0.20573641360229647
1740,111,98.23008849557522,113,1,111,1,0,0.008849557522123894,6.950710593208344,6.949211246635354,42.66764563637597,5.419821496912628,2.9595500423183987,3.0607953487861197,6.884955752212389,6.321882890351117,0.4929920165022912,0.6876774206275529,0.015088481842969612,0.5,0.19684577312757295,0.022072505462273906,0,1,0,1,0,0.5,0.3008849557522124,0.42905328365298956,0.46983224694475983,0.7795824049389006,0.5253723986403107,0.008849557522123894,0.46961152882205515,0.20607093691648734
1741,110,97.34513274336283,113,1,111,1,0,0.008849557522123894,6.988357909086061,6.990591908441305,45.00158584629186,5.430527991307093,2.9032870573263145,3.0118399679695966,6.884955752212389,6.321882890351117,0.4950948205900312,0.2316677669855567,0.005975322173754268,0.0,0.2316677669855567,0.020576533569669042,0,1,0,1,0,0.0,0.3008849557522124,0.4354943513324224,0.4543236940029777,0.7775695163995859,0.5292412008523255,0.008849557522123894,0.46961152882205504,0.20659759951451598
1742,110,97.34513274336283,113,0,113,0,0,0.0,6.9564128375395216,6.958425142508756,45.34559293293975,5.439139162186644,2.9220549362640647,3.070846541187391,6.884955752212389,6.321882890351117,0.49568520576959263,0.0,0.0,0.0,0.0,0.0,0,0,0,0,0,0.0,0.3008849557522124,0.43799602050784037,0.45485012589263674,0.7802626902680854,0.5277194645362084,0.0,0.46961152882205504,0.20671006822602989
1743,111,98.23008849557522,113,0,113,0,0,0.0,6.886856992966179,6.889069474647404,42.89199969124672,5.4436982776476865,2.972750487609517,3.1163028668146895,6.884955752212389,6.321882890351117,0.4890583217975093,0.0,0.0,0.0,0.0,0.0,0,0,0,0,0,0.0,0.3274336283185841,0.4251615280405179,0.4577356188048838,0.7761010576175258,0.5225917317213256,0.0,0.44674185463659144,0.20650639997330467
1744,111,98.23008849557522,113,0,113,0,0,0.0,6.8922068906422895,6.894173707563151,42.7841801260548,5.448227318070355,2.988544143434793,3.14320336797909,6.884955752212389,6.321882890351117,0.4876400431812171,0.0,0.0,0.0,0.0,0.0,0,0,0,0,0,0.0,0.30973451327433627,0.42294641287891477,0.464852270154529,0.7802626902680854,0.5215088728149201,0.0,0.46961152882205504,0.20667630977747412
1745,112,99.11504424778761,113,0,113,0,0,0.0,6.90384248165378,6.905230756440258,43.354936759980774,5.453029248806358,2.915499741587507,3.0567628667235764,6.884955752212389,6.321882890351117,0.4879581873722001,0.0,0.0,0.0,0.0,0.0,0,0,0,0,0,0.0,0.3185840707964602,0.4245816808939373,0.4573175443450693,0.7684008421069615,0.5265778205070525,0.0,0.44674185463659144,0.20688627395133447
1746,113,100.0,113,0,112,1,0,0.0,6.975700422493218,6.978496879209674,41.9813355468111,5.461233045888582,2.943552317220102,3.0175207933199686,6.884955752212389,6.321882890351117,0.4876853844035445,0.09595834348748847,0.0035380753715542504,0.0,0.09595834348748847,0.02851169180137969,0,0,0,1,0,0.0,0.3185840707964602,0.41950558980903074,0.48061388662186905,0.7816448214967602,0.5262055491904944,0.0,0.4113408521303258,0.20750488087758182
1747,113,100.0,113,0,112,1,0,0.0,7.044662299747548,7.046629379881233,43.963193624807424,5.472364014048883,2.913984872487802,3.0048430711161207,6.884955752212389,6.321882890351117,0.4896034147418977,0.6252812833199675,0.006693721451538721,1.0,0.37471871668003254,0.031755311666600505,0,0,0,1,0,0.0,0.3185840707964602,0.4246457941274028,0.4805694272677778,0.7891288649096788,0.5265655828505673,0.0,0.4342105263157894,0.20820153364968172
1748,113,100.0,113,0,112,1,0,0.0,7.066647146928598,7.067987732218519,45.66843479910988,5.483871495455185,2.904080085548704,3.0492666210478063,6.884955752212389,6.321882890351117,0.4905054136789915,0.09901928801400738,0.00475318458366567,0.0,0.09901928801400738,-0.007666027266767461,0,0,0,1,0,0.0,0.3008849557522124,0.4287594821081688,0.4759202316691162,0.7888989107534563,0.5266131662033029,0.0,0.4696115288220551,0.2086752026346546
1749,112,99.11504424778761,113,1,111,1,0,0.008849557522123894,7.009517364378216,7.000440401836512,42.130554716532856,5.491777896170958,3.048164059412474,3.1397693648974085,6.884955752212389,6.321882890351117,0.485889818063588,0.5096583696621354,0.007504173787264238,0.5,0.01629267310603919,0.022494868878866425,0,1,0,1,0,1.0,0.2920353982300885,0.4166524017399158,0.4839153713774818,0.791491256871371,0.5217307085497122,0.008849557522123894,0.4696115288220551,0.20863947041894923
1750,110,97.34513274336283,113,2,111,0,0,0.017699115044247787,6.945592103904344,6.919254719018216,42.745375023409764,5.495362597075397,2.9963534834674994,3.14856308192222,6.884955752212389,6.321882890351117,0.4856781300444042,0.9935838336980496,0.02028277747710499,1.0,0.00641616630195041,0.027035169721804087,0,2,0,0,0,1.0,0.2831858407079646,0.41925253328694273,0.4785166409446627,0.7931032098362086,0.5252509701018366,0.017699115044247787,0.5053258145363408,0.2084331544131539
1751,109,96.46017699115045,113,1,109,3,0,0.008849557522123894,6.926869751089872,6.909003328744703,45.432590580918536,5.496910484590103,2.9851437889830446,3.182856792174478,6.884955752212389,6.321882890351117,0.48906911595792946,0.358375263773785,0.003975334008271684,0.25,0.26052837664014883,-0.0019430866216263443,0,1,0,3,0,0.0,0.2831858407079646,0.4300160944408723,0.46376285272863566,0.8019788992638786,0.524018616328609,0.008849557522123894,0.4699248120300752,0.20838847046705855
1752,108,95.57522123893806,113,1,111,1,0,0.008849557522123894,6.9667592028112795,6.934617250017504,48.16753999862702,5.500798976945525,2.9575062178756433,3.1832251800775793,6.884955752212389,6.321882890351117,0.4923049181379866,0.5285032611935756,0.007508672318552342,0.5,0.028514643137532988,0.048364575193024395,0,1,0,1,0,0.5,0.2920353982300885,0.43939002147928263,0.44607156546770343,0.8364507339040085,0.5333648225458616,0.008849557522123894,0.4169799498746867,0.20871083069212062
1753,105,92.92035398230088,113,3,106,2,2,0.02654867256637168,7.013645188367278,7.0231204990446345,48.87535459636677,5.50615327084212,2.9722231652133826,3.175340223131503,6.884955752212389,6.321882890351117,0.4899941735245008,0.4777116954853303,0.009551586004548389,0.42857142857142855,0.18004996197276993,-0.004432332636417576,0,5,0,2,0,0.42857142857142855,0.2920353982300885,0.4352416315848886,0.4382533663187099,0.8409185264739296,0.5281721577937847,0.02654867256637168,0.41666666666666663,0.20911450671477458
1754,103,91.15044247787611,113,3,109,0,1,0.02654867256637168,6.9990532293598635,6.998421059817925,49.259381799398135,5.5125075403382535,2.9606385277669545,3.1273496996557104,6.884955752212389,6.321882890351117,0.48938015711422667,0.9884663427749347,0.016273089023671476,1.0,0.01153365722506533,0.08371868940157379,0,4,0,0,0,1.0,0.30973451327433627,0.4357614366153006,0.4227906554927614,0.8509079380078122,0.5365347664352704,0.02654867256637168,0.3634085213032582,0.20924240165777896
1755,103,91.15044247787611,113,2,109,2,0,0.017699115044247787,7.0549460501046255,7.0191665020388605,49.36381708233853,5.52077593258696,3.0663314260831513,3.2342753276762375,6.884955752212389,6.321882890351117,0.4925215632465527,0.6405639442463158,0.009215814350651446,0.75,0.12033740918350772,0.06916072401319406,0,2,0,2,0,0.5,0.3185840707964602,0.440015220392303,0.43667142022670674,0.823540932760692,0.5308328713352418,0.017699115044247787,0.381265664160401,0.20978322479894182
1756,101,89.38053097345133,113,3,107,3,0,0.02654867256637168,6.972683487709391,6.955537530362986,43.717305630229305,5.522677285639715,3.220151193475829,3.28162559173378,6.884955752212389,6.321882890351117,0.48608393033483166,0.4111579404860744,0.007441586828592359,0.3333333333333333,0.08263099947551913,0.02971936618662459,0,3,0,3,0,0.5,0.2920353982300885,0.4219982121226314,0.46041434152340655,0.8536120747892788,0.5171219705448651,0.02654867256637168,0.36372180451127817,0.2094320126436293
1757,102,90.26548672566372,113,0,112,1,0,0.0,7.066926046256825,7.0481832084407605,44.87477535700369,5.530002405897564,3.1156270494575415,3.231727217051553,6.884955752212389,6.321882890351117,0.49206137948481965,0.4430842345171722,0.011313145151593505,0.0,0.4430842345171722,-0.0035064581336792244,0,0,0,1,0,0.0,0.30973451327433627,0.4306111736612919,0.47477104730465597,0.814683622707888,0.5208149247567824,0.0,0.3991228070175439,0.21013476819850574
1758,104,92.03539823008849,113,1,111,1,0,0.008849557522123894,6.988912180140922,6.963817285096322,42.233077073841464,5.532954223373953,3.1592743819564815,3.276514016501643,6.884955752212389,6.321882890351117,0.4871196348419282,0.5800072547350494,0.01279300446687488,0.5,0.0803778939517583,0.013593581746965455,0,1,0,1,0,0.5,0.30973451327433627,0.4201160674033769,0.4763260647386482,0.8468198775085591,0.5109630818504751,0.008849557522123894,0.36372180451127817,0.20983800408992334
1759,107,94.69026548672566,113,0,113,0,0,0.0,6.9619396800490705,6.937196916631245,42.0685578055868,5.534016508949497,3.204850324841813,3.2892487278033204,6.884955752212389,6.321882890351117,0.4876316068947675,0.0,0.0,0.0,0.0,0.0,0,0,0,0,0,0.0,0.336283185840708,0.42191444262906147,0.47736888383055476,0.8495461735505939,0.5078918372007641,0.0,0.43452380952380953,0.2097367198144876
1760,108,95.57522123893806,113,2,111,0,0,0.017699115044247787,6.996126554466127,6.979507005474748,42.83299684438893,5.5367463427158485,3.1915850509642207,3.305727647439883,6.884955752212389,6.321882890351117,0.48691971060049144,0.9548133147334689,0.015360528106406278,1.0,0.045186685266531135,0.06976939738845944,0,2,0,0,0,0.5,0.3185840707964602,0.4214317993356996,0.46870377850380585,0.8509581499511689,0.5104392109179146,0.017699115044247787,0.4520676691729324,0.20999394263347787
1761,111,98.23008849557522,113,0,113,0,0,0.0,6.917857694499346,6.900896061633687,42.201439927962014,5.5357329769146215,3.1728493324722966,3.287344878380612,6.884955752212389,6.321882890351117,0.4884336196705521,0.0,0.0,0.0,0.0,0.0,0,0,0,0,0,0.0,0.35398230088495575,0.42387571783944433,0.47212948669930793,0.8578088152886695,0.5109403758387028,0.0,0.4520676691729324,0.20957056643404173
1762,110,97.34513274336283,113,1,111,0,1,0.008849557522123894,6.871997517305223,6.8422388478952785,40.02777464902265,5.532460863851446,3.1803742738940297,3.256053577457216,6.884955752212389,6.321882890351117,0.4849245202491512,0.9999999999417855,0.014650668890623867,1.0,5.821454429622008e-11,0.0389342970472808,0,2,0,0,0,1.0,0.336283185840708,0.41593283761197586,0.48092709755787777,0.8624653474501178,0.50679682638406,0.008849557522123894,0.4166666666666667,0.20923783597012421
1763,109,96.46017699115045,113,1,112,0,0,0.008849557522123894,6.871316154357467,6.824905818722507,40.823556923126674,5.52873717150529,3.1624634262249436,3.2627890490423592,6.884955752212389,6.321882890351117,0.4842779859067734,0.9999999999417923,0.024324978838625243,1.0,5.820766091346741e-11,0.058658477677845156,0,1,0,0,0,1.0,0.35398230088495575,0.41664764726240033,0.4665430142384294,0.8369392939170681,0.5119183659462624,0.008849557522123894,0.4699248120300752,0.20911672542072496
1764,109,96.46017699115045,113,0,113,0,0,0.0,6.7989677484462625,6.752311517860007,40.209559439089055,5.520715463448054,3.1738748636561755,3.2394965913732627,6.884955752212389,6.321882890351117,0.482258649124504,0.0,0.0,0.0,0.0,0.0,0,0,0,0,0,0.0,0.35398230088495575,0.4146175659667249,0.45797018692284835,0.8311248204014445,0.5107789903652239,0.0,0.4699248120300752,0.20850142189657678
1765,110,97.34513274336283,113,1,112,0,0,0.008849557522123894,6.81964276921185,6.7588278699436195,39.335010984966466,5.5142584731172875,3.196352949686209,3.2659022012418752,6.884955752212389,6.321882890351117,0.4806820378871255,0.9348649125944852,0.010521529903947783,1.0,0.06513508740551477,0.003300357966773859,0,1,0,0,0,0.0,0.35398230088495575,0.40999361773184023,0.45774512177377863,0.8311248204014445,0.5066481002585266,0.008849557522123894,0.4699248120300752,0.2084006953169285
1766,110,97.34513274336283,113,0,112,1,0,0.0,6.777490598209716,6.716981355550766,40.18864983843758,5.50536526622726,3.1662612254957208,3.2522614712644295,6.884955752212389,6.321882890351117,0.4770939123827427,0.34308546412694624,0.009760879686477585,0.0,0.34308546412694624,-0.0051472488290325025,0,0,0,1,0,0.0,0.336283185840708,0.40847095210082623,0.4280939559064917,0.8297402325713754,0.5111116393970963,0.0,0.4699248120300752,0.2079088253995258
1767,111,98.23008849557522,113,0,112,1,0,0.0,6.75399144441593,6.692830640942745,38.61798757103678,5.495812853546254,3.1710622806123574,3.2144513529866323,6.884955752212389,6.321882890351117,0.4755927102466557,0.3176054454752869,0.00985199909050077,0.0,0.3176054454752869,-0.006793676816813754,0,0,0,1,0,0.0,0.34513274336283184,0.40315462888894443,0.43081401510186984,0.8467889354020648,0.5117812211898466,0.0,0.3991228070175438,0.20748938345910872
1768,111,98.23008849557522,113,1,112,0,0,0.008849557522123894,6.782312295148767,6.716832608289975,40.182702013481766,5.488213990920378,3.0834793571950554,3.168436288450161,6.884955752212389,6.321882890351117,0.4769656048255855,0.3330370872340661,0.009876693228448287,0.0,0.3330370872340661,-0.012008562136011758,0,1,0,0,0,0.0,0.36283185840707965,0.40774741559717,0.41706806297675464,0.8365311432916452,0.5148381069983151,0.008849557522123894,0.45238095238095233,0.20739079211466963
1769,111,98.23008849557522,113,0,113,0,0,0.0,6.848628659260867,6.781789037366444,44.252766706331784,5.484244938292909,3.050663033052476,3.165177836814207,6.884955752212389,6.321882890351117,0.48091216168222206,0.0,0.0,0.0,0.0,0.0,0,0,0,0,0,0.0,0.36283185840707965,0.42070953753665485,0.3949593663857498,0.8418664399373947,0.5223686384406587,0.0,0.4169799498746867,0.20759691450574763
1770,111,98.23008849557522,113,1,112,0,0,0.008849557522123894,6.879766363819569,6.809453625352503,45.24931928693557,5.482070570442138,3.0419587886212938,3.172724239522381,6.884955752212389,6.321882890351117,0.4831634529292059,0.9982563704379471,0.017080489180714892,1.0,0.001743629562052873,0.019804032149124406,0,1,0,0,0,1.0,0.35398230088495575,0.424693468675328,0.3977733544234925,0.835600395545697,0.5226015871512034,0.008849557522123894,0.4523809523809524,0.20768387253397558
1771,111,98.23008849557522,113,0,113,0,0,0.0,6.909648771831007,6.839152347469233,45.88870078267513,5.481391050692147,2.9797867407248573,3.132429819780835,6.884955752212389,6.321882890351117,0.48603504189663216,0.0,0.0,0.0,0.0,0.0,0,0,0,0,0,0.0,0.336283185840708,0.42894753091268556,0.39663150964580274,0.8383124132691335,0.5277327912119116,0.0,0.4523809523809524,0.2078118053526271
1772,111,98.23008849557522,113,0,112,1,0,0.0,6.824310723750479,6.756556604372766,44.43992474298402,5.476577204464187,2.9850528794614424,3.13303973809365,6.884955752212389,6.321882890351117,0.481416255568595,0.2311389045702654,0.0019761086786201356,0.0,0.2311389045702654,0.0006659523543250945,0,0,0,1,0,0.0,0.3185840707964602,0.4226188879168855,0.38585463512592316,0.8383124132691335,0.524089253730991,0.0,0.4523809523809524,0.20723295225169786
1773,112,99.11504424778761,113,0,113,0,0,0.0,6.785926776885096,6.719142862492469,42.60065014540063,5.470175481600024,2.996126504001734,3.148981767031058,6.884955752212389,6.321882890351117,0.47985721547740523,0.0,0.0,0.0,0.0,0.0,0,0,0,0,0,0.0,0.336283185840708,0.4170209189104679,0.3902310467853137,0.840661008811168,0.5245893548732405,0.0,0.4523809523809524,0.20683867780615234
1774,112,99.11504424778761,113,0,111,2,0,0.0,6.88503102112762,6.819779988180388,45.42207785999213,5.469268197142463,2.8579126778871204,3.0322668176929786,6.884955752212389,6.321882890351117,0.4823946529624905,0.12041291285581822,0.003934905523305123,0.0,0.12041291285581822,0.00036143458714232857,0,0,0,2,0,0.5,0.3805309734513274,0.4233516701164489,0.37675678258802847,0.8308048639245234,0.5314285513770673,0.0,0.48778195488721804,0.2073055202969203
1775,112,99.11504424778761,113,1,111,1,0,0.008849557522123894,6.91153994248297,6.8276035000561865,44.946488179521666,5.469788589527891,2.8712080612363495,3.048652327051407,6.884955752212389,6.321882890351117,0.4821218811853514,0.627120249056951,0.014013060527039252,0.5,0.12712603370550668,0.030356878401126997,1,0,0,1,0,0.5,0.3274336283185841,0.42204582864004203,0.3959394242394427,0.8213286599834329,0.5248709563186331,0.008849557522123894,0.5056390977443609,0.20745451420228556
1776,111,98.23008849557522,113,1,112,0,0,0.008849557522123894,6.871659839820634,6.773691598862735,44.25782361579336,5.467365176950771,2.8930982967444416,3.055536266145639,6.884955752212389,6.321882890351117,0.47917927630069856,0.9991989336672578,0.017304470127315383,1.0,0.0008010663327422396,0.007701143024100077,0,1,0,0,0,1.0,0.34513274336283184,0.41863886111828624,0.38987729746738986,0.8229641824292999,0.5232702918611024,0.008849557522123894,0.4877819548872181,0.2071785110364361
1777,109,96.46017699115045,113,2,109,2,0,0.017699115044247787,6.906864555606623,6.815145671420943,47.50380777671968,5.466031893227675,2.8698398369004288,3.11770075882373,6.884955752212389,6.321882890351117,0.4835565571445639,0.3647200852732449,0.007623486077804193,0.25,0.34550995952539787,0.003691979785281574,0,2,0,2,0,0.25,0.35398230088495575,0.4304551651688768,0.3796342836844194,0.8214851345879197,0.5206587598443096,0.017699115044247787,0.4523809523809524,0.20731239029758095
1778,108,95.57522123893806,113,2,109,2,0,0.017699115044247787,6.831954849751515,6.743485705831364,44.868147978263266,5.461489334191572,2.900507849435575,3.0330439976039343,6.884955752212389,6.321882890351117,0.4813895541558857,0.5205316882716526,0.006066617731395001,0.5,0.21993460745164725,0.04054236292760166,0,2,0,2,0,0.5,0.37168141592920356,0.4234344298780886,0.37746253251089623,0.8311449655894609,0.5277320124956818,0.017699115044247787,0.3991228070175439,0.20679425413706162
1779,107,94.69026548672566,113,1,111,1,0,0.008849557522123894,6.859956633144215,6.789445949051535,46.89000706843337,5.458654997118899,2.84788487705959,3.03529561038531,6.884955752212389,6.321882890351117,0.4840812162199568,0.288230163968572,0.0021995231501103513,0.5,0.2526530453689682,0.013374677503457888,0,1,0,1,0,0.5,0.37168141592920356,0.43073065530678595,0.3741551734816838,0.8247814658211378,0.5304888283504138,0.008849557522123894,0.46992481203007525,0.20684467131879905
1780,107,94.69026548672566,113,1,112,0,0,0.008849557522123894,6.833545739274117,6.787487532180665,44.53843072118548,5.4557266217513645,2.9036615559441197,3.081623870074811,6.884955752212389,6.321882890351117,0.48093920401956924,0.08592540081644301,0.007821451123611734,0.0,0.08592540081644301,0.01586101654307681,0,1,0,0,0,0.0,0.36283185840707965,0.42175586930346987,0.38328990626411935,0.8004625241976776,0.5243276234116525,0.008849557522123894,0.41697994987468673,0.20662005261878585
1781,107,94.69026548672566,113,1,110,0,2,0.008849557522123894,6.873369578209526,6.826878492939152,43.286613785530825,5.456099332073082,2.8678617621681393,3.0354563518936093,6.884955752212389,6.321882890351117,0.48239434899616374,0.9999845242545727,0.010503392956343005,1.0,1.547574542722548e-05,0.15130110677712905,0,3,0,0,0,1.0,0.37168141592920356,0.4190218880896684,0.40048423958340007,0.8222934268106452,0.52106854349918,0.008849557522123894,0.3991228070175438,0.20683095296849252
1782,107,94.69026548672566,113,1,112,0,0,0.008849557522123894,6.996721712770982,6.96396325688426,45.94204308575702,5.4625682601321275,2.8412750159287956,2.992359382084101,6.884955752212389,6.321882890351117,0.4854736396965815,0.9834910837005948,0.021986101233016406,1.0,0.016508916299405207,-0.010700547537050298,0,1,0,0,0,1.0,0.35398230088495575,0.425539808700944,0.40956204956841546,0.8204490009883862,0.5203049150881058,0.008849557522123894,0.4345238095238095,0.20765219266937676
1783,107,94.69026548672566,113,2,111,0,0,0.017699115044247787,7.006968925924002,6.962235255714616,44.72894340037168,5.4700561654898054,2.855764692928598,3.013246053380556,6.884955752212389,6.321882890351117,0.485022447418882,0.9159808979337926,0.020016128857079242,1.0,0.08401910206620744,-0.030252534765964567,0,2,0,0,0,0.5,0.34513274336283184,0.4217013873857942,0.4153781489178382,0.8277762005924154,0.5102294407058415,0.017699115044247787,0.43452380952380953,0.2079401170389682
1784,108,95.57522123893806,113,0,113,0,0,0.0,6.978615721570733,6.9340135516460775,43.039920646501294,5.474933793740021,2.8790352732100137,3.0023261080156756,6.884955752212389,6.321882890351117,0.4803171104374,0.0,0.0,0.0,0.0,0.0,0,0,0,0,0,0.0,0.336283185840708,0.41212549508124796,0.41661880719870603,0.8231722551976335,0.5098775984728057,0.0,0.43452380952380953,0.20795252999010455
1785,109,96.46017699115045,113,0,112,1,0,0.0,6.996709447112008,6.9527195198944645,42.59808869341638,5.480449119569369,2.867829984059793,3.0015212354685556,6.884955752212389,6.321882890351117,0.4779198539425036,0.5539488549205498,0.013144830931785818,1.0,0.4460511450794502,0.0240983680559399,0,0,0,1,0,0.0,0.3274336283185841,0.40666969242217194,0.41915570559443527,0.8336759859456773,0.5082645146272381,0.0,0.43452380952380953,0.20821733483778723
1786,110,97.34513274336283,113,0,112,1,0,0.0,6.995762648877191,6.950977762431516,43.77546935283361,5.485527683465129,2.8742359025336257,3.0079588886693776,6.884955752212389,6.321882890351117,0.4798256383469506,0.024996708884417976,0.009137850749707556,0.0,0.024996708884417976,-0.09741205089486771,0,0,0,1,0,1.0,0.34513274336283184,0.4124143173154212,0.41469534497179095,0.8278088491683558,0.5083327083099743,0.0,0.4699248120300752,0.20837313127761395
1787,110,97.34513274336283,113,2,111,0,0,0.017699115044247787,7.023593524039136,6.962681880941656,42.85497783464415,5.491720313301212,2.9480382476407296,3.0411891534182174,6.884955752212389,6.321882890351117,0.47829128239272145,0.8453791803569072,0.017154616886871796,1.0,0.15462081964309282,0.026386810994967203,0,2,0,0,0,0.5,0.3008849557522124,0.40769732834883965,0.4195472642320138,0.8294312328852849,0.5124567324911262,0.017699115044247787,0.487781954887218,0.20870803105645871
1788,111,98.23008849557522,113,0,113,0,0,0.0,7.02439740700031,6.963564715316219,41.20312781363142,5.496722911465569,3.023188347380563,3.0890544951589884,6.884955752212389,6.321882890351117,0.4740517719536115,0.0,0.0,0.0,0.0,0.0,0,0,0,0,0,0.0,0.2920353982300885,0.3987046200797754,0.4359569687513897,0.8350266026702262,0.5022588221573483,0.0,0.487781954887218,0.20887017966997734
1789,111,98.23008849557522,113,0,113,0,0,0.0,7.01285940252201,6.951961717155757,43.150778145618425,5.500822428868121,2.973935213314434,3.0721732362504106,6.884955752212389,6.321882890351117,0.47619758886300767,0.0,0.0,0.0,0.0,0.0,0,0,0,0,0,0.0,0.2920353982300885,0.40681622008233126,0.41133868484414216,0.80318099576192,0.5095433079269505,0.0,0.487781954887218,0.2089420729922153
1790,111,98.23008849557522,113,0,113,0,0,0.0,6.959350719190645,6.8979845763651815,41.1610658292301,5.5019328822787426,3.0751340678199086,3.1260070667455233,6.884955752212389,6.321882890351117,0.4764180384565504,0.0,0.0,0.0,0.0,0.0,0,0,0,0,0,0.0,0.3185840707964602,0.40445378790670417,0.43879917478679714,0.8016831788235221,0.5018495455813111,0.0,0.45238095238095233,0.20870963035764417
1791,111,98.23008849557522,113,0,113,0,0,0.0,6.953286435246975,6.893255893250737,40.648573663491476,5.502733980678191,3.064909984856395,3.118355020497202,6.884955752212389,6.321882890351117,0.4747684034600288,0.0,0.0,0.0,0.0,0.0,0,0,0,0,0,0.0,0.2920353982300885,0.4009989489057523,0.4392792995780877,0.8309074128657947,0.5021045733243227,0.0,0.4169799498746867,0.20870463118925064
1792,113,100.0,113,0,113,0,0,0.0,6.993006720828649,6.93247629364287,41.88787807363837,5.505468008800525,3.0289834734310945,3.0959294517254334,6.884955752212389,6.321882890351117,0.4768555889412771,0.0,0.0,0.0,0.0,0.0,0,0,0,0,0,0.0,0.3008849557522124,0.40495637138645396,0.43832940921133107,0.8267800711059887,0.5025256236149362,0.0,0.4169799498746867,0.2089896536452006
1793,113,100.0,113,0,113,0,0,0.0,7.034960829267054,6.975154878188493,43.65813781237341,5.510187666974161,2.9917285982107455,3.0685389354837405,6.884955752212389,6.321882890351117,0.48049638397284644,0.0,0.0,0.0,0.0,0.0,0,0,0,0,0,0.0,0.2920353982300885,0.41191967687559367,0.43348840511621584,0.8342975470844853,0.5069048337012225,0.0,0.45238095238095233,0.20934860981867373
1794,113,100.0,113,0,113,0,0,0.0,7.017858826952432,6.958161295960324,44.87328861348851,5.513749502391365,2.9565275610374897,3.042602874423896,6.884955752212389,6.321882890351117,0.48400689522540574,0.0,0.0,0.0,0.0,0.0,0,0,0,0,0,0.0,0.3185840707964602,0.4201335524037475,0.4306006925459837,0.8339534694605335,0.5079317097880959,0.0,0.4169799498746867,0.20937568733901193
1795,113,100.0,113,0,113,0,0,0.0,6.900831202999602,6.841688901643326,41.60170066977207,5.511195564050096,3.0645427350855132,3.118972828187335,6.884955752212389,6.321882890351117,0.4790264120420662,0.0,0.0,0.0,0.0,0.0,0,0,0,0,0,0.0,0.3008849557522124,0.4096229433141201,0.43735458052194826,0.8216620827996461,0.5028255931833052,0.0,0.45238095238095233,0.2087098207237344
1796,113,100.0,113,0,113,0,0,0.0,6.8749172586319505,6.817033309145248,38.26461131626487,5.507556124552937,3.1544966663069225,3.155400833616564,6.884955752212389,6.321882890351117,0.47311325495737067,0.0,0.0,0.0,0.0,0.0,0,0,0,0,0,0.0,0.2831858407079646,0.3955129556188669,0.47227313928089265,0.8348715703595189,0.4901314124507954,0.0,0.4169799498746867,0.20846521045045835
1797,113,100.0,113,0,113,0,0,0.0,6.924390419019432,6.865880514459852,41.12835898545057,5.506617216650809,3.0718764874254743,3.103768181398581,6.884955752212389,6.321882890351117,0.4764446919722314,0.0,0.0,0.0,0.0,0.0,0,0,0,0,0,0.0,0.30973451327433627,0.4051600695554661,0.46174518053888713,0.8294768731691067,0.4933013446073875,0.0,0.45238095238095233,0.20868289792338537
1798,113,100.0,113,0,113,0,0,0.0,6.912015015594018,6.854695342024649,43.12239188340074,5.505171974604754,2.989882258229584,3.1017168196535483,6.884955752212389,6.321882890351117,0.4749041830606662,0.0,0.0,0.0,0.0,0.0,0,0,0,0,0,0.0,0.2831858407079646,0.4080519609546377,0.4421956378225063,0.854617896024497,0.49192229386679237,0.0,0.4169799498746867,0.20857533765144146
1799,111,98.23008849557522,113,2,111,0,0,0.017699115044247787,6.923725667158919,6.840247868087639,42.88578233064076,5.504450543229279,2.949527272983604,3.029320628530844,6.884955752212389,6.321882890351117,0.47376970301553767,0.9787476195622604,0.021683326282270713,1.0,0.021252380437739526,0.0024415123550050044,0,2,0,0,0,1.0,0.25663716814159293,0.4058892644987197,0.4344283482775262,0.857493668702531,0.4946918792676774,0.017699115044247787,0.4348370927318295,0.20861108688592006
1800,111,98.23008849557522,113,0,113,0,0,0.0,6.958470480841822,6.873855315193611,43.985712851720294,5.5041112925919995,2.9076188479843807,3.0933687222050192,6.884955752212389,6.321882890351117,0.4750492540369444,0.0,0.0,0.0,0.0,0.0,0,0,0,0,0,0.0,0.25663716814159293,0.40774105121818616,0.42493128635788363,0.8218764426303289,0.4996594552378421,0.0,0.4348370927318295,0.2087740874403378
1801,111,98.23008849557522,113,0,112,1,0,0.0,6.919318119484365,6.835178850707003,44.56139655034125,5.5018374243499375,2.911402269845085,3.1029102119221204,6.884955752212389,6.321882890351117,0.47321777495482054,0.04308660963846038,0.008348174313979363,0.0,0.04308660963846038,-0.06395460121648622,0,0,0,1,0,1.0,0.25663716814159293,0.406958774480644,0.41606185758315917,0.8214352392827362,0.4972589072709818,0.0,0.4348370927318295,0.20850644998987847
1802,110,97.34513274336283,113,1,112,0,0,0.008849557522123894,6.925494853009188,6.851736950615807,44.94020247692894,5.499912473516415,2.928010632504946,3.139211780846641,6.884955752212389,6.321882890351117,0.47335403255986397,0.4517133120218607,0.01087646056083502,0.0,0.4517133120218607,-0.043871567418225954,0,1,0,0,0,0.0,0.2831858407079646,0.40809236313470937,0.4224650610156399,0.8275863181629752,0.49119076060072236,0.008849557522123894,0.45269423558897237,0.20847648708880653
1803,110,97.34513274336283,113,0,113,0,0,0.0,6.882510203917243,6.81064737894224,42.730804350133404,5.49666336896609,3.0174828265912144,3.1375546376859735,6.884955752212389,6.321882890351117,0.46889449518235526,0.0,0.0,0.0,0.0,0.0,0,0,0,0,0,0.0,0.2831858407079646,0.39866343688926004,0.42280994508998854,0.8380484513092799,0.48559120316768595,0.0,0.45269423558897237,0.2081588615510185
1804,111,98.23008849557522,113,1,112,0,0,0.008849557522123894,6.847161380265786,6.777880388871121,42.644210963136665,5.49179563098881,2.987319905605966,3.1156498011607927,6.884955752212389,6.321882890351117,0.4697876976330806,0.9970632970896365,0.0031502598692662743,1.0,0.00293670291036352,0.26079953099617975,0,1,0,0,0,1.0,0.2920353982300885,0.4006146899517159,0.4185151761177666,0.8521431981073351,0.49066657705481875,0.008849557522123894,0.4348370927318296,0.20782825108559483
1805,111,98.23008849557522,113,0,113,0,0,0.0,6.80844075989362,6.739415467443683,39.87970906335379,5.485457105297078,3.0320507185284713,3.1442967392112995,6.884955752212389,6.321882890351117,0.466270755357316,0.0,0.0,0.0,0.0,0.0,0,0,0,0,0,0.0,0.3008849557522124,0.39178722169454466,0.4350559867031849,0.8449819625973607,0.48582717776351086,0.0,0.47023809523809523,0.20743429089813092
1806,111,98.23008849557522,113,1,112,0,0,0.008849557522123894,6.785930454746789,6.710339049689606,39.56726858749743,5.478406606554308,3.0632809822213547,3.1534041796375627,6.884955752212389,6.321882890351117,0.4656925767135096,0.8615837479306053,0.016454860415635673,1.0,0.13841625206939467,0.004446874472033624,0,1,0,0,0,0.0,0.2831858407079646,0.390992800762639,0.42533998060519124,0.8543097521099713,0.4857310150321764,0.008849557522123894,0.41697994987468673,0.207098877235545
1807,110,97.34513274336283,113,1,112,0,0,0.008849557522123894,6.758151460618161,6.698200987703419,38.786669368900355,5.470029776267099,3.114747019431467,3.17659344850222,6.884955752212389,6.321882890351117,0.4640375375372665,0.9996154574046061,0.012260544461794335,1.0,0.0003845425953938886,0.008664078963648958,0,1,0,0,0,1.0,0.26548672566371684,0.3870976363522647,0.4321104139848119,0.8510455807045202,0.48508852299217786,0.008849557522123894,0.4523809523809524,0.20669519556456142
1808,109,96.46017699115045,113,1,112,0,0,0.008849557522123894,6.765046601279133,6.697112932689443,37.66584571391108,5.463385948324118,3.1839654461763827,3.213649616020521,6.884955752212389,6.321882890351117,0.46245252620163835,0.9999999994318647,0.008892633473350934,1.0,5.681353165698511e-10,0.15408943435227873,0,1,0,0,0,1.0,0.2831858407079646,0.3832453699537554,0.444456033018428,0.8524810056512615,0.4805336522999039,0.008849557522123894,0.43452380952380953,0.20651966375687045
1809,110,97.34513274336283,113,0,113,0,0,0.0,6.699465052841351,6.631664410910034,36.49707726668436,5.45339393301423,3.1681587396187205,3.189374993618102,6.884955752212389,6.321882890351117,0.46359475885648793,0.0,0.0,0.0,0.0,0.0,0,0,0,0,0,0.0,0.3185840707964602,0.3835084880925928,0.455910375998441,0.8733148912548675,0.47982508502839594,0.0,0.3991228070175439,0.20587591426154297
1810,110,97.34513274336283,113,0,112,1,0,0.0,6.645637370586702,6.57740775854606,36.979675940633264,5.441289567592477,3.1343443099701296,3.058098595284575,6.884955752212389,6.321882890351117,0.46407542308919547,0.5171196648175762,0.012214010127323212,1.0,0.4828803351824238,0.05075588155626587,0,0,0,1,0,0.0,0.3185840707964602,0.38621868484041977,0.4428536035934667,0.8729689330098285,0.4819173428655123,0.0,0.32832080200501257,0.20522416394697807
1811,111,98.23008849557522,113,0,113,0,0,0.0,6.6001130052846415,6.53317079012197,33.749289133790434,5.427713138506899,3.170011230320987,3.052549219775059,6.884955752212389,6.321882890351117,0.46159763813520516,0.0,0.0,0.0,0.0,0.0,0,0,0,0,0,0.0,0.3274336283185841,0.3766018467938137,0.4617739025381813,0.871238506389719,0.4786730540814753,0.0,0.3637218045112782,0.20456739914672686
1812,112,99.11504424778761,113,0,113,0,0,0.0,6.572981338989527,6.506556404653513,32.554706346492694,5.413648971143759,3.14769891441138,3.067441585496191,6.884955752212389,6.321882890351117,0.4608168753688495,0.0,0.0,0.0,0.0,0.0,0,0,0,0,0,0.0,0.3274336283185841,0.3731617706194507,0.4702709282468972,0.8601626995380844,0.4779980703912332,0.0,0.3637218045112782,0.20398718072015093
1813,113,100.0,113,0,113,0,0,0.0,6.609065553269945,6.54291581253731,32.24710500962201,5.402312803319653,3.1119272619866396,3.1021596636350064,6.884955752212389,6.321882890351117,0.46173215961424297,0.0,0.0,0.0,0.0,0.0,0,0,0,0,0,0.0,0.3274336283185841,0.37289346612376684,0.48245770765134277,0.8143073363800727,0.476447650078414,0.0,0.3637218045112782,0.2038092721645062
1814,113,100.0,113,0,112,1,0,0.0,6.613896316876153,6.54641913819819,34.21950864918734,5.391870475666077,3.029901584637192,3.017071459098269,6.884955752212389,6.321882890351117,0.4640047845364461,0.1629522244868477,0.009934653861286544,0.0,0.1629522244868477,0.0060613762830419304,0,0,0,1,0,0.0,0.3274336283185841,0.3812737348421609,0.4626373904431652,0.8225624767143611,0.4817374768617043,0.0,0.3637218045112782,0.20350335011989434
1815,113,100.0,113,0,112,1,0,0.0,6.709417198929799,6.640680462114293,36.98745940908975,5.386855572144884,2.961778066451343,2.9539157978361033,6.884955752212389,6.321882890351117,0.4684475782430211,0.5696800449060941,0.013576724729646527,1.0,0.43031995509390586,0.01899112522984714,0,0,0,1,0,0.0,0.30973451327433627,0.39212226680575063,0.45685220889961065,0.8233168396064944,0.48594214009723374,0.0,0.3637218045112782,0.2038224363663256
1816,113,100.0,113,0,111,2,0,0.0,6.789546971639157,6.71920090997225,38.736501424955115,5.3861288815582125,2.9370141366464777,2.92631122577132,6.884955752212389,6.321882890351117,0.4699431492911583,0.5052799831194579,0.011005262745121723,0.5,0.3242835173019718,0.014147777087191171,0,0,0,2,0,0.0,0.2743362831858407,0.3964103454353945,0.45423783653903976,0.8424694740950713,0.489163336293966,0.0,0.3991228070175439,0.2042001149659401
1817,110,97.34513274336283,113,3,110,0,0,0.02654867256637168,6.814432174452873,6.719989363160054,40.541844539115274,5.386574824488269,2.949868601440653,2.9818896505749173,6.884955752212389,6.321882890351117,0.4708505600685904,0.8352332736621713,0.01295266094307431,1.0,0.1647667263378287,0.04534229417026081,0,3,0,0,0,0.3333333333333333,0.2920353982300885,0.400282313592851,0.4395032870818148,0.8221982888172055,0.4973045744121906,0.02654867256637168,0.36403508771929827,0.20433863697490667
1818,110,97.34513274336283,113,0,112,1,0,0.0,6.810370814215607,6.715447741701015,40.80189702742039,5.385676065717439,2.9555764430527853,3.0089245728938043,6.884955752212389,6.321882890351117,0.470038828274425,0.2306234339554894,0.016335129542221095,0.0,0.2306234339554894,-0.13193962828696115,0,0,0,1,0,0.0,0.2920353982300885,0.39953415520758,0.4363196770929158,0.823430765162753,0.49352288274905237,0.0,0.3994360902255639,0.204289920935241
1819,110,97.34513274336283,113,0,112,1,0,0.0,6.782892442653992,6.6870463452230355,41.455860604587514,5.383397723003916,2.914408586845719,2.9660313237908023,6.884955752212389,6.321882890351117,0.4724716901894259,0.1845987845094486,0.015719060147804644,0.0,0.1845987845094486,-0.14773757584730163,0,0,0,1,0,0.0,0.3008849557522124,0.4047236378611991,0.4288037213619198,0.8375203746724169,0.49702154045508773,0.0,0.36403508771929827,0.20408051199833807
1820,110,97.34513274336283,113,0,113,0,0,0.0,6.729663954845048,6.635833056770559,40.09330545576918,5.378673299152374,2.9177594026433833,2.952799253328706,6.884955752212389,6.321882890351117,0.47007735164262177,0.0,0.0,0.0,0.0,0.0,0,0,0,0,0,0.0,0.30973451327433627,0.3997665957412336,0.4261987736136027,0.8209450001329445,0.49465726838373514,0.0,0.3994360902255639,0.2036650332877242
1821,110,97.34513274336283,113,0,112,1,0,0.0,6.7090670942219335,6.6167871468007755,38.31320915094686,5.373284299745016,2.9214419347884393,2.9949861652805527,6.884955752212389,6.321882890351117,0.4684667107874523,0.1862446456598671,0.008711299123380306,0.0,0.1862446456598671,-0.008137193910904728,0,0,0,1,0,0.0,0.336283185840708,0.3937909651043382,0.4207674926095776,0.8664634028558268,0.49482861181885684,0.0,0.36403508771929827,0.20339170586886118
1822,113,100.0,113,0,112,1,0,0.0,6.825819820173359,6.730160527486028,41.40026546674703,5.3739698524537545,2.832827115109457,2.9520959422564927,6.884955752212389,6.321882890351117,0.47485672872062357,0.34620108898560653,0.00968843529331223,0.0,0.34620108898560653,-0.009282247170061098,0,0,0,1,0,0.0,0.36283185840707965,0.40617504374390306,0.42143073735715253,0.8505487354526334,0.4999286340682558,0.0,0.36403508771929827,0.20399713941831732
1823,113,100.0,113,0,112,1,0,0.0,6.86755316482228,6.770325136247217,43.78232575655587,5.376643392946497,2.791214744667508,2.939118848145127,6.884955752212389,6.321882890351117,0.4763524992459778,0.030117294402185198,0.0037239650932415084,0.0,0.030117294402185198,-0.019926406330033508,0,0,0,1,0,1.0,0.34513274336283184,0.41238686358701854,0.4118098419777131,0.8588269512712308,0.4980346709170969,0.0,0.3994360902255639,0.20429031519105062
1824,113,100.0,113,0,112,1,0,0.0,6.935386676468683,6.837247945584988,45.93630607681742,5.382532540646876,2.7013759741277914,2.8536705332143266,6.884955752212389,6.321882890351117,0.47879027983265,0.17365984014564215,0.008266432888211269,0.0,0.17365984014564215,-0.008384103087369699,0,0,0,1,0,0.0,0.3185840707964602,0.41847045677519257,0.3987295263574855,0.8467780219626878,0.507993023794356,0.0,0.3994360902255639,0.20481563525971147
1825,112,99.11504424778761,113,1,111,1,0,0.008849557522123894,6.9193146508311445,6.83020994628649,44.497423835004476,5.38723954680746,2.736782927412018,2.8591192191884818,6.884955752212389,6.321882890351117,0.47513656674810534,0.4697825225609998,0.008805583054871398,0.5,0.045366170687079876,0.003966887864079283,0,1,0,1,0,0.5,0.3185840707964602,0.4115957874556699,0.4041166238171071,0.8506464803700589,0.5036621897077445,0.008849557522123894,0.34617794486215536,0.20488406084008065
1826,112,99.11504424778761,113,0,112,1,0,0.0,6.990304975343411,6.901326163234346,47.178925418627664,5.395699577972279,2.6829809825134623,2.762661733782105,6.884955752212389,6.321882890351117,0.4761445397741362,0.0016763041126187954,0.0027325797114700493,0.0,0.0016763041126187954,-0.05171822342067589,0,0,0,1,0,1.0,0.3274336283185841,0.4164993432550649,0.38894742759885303,0.8478836134560461,0.5049040358210795,0.0,0.3815789473684211,0.20550642909400557
1827,112,99.11504424778761,113,0,111,2,0,0.0,7.07991439613009,6.9860358127143565,50.998214716719694,5.407908971743935,2.6190962865724754,2.674199654389254,6.884955752212389,6.321882890351117,0.4787465592985287,0.10177261934969939,0.004120970573065541,0.0,0.10177261934969939,0.003314663348532587,0,0,0,2,0,0.5,0.3274336283185841,0.4250400664519986,0.3697301458951323,0.8690750903158159,0.5114877277846098,0.0,0.3815789473684211,0.2063404079858719
1828,111,98.23008849557522,113,1,111,1,0,0.008849557522123894,7.076641828220693,6.976542352301307,51.222579941181756,5.419193230396553,2.655884706333871,2.7142093945144214,6.884955752212389,6.321882890351117,0.4760755622904098,0.5307242349431914,0.007084915019785134,0.5,0.3665719191444783,0.009159933159528677,0,1,0,1,0,0.0,0.336283185840708,0.42111649710830423,0.35429063827318275,0.8971394728373553,0.514568974559816,0.008849557522123894,0.3637218045112782,0.2066807339548563
1829,110,97.34513274336283,113,1,110,2,0,0.008849557522123894,7.017792828545588,6.918363236633609,48.353932800162866,5.426550533731909,2.7223778114766835,2.7578151905918498,6.884955752212389,6.321882890351117,0.47123865449741964,0.3099949585053173,0.008560387408746867,0.3333333333333333,0.06173155080762524,-0.03600226496164153,0,1,0,2,0,0.3333333333333333,0.34513274336283184,0.41047444679508643,0.36102395968006773,0.8976710118941998,0.5147078870946332,0.008849557522123894,0.381265664160401,0.20661904900685535
1830,111,98.23008849557522,113,0,113,0,0,0.0,7.063517615221706,6.963372270363988,47.10195054098369,5.435663356124929,2.7797842909290233,2.798688261791295,6.884955752212389,6.321882890351117,0.4690824109550489,0.0,0.0,0.0,0.0,0.0,0,0,0,0,0,0.0,0.336283185840708,0.40418553441363675,0.3835037414475794,0.8789459516085806,0.5112325314353471,0.0,0.41666666666666663,0.20713572392008212
1831,111,98.23008849557522,113,1,110,2,0,0.008849557522123894,7.038424122411082,6.938342097487717,49.08992917429349,5.44293943662075,2.7935650392708204,2.82070574362246,6.884955752212389,6.321882890351117,0.47039733895505753,0.04870798949119181,0.006361093813940714,0.0,0.04870798949119181,-0.033730185252663025,0,1,0,2,0,0.6666666666666666,0.3185840707964602,0.4115258040585706,0.37646828063671345,0.8843799771881248,0.5076261819354597,0.008849557522123894,0.43452380952380953,0.20724024910000577
1832,111,98.23008849557522,113,0,111,2,0,0.0,7.060918575918449,6.9596786537340565,51.56004033830595,5.450829366871916,2.743529851740335,2.800667863310238,6.884955752212389,6.321882890351117,0.4736795081580438,0.026455727340931982,0.007198448517086974,0.0,0.026455727340931982,-0.0661472827657863,0,0,0,2,0,0.5,0.3185840707964602,0.4203263441500936,0.3693034426103411,0.9033893796740043,0.511600072466288,0.0,0.3637218045112782,0.20760211744284715
1833,111,98.23008849557522,113,0,110,3,0,0.0,7.0330487666412305,6.931257532847823,51.41161411697715,5.456783104989629,2.7880706558355883,2.851800487908831,6.884955752212389,6.321882890351117,0.4753130011043383,0.034156610165597186,0.005920238663066117,0.0,0.034156610165597186,-0.038857907856660066,0,0,0,3,0,0.6666666666666666,0.30973451327433627,0.4228318683214106,0.3704143225686672,0.8912205759803891,0.5142246345250948,0.0,0.3637218045112782,0.20765096257216106
1834,112,99.11504424778761,113,0,111,2,0,0.0,7.129667419544634,7.0251842434507585,54.18625634935162,5.467110804073605,2.7209872779905337,2.785749522960824,6.884955752212389,6.321882890351117,0.48119985938523513,0.2702860902243137,0.00831134828045535,0.5,0.2298079277713504,-0.06924749411749986,0,0,0,2,0,0.5,0.3185840707964602,0.43334864890539126,0.3693324370255012,0.8912205759803891,0.519443402358473,0.0,0.3637218045112782,0.20846050835735647
1835,112,99.11504424778761,113,0,111,2,0,0.0,7.160750738711634,7.054327245941471,58.077232726046084,5.478259507306779,2.7410698536115397,2.812789112490754,6.884955752212389,6.321882890351117,0.4841052453341508,0.19123295122269496,0.009226954016980787,0.0,0.19123295122269496,-0.09826542892345991,0,0,0,2,0,0.5,0.3274336283185841,0.444393564382215,0.36024138854281595,0.8916122541916022,0.5233319800348794,0.0,0.3637218045112782,0.20896832893428852
1836,112,99.11504424778761,113,1,109,3,0,0.008849557522123894,7.163546851468041,7.097541317067569,61.71761640773792,5.488738716544612,2.700451521413913,2.7940270397980846,6.884955752212389,6.321882890351117,0.48864816253938814,0.41609501946385374,0.009212022339953762,0.5,0.1345518763453945,-0.04510477258325851,0,1,0,3,0,0.5,0.3274336283185841,0.4562993736868738,0.36300443296237134,0.8892257779308558,0.5164262208812425,0.008849557522123894,0.381578947368421,0.20931355116599587
1837,110,97.34513274336283,113,2,108,2,1,0.017699115044247787,7.113499389090543,7.0367189933311725,60.19918228622466,5.498217411586645,2.829778539491744,2.8653506508821214,6.884955752212389,6.321882890351117,0.48811666514550955,0.6554426883549135,0.010042673201125504,0.8,0.1521575141187051,0.12172269935974747,0,3,0,2,0,0.6,0.3185840707964602,0.4561129897722116,0.37487620463301385,0.898184422559537,0.5154778015670145,0.017699115044247787,0.381265664160401,0.2093629298541538
1838,108,95.57522123893806,113,2,110,1,0,0.017699115044247787,7.032544415563794,6.986634753312165,59.302429703641515,5.50240761945589,2.853192955751031,2.874671714273704,6.884955752212389,6.321882890351117,0.48627352665025403,0.5827572563022781,0.013827206557723506,0.6666666666666666,0.17391231607653748,-0.030478224740516868,0,2,0,1,0,0.3333333333333333,0.3008849557522124,0.45343079792394897,0.36475134423246164,0.8926728029164279,0.5104744034185332,0.017699115044247787,0.41666666666666663,0.20909060500369803
1839,107,94.69026548672566,113,1,110,1,1,0.008849557522123894,6.992513437316536,6.916286701530707,53.46214220085021,5.505985151672937,2.9730664799238213,2.9471113840423224,6.884955752212389,6.321882890351117,0.47968775931402385,0.6507909104943751,0.016627940993355673,0.6666666666666666,0.02105075347411764,-0.12659493201253502,0,2,0,1,0,1.0,0.2743362831858407,0.43716947840126935,0.4610555304340364,0.905947158763863,0.4948980280985958,0.008849557522123894,0.3458646616541353,0.20900353381102488
1840,105,92.92035398230088,113,2,110,1,0,0.017699115044247787,6.944259782632027,6.860749396316094,50.634806704477185,5.505283195235889,3.029702497913942,3.0100133299314544,6.884955752212389,6.321882890351117,0.4762928628028611,0.7523194472195005,0.010198749638087765,0.6666666666666666,0.09212031189160079,0.009156198682510386,0,2,0,1,0,0.6666666666666666,0.3008849557522124,0.4285796240887757,0.4625961370734941,0.905056550903602,0.49384660681169396,0.017699115044247787,0.3283208020050125,0.20874007710565662
1841,104,92.03539823008849,113,3,106,4,0,0.02654867256637168,6.993183229859977,6.923474883221198,52.25167460779095,5.5066979827169495,3.035744711607867,3.04344691656515,6.884955752212389,6.321882890351117,0.4767489894028971,0.5319256739390361,0.00878325111159196,0.42857142857142855,0.11718188808276911,0.017051415502369074,0,3,0,4,0,0.7142857142857143,0.3185840707964602,0.4312617973522044,0.46447719931772546,0.9018022613257202,0.4848079135546705,0.02654867256637168,0.34617794486215536,0.20902941494564636
1842,105,92.92035398230088,113,1,111,1,0,0.008849557522123894,6.983063386271463,6.942799833647626,51.832441412879305,5.508217879921133,3.0606375475002907,3.0591068931473675,6.884955752212389,6.321882890351117,0.4754298182529191,0.663125799730264,0.013245803575642104,0.5,0.16312587514163873,-0.0040032686553910235,0,1,0,1,0,0.5,0.2743362831858407,0.42856786378180955,0.4705633430460129,0.911558073943409,0.4815740248258596,0.008849557522123894,0.32832080200501257,0.20902685878835492
1843,104,92.03539823008849,113,3,109,0,1,0.02654867256637168,6.968628667912384,6.910164640796017,48.436539297101405,5.51045751636036,3.252589194896557,3.2282602412947043,6.884955752212389,6.321882890351117,0.4700916307454712,0.9551567562741605,0.02000694377818061,1.0,0.04484324372583942,0.07342336421501039,0,4,0,0,0,0.75,0.2743362831858407,0.415317465332493,0.48222637550938513,0.8923294759280797,0.47873930782455637,0.02654867256637168,0.2929197994987469,0.2090254787929883
1844,104,92.03539823008849,113,1,112,0,0,0.008849557522123894,6.9271621233686185,6.856109311174418,46.2127949419682,5.509490664415917,3.406997837499682,3.3488185304763944,6.884955752212389,6.321882890351117,0.46606642471600135,0.9895382975614605,0.029921859108182645,1.0,0.0104617024385395,-0.10494089621358871,0,1,0,0,0,1.0,0.23893805309734514,0.40736169866042726,0.4983835957087111,0.8870213362967699,0.4663696017022347,0.008849557522123894,0.34617794486215536,0.20878758444644407
1845,105,92.92035398230088,113,0,113,0,0,0.0,6.927999472477888,6.85626552239311,47.88588090531745,5.507943178338485,3.407138389254386,3.34416698135578,6.884955752212389,6.321882890351117,0.46794283526154334,0.0,0.0,0.0,0.0,0.0,0,0,0,0,0,0.0,0.24778761061946902,0.4133526933471085,0.48286126543072316,0.8749125139872195,0.46589065717099737,0.0,0.34617794486215536,0.20874285606321055
1846,106,93.80530973451327,113,2,111,0,0,0.017699115044247787,6.858463067758493,6.794189505097662,44.410025859809636,5.503080832004077,3.5052267721985926,3.3858684078936494,6.884955752212389,6.321882890351117,0.46023209070299664,0.5623631227343425,0.007494048297536854,0.5,0.07532981471185739,0.08194455348710838,0,2,0,0,0,0.5,0.22123893805309736,0.3983228616402604,0.4816520453259752,0.8701472749028303,0.4587841098520898,0.017699115044247787,0.3283208020050125,0.20824147811912128
1847,107,94.69026548672566,113,0,112,1,0,0.0,6.852242110486374,6.788125732712275,44.33295813966386,5.498492393860906,3.4341978823498014,3.319978254066993,6.884955752212389,6.321882890351117,0.45789761494648284,0.3161469434304541,0.008935492492570349,0.0,0.3161469434304541,-0.02069536627948798,0,0,0,1,0,0.0,0.20353982300884957,0.3949159992819995,0.46458815128555603,0.8878665918777553,0.46136392833017104,0.0,0.3283208020050125,0.20806533548980696
1848,109,96.46017699115045,113,1,112,0,0,0.008849557522123894,6.918759776546464,6.854340859871769,47.34000656779951,5.497492753931891,3.37744906810262,3.281736109458181,6.884955752212389,6.321882890351117,0.46074816131294427,0.28471111781472885,0.00854319412596623,0.0,0.28471111781472885,-0.017168748820895807,0,1,0,0,0,0.0,0.23893805309734514,0.4027001890639368,0.4489809268591342,0.8908179826023679,0.46709404346624733,0.008849557522123894,0.3283208020050125,0.20836632578728867
1849,110,97.34513274336283,113,0,113,0,0,0.0,6.960787366327118,6.8938462755584355,50.14153802740879,5.498604410668089,3.3101865449077734,3.24432658378289,6.884955752212389,6.321882890351117,0.4627814945348354,0.0,0.0,0.0,0.0,0.0,0,0,0,0,0,0.0,0.23008849557522124,0.4099300094498925,0.43526321277681895,0.8918900568369099,0.47081510525981196,0.0,0.3283208020050125,0.20861160255469452
1850,109,96.46017699115045,113,2,110,1,0,0.017699115044247787,7.113186644882952,7.022588945772422,56.24547166082359,5.507178937836453,3.249945468163135,3.205998043765634,6.884955752212389,6.321882890351117,0.46931711435453005,0.8168307371299831,0.014832001549130525,1.0,0.1831692628700169,0.003341253400924652,0,2,0,1,0,0.3333333333333333,0.21238938053097345,0.4254996750907684,0.42509361135063584,0.8931516487284819,0.466809982522837,0.017699115044247787,0.3283208020050125,0.2096446347304663
1851,109,96.46017699115045,113,1,112,0,0,0.008849557522123894,7.162835520921219,7.1038468194078535,58.2935175451565,5.516675480609647,3.2056428033838236,3.164514702188547,6.884955752212389,6.321882890351117,0.4689421601201247,0.8736264600438871,0.023850261828585753,1.0,0.1263735399561129,-0.02710895240183131,0,1,0,0,0,0.0,0.23008849557522124,0.4253712778231506,0.42259701932013,0.8938683997560555,0.4642737377808723,0.008849557522123894,0.3461779448621554,0.21019305926703438
1852,107,94.69026548672566,113,2,110,0,1,0.017699115044247787,7.256205770158334,7.173856774185897,61.345373031345055,5.531794855742384,3.2319695201154213,3.1798422250533727,6.884955752212389,6.321882890351117,0.472875218204277,0.9999999860179379,0.015667098640067996,1.0,1.398206198969613e-08,0.18324608840761605,0,3,0,0,0,1.0,0.21238938053097345,0.4343982630951182,0.4228111541367167,0.8944786887378722,0.4683913399097118,0.017699115044247787,0.32832080200501257,0.21113782510804222
1853,107,94.69026548672566,113,1,112,0,0,0.008849557522123894,7.204314713803045,7.119973427060372,58.934224913520616,5.542308067470535,3.289451965051628,3.216938626387164,6.884955752212389,6.321882890351117,0.4711389930117529,0.893913750659378,0.024890837034136224,1.0,0.10608624934062205,-0.23475546196863828,0,1,0,0,0,0.0,0.21238938053097345,0.4294763854834452,0.43601858134754495,0.9091992219328895,0.46713320204526426,0.008849557522123894,0.3637218045112782,0.21121068629299994
1854,107,94.69026548672566,113,0,113,0,0,0.0,7.14916921990035,7.0666057465221535,57.86674485715114,5.5493238737169275,3.3057886428263448,3.238360591345728,6.884955752212389,6.321882890351117,0.47080494373866744,0.0,0.0,0.0,0.0,0.0,0,0,0,0,0,0.0,0.26548672566371684,0.4284332713196531,0.434641700397331,0.9039337682611455,0.4694298613815743,0.0,0.32832080200501257,0.21115672435084187
1855,109,96.46017699115045,113,0,113,0,0,0.0,7.165077642994507,7.083090816375906,57.868714861197255,5.556729882357046,3.2849037628241993,3.218989793598185,6.884955752212389,6.321882890351117,0.4735514950012303,0.0,0.0,0.0,0.0,0.0,0,0,0,0,0,0.0,0.2743362831858407,0.4306243300606954,0.4315972183499194,0.9105751590186222,0.47299517826440923,0.0,0.32832080200501257,0.21147036606285147
1856,110,97.34513274336283,113,0,113,0,0,0.0,7.195619416239764,7.114218787761351,57.53849775870762,5.565241990921793,3.2451638700464587,3.192605793623089,6.884955752212389,6.321882890351117,0.4726295017428572,0.0,0.0,0.0,0.0,0.0,0,0,0,0,0,0.0,0.23893805309734514,0.4266208121405374,0.42929509312505093,0.9039337682611455,0.4709294168572786,0.0,0.32832080200501257,0.21189213769655918
1857,111,98.23008849557522,113,1,112,0,0,0.008849557522123894,7.172057947779842,7.08485386470191,53.6022904854156,5.572119676617085,3.316381646593696,3.245531494328202,6.884955752212389,6.321882890351117,0.4703973499071141,0.876871116232516,0.027929138464379652,1.0,0.12312888376748399,-0.025106164890642546,0,1,0,0,0,0.0,0.22123893805309736,0.41805674645190594,0.4428987351348373,0.91183158461093,0.4724993607105439,0.008849557522123894,0.32832080200501257,0.21199172997187096
1858,112,99.11504424778761,113,0,113,0,0,0.0,7.129823596676862,7.044341896846502,51.8051147921976,5.576124832242802,3.4000239413406947,3.290708121969125,6.884955752212389,6.321882890351117,0.4684840509488952,0.0,0.0,0.0,0.0,0.0,0,0,0,0,0,0.0,0.23008849557522124,0.4139243890828479,0.4477284442983862,0.9095183843054494,0.4706730452403071,0.0,0.32832080200501257,0.21190715884047312
1859,112,99.11504424778761,113,0,113,0,0,0.0,7.04550999436111,6.962877404664822,46.17369512934229,5.575756714785926,3.4686546798827536,3.3624085032784605,6.884955752212389,6.321882890351117,0.4635583671687502,0.0,0.0,0.0,0.0,0.0,0,0,0,0,0,0.0,0.24778761061946902,0.3990423948038536,0.46018296291957744,0.8943197119396462,0.46828344430973656,0.0,0.2929197994987469,0.21147395485163303
1860,111,98.23008849557522,113,1,112,0,0,0.008849557522123894,7.032074881675137,6.955774503446588,44.43311991575948,5.574764288113358,3.5333363925893804,3.4183166067516795,6.884955752212389,6.321882890351117,0.4618314676568056,0.30134529460294496,0.009839283864408134,0.0,0.30134529460294496,-0.0053106450403506145,0,1,0,0,0,0.0,0.24778761061946902,0.39498595558709104,0.4759562283361704,0.8934637716936156,0.46335795941582714,0.008849557522123894,0.3991228070175439,0.21137540926219703
1861,110,97.34513274336283,113,1,111,1,0,0.008849557522123894,7.036646308618345,6.956282451730101,47.212938094750754,5.574332121801054,3.5203942676797593,3.4217779651255746,6.884955752212389,6.321882890351117,0.46662398312218567,0.5151449444834834,0.013663462172768965,0.5,0.01514494532195091,0.01928635582389937,0,1,0,1,0,1.0,0.25663716814159293,0.4069161037077866,0.4639579052721433,0.8983348268662388,0.46850149592862594,0.008849557522123894,0.3991228070175439,0.21138460587283533
1862,111,98.23008849557522,113,0,111,2,0,0.0,7.040963963745849,6.9615902633055935,46.02270972233513,5.574012240143379,3.5250925582261408,3.419670481909372,6.884955752212389,6.321882890351117,0.46377374949994143,0.11244355893361284,0.00426656552962555,0.0,0.11244355893361284,-0.016709859762014778,0,0,0,2,0,0.5,0.23893805309734514,0.4014741993107197,0.4773813120229394,0.9056545441401298,0.4619227436896038,0.0,0.3637218045112782,0.2113960828765799
1863,110,97.34513274336283,113,1,112,0,0,0.008849557522123894,7.078383208503884,6.996908406022292,47.68653649452805,5.575537370293986,3.453967259819588,3.373613050026744,6.884955752212389,6.321882890351117,0.46905636993975586,0.5057724926223544,0.007867681823655541,1.0,0.49422750737764565,-0.04133574248633387,0,1,0,0,0,0.0,0.24778761061946902,0.4110062177950593,0.48373208467496065,0.8976041013193774,0.46504496239933235,0.008849557522123894,0.3283208020050125,0.2116313875713935
1864,109,96.46017699115045,113,1,111,1,0,0.008849557522123894,7.159342647673406,7.066070842873926,51.62407140170519,5.580945786976301,3.3618537351885265,3.3230928478839474,6.884955752212389,6.321882890351117,0.47086098043759006,0.4285248981019059,0.007782245693459606,0.5,0.24461420106388193,0.015327727293421134,0,1,0,1,0,0.0,0.25663716814159293,0.41826940378101607,0.4571080125959843,0.9019404150910886,0.47153860593269,0.008849557522123894,0.3283208020050125,0.21220714165168017
1865,110,97.34513274336283,113,0,113,0,0,0.0,7.175376276935996,7.083046457773168,49.51255310845411,5.586350451853341,3.3625527178600567,3.344751081137047,6.884955752212389,6.321882890351117,0.4697666666953686,0.0,0.0,0.0,0.0,0.0,0,0,0,0,0,0.0,0.23893805309734514,0.41241180868040944,0.4765113234929468,0.8965569827865565,0.4665447070792387,0.0,0.3283208020050125,0.21245814809006433
1866,111,98.23008849557522,113,0,113,0,0,0.0,7.09514745799909,7.005661490568994,45.94097987279369,5.5874996905451315,3.3997602361849584,3.3924156654300273,6.884955752212389,6.321882890351117,0.46628799507344043,0.0,0.0,0.0,0.0,0.0,0,0,0,0,0,0.0,0.21238938053097345,0.4032332774121209,0.49613357495643573,0.8885705954516382,0.4642612975835903,0.0,0.3283208020050125,0.2120933307574926
1867,109,96.46017699115045,113,2,110,1,0,0.017699115044247787,7.132303887895764,7.075507753144124,45.3002505324549,5.590508204860775,3.3322541036103934,3.3506275583271377,6.884955752212389,6.321882890351117,0.4662384299875806,0.2913505424184228,0.0049525498393083525,0.3333333333333333,0.284087735386128,0.019958361350312554,0,2,0,1,0,0.0,0.18584070796460178,0.3999304444868817,0.49895017477111464,0.8868341125254544,0.46276814890392853,0.017699115044247787,0.3283208020050125,0.21237421028286319
1868,110,97.34513274336283,113,0,112,1,0,0.0,7.103276720745831,7.045750001034154,45.84437312465303,5.59342207422384,3.344915154959473,3.362052035244632,6.884955752212389,6.321882890351117,0.4677065097023638,0.44801641612816423,0.006475361338256294,0.0,0.44801641612816423,0.029813913290450245,0,0,0,1,0,0.0,0.18584070796460178,0.403893087489442,0.49735574373291097,0.9249254747713023,0.4635426235453022,0.0,0.3283208020050125,0.21232118015146892
1869,110,97.34513274336283,113,1,112,0,0,0.008849557522123894,7.044565209233081,6.98450804784306,44.71082048907929,5.593209298146546,3.3216150131242648,3.3381787482655065,6.884955752212389,6.321882890351117,0.46576389110932737,0.4638853226622745,0.006083946583112539,0.0,0.4638853226622745,0.04463361553698286,0,1,0,0,0,0.0,0.19469026548672566,0.4002303776171549,0.492719653829124,0.9109795297096388,0.4675630822335087,0.008849557522123894,0.34617794486215536,0.21202089686669257
1870,110,97.34513274336283,113,0,112,1,0,0.0,7.026943976391062,6.9662810639323824,45.06176475283809,5.591933261045099,3.364822431404525,3.366142653599706,6.884955752212389,6.321882890351117,0.46358810897563885,0.48205380211921317,0.007335435143164569,0.0,0.48205380211921317,-0.024914281214343692,0,0,0,1,0,0.0,0.20353982300884957,0.39884911795733174,0.494035150620493,0.9073284941774771,0.46389106699923116,0.0,0.381578947368421,0.21189245591688705
1871,109,96.46017699115045,113,1,112,0,0,0.008849557522123894,7.0449253645552155,6.971053662163866,46.644822318477495,5.591617797224794,3.4254187229929247,3.416205423775102,6.884955752212389,6.321882890351117,0.46234877605742364,0.9999949653254276,0.013765602352824818,1.0,5.0346745723572894e-06,0.005928928511732323,0,1,0,0,0,1.0,0.18584070796460178,0.40095820072795685,0.4882647876785339,0.893517857560542,0.45779130901109216,0.008849557522123894,0.381578947368421,0.21197239123106723
1872,111,98.23008849557522,113,0,112,1,0,0.0,7.15897093616026,7.082091011841231,52.8020142263458,5.59629946837356,3.356383547316833,3.3664856208045078,6.884955752212389,6.321882890351117,0.4701300893615781,0.609886922242181,0.01538338184876941,1.0,0.390113077757819,0.016969223641414732,0,0,0,1,0,0.0,0.17699115044247787,0.4219716287292621,0.4735064820812901,0.8996240437896185,0.4637006172339185,0.0,0.34617794486215536,0.2126906039727606
1873,110,97.34513274336283,113,1,112,0,0,0.008849557522123894,7.2033173430673685,7.126342397572016,50.87300186862606,5.602917253734335,3.3042100207768863,3.334419446700242,6.884955752212389,6.321882890351117,0.4693367881395809,0.5817873509564143,0.014506944555054557,1.0,0.4182126490435857,0.02466527609680691,0,1,0,0,0,0.0,0.19469026548672566,0.4153590960337251,0.4867110395246124,0.8894156894649479,0.4663103881100795,0.008849557522123894,0.36403508771929827,0.21312152032751763
1874,111,98.23008849557522,113,0,113,0,0,0.0,7.227925100496554,7.149964079691909,53.234524549461895,5.610317271166208,3.320780514120864,3.371259700129947,6.884955752212389,6.321882890351117,0.47111225637694365,0.0,0.0,0.0,0.0,0.0,0,0,0,0,0,0.0,0.19469026548672566,0.42181413428911024,0.48358319387042387,0.8853561626358428,0.4652578458258725,0.0,0.3994360902255639,0.21347846933261788
1875,111,98.23008849557522,113,0,113,0,0,0.0,7.160223969037902,7.084148716444433,49.49498198400226,5.61392085201148,3.368662591776029,3.3994499705914194,6.884955752212389,6.321882890351117,0.46712181623278726,0.0,0.0,0.0,0.0,0.0,0,0,0,0,0,0.0,0.23008849557522124,0.41089964496188663,0.4941363273892603,0.8800743845422501,0.46650111444350234,0.0,0.3994360902255639,0.21325387075577323
1876,112,99.11504424778761,113,0,113,0,0,0.0,7.242588668239918,7.1648365581709434,50.564299657697035,5.621377411384417,3.3849781358719917,3.4053216569729914,6.884955752212389,6.321882890351117,0.47238542739410283,0.0,0.0,0.0,0.0,0.0,0,0,0,0,0,0.0,0.19469026548672566,0.4179685701266262,0.5097112515503845,0.8639673476217375,0.466604258833426,0.0,0.3994360902255639,0.2139013917273866
1877,112,99.11504424778761,113,0,113,0,0,0.0,7.203274563641126,7.126145884324319,47.54614116909925,5.626405792534092,3.4333888286499095,3.435008478258533,6.884955752212389,6.321882890351117,0.47126677891983926,0.0,0.0,0.0,0.0,0.0,0,0,0,0,0,0.0,0.22123893805309736,0.41053198348317843,0.5269505395210976,0.8562678275314328,0.46500451874081683,0.0,0.4348370927318296,0.2138637653881741
1878,112,99.11504424778761,113,1,112,0,0,0.008849557522123894,7.243212342503146,7.184735233135551,47.836321544837396,5.633119895053291,3.3819932551311425,3.3943470628439827,6.884955752212389,6.321882890351117,0.47271272548449783,0.5924514460121855,0.010389332680950967,1.0,0.40754855398781453,0.038355607913404643,0,1,0,0,0,0.0,0.20353982300884957,0.41161691920098836,0.5422314315962016,0.8856244931364851,0.462401557060961,0.008849557522123894,0.381578947368421,0.21427568313168513
1879,111,98.23008849557522,113,1,112,0,0,0.008849557522123894,7.24254755532105,7.1841931293165455,48.925848395305444,5.640402199672735,3.432730965378064,3.3606038377505416,6.884955752212389,6.321882890351117,0.4704381768277561,0.045814655172394754,0.004878641358727839,0.0,0.045814655172394754,0.009316845124975437,0,1,0,0,0,1.0,0.22123893805309736,0.41061920255962586,0.5206225755955153,0.8791699006621574,0.4621120399923744,0.008849557522123894,0.34617794486215536,0.2145025485806546
1880,111,98.23008849557522,113,0,112,1,0,0.0,7.225379312329868,7.166870566487387,49.039464632698454,5.646287509357737,3.3757324910664512,3.3425709339797214,6.884955752212389,6.321882890351117,0.4724445690611929,0.29624615453067304,0.011255907764807043,0.0,0.29624615453067304,-0.15416122467084215,0,0,0,1,0,0.0,0.23008849557522124,0.41385243725122584,0.5200652803922385,0.8805716689675173,0.46477111356580897,0.0,0.381578947368421,0.21460273855870887
1881,110,97.34513274336283,113,1,111,1,0,0.008849557522123894,7.29375672814261,7.208193282998734,52.84331655118771,5.655178174307322,3.3849172924452606,3.3920620468032316,6.884955752212389,6.321882890351117,0.4754920596829886,0.503429335789975,0.01359617214751154,0.5,0.003429335877600863,0.04939007998263789,0,1,0,1,0,1.0,0.22123893805309736,0.4238407211025349,0.4991277846965412,0.8667570086169267,0.4653233290039728,0.008849557522123894,0.4348370927318295,0.21522565435091567
1882,109,96.46017699115045,113,1,112,0,0,0.008849557522123894,7.2720889568839695,7.180596341150513,54.53330871225624,5.66112322323949,3.399211776052887,3.387898694484774,6.884955752212389,6.321882890351117,0.47657527271074573,0.8394974285962711,0.014331056488829243,1.0,0.16050257140372892,0.05147237527223103,0,1,0,0,0,0.0,0.22123893805309736,0.4287077821990997,0.4741307982251303,0.8741170555018943,0.4715790207609216,0.008849557522123894,0.3994360902255639,0.21530523501025536
1883,110,97.34513274336283,113,0,113,0,0,0.0,7.285524543081167,7.194067139504185,57.45399091822508,5.667074042477968,3.3748160026729197,3.349809162209998,6.884955752212389,6.321882890351117,0.4788105667446112,0.0,0.0,0.0,0.0,0.0,0,0,0,0,0,0.0,0.23008849557522124,0.4367658587025731,0.4576187865807625,0.8594999416794378,0.47649617434141556,0.0,0.3994360902255639,0.2155605148528779
1884,111,98.23008849557522,113,0,111,2,0,0.0,7.438919045331714,7.343311432910545,67.40303077083726,5.68019669745292,3.1688351640516497,3.175612080912412,6.884955752212389,6.321882890351117,0.4869136648029433,0.37708531640601906,0.005203567197964713,0.5,0.31577520236264023,0.05296020506263188,0,0,0,2,0,0.0,0.23893805309734514,0.4614009736286824,0.43077316759644385,0.8594999416794378,0.48728090578420746,0.0,0.3994360902255639,0.21674228680394125
1885,111,98.23008849557522,113,0,111,2,0,0.0,7.549810082466228,7.450851939574468,75.80398161393882,5.697928621461036,3.073602849895549,3.10535691217501,6.884955752212389,6.321882890351117,0.49378074746789524,0.37853873133944205,0.005113179332961213,0.5,0.29671319263127804,0.05187135544634147,0,0,0,2,0,0.0,0.23008849557522124,0.4805367951916205,0.411905872222435,0.8699022654529404,0.49619847042441634,0.0,0.3994360902255639,0.2178572377246134
1886,110,97.34513274336283,113,2,110,1,0,0.017699115044247787,7.531345619962987,7.432974942461554,70.42774132890635,5.713672484364884,3.1369654056347174,3.1507595941530404,6.884955752212389,6.321882890351117,0.4894864872877376,0.6333364702379726,0.010385591478110478,0.6666666666666666,0.2281492048509088,0.012804635690189414,0,2,0,1,0,0.3333333333333333,0.23008849557522124,0.4667165089261807,0.42574855427197705,0.873665435789524,0.49113128610860346,0.017699115044247787,0.3994360902255639,0.21826256969969654
1887,110,97.34513274336283,113,1,110,2,0,0.008849557522123894,7.498699836542218,7.421319908756613,71.91179740954944,5.726808276987175,3.215002797220887,3.201665594043319,6.884955752212389,6.321882890351117,0.48844495073304306,0.583504162045944,0.006253355649392518,0.6666666666666666,0.1864220397948031,0.10805663051592836,0,1,1,1,0,0.3333333333333333,0.23008849557522124,0.4673540301393553,0.40727784531020667,0.8656782845134292,0.48771814451072587,0.008849557522123894,0.4348370927318296,0.218514555495743
1888,107,94.69026548672566,113,3,109,1,0,0.02654867256637168,7.500221381007222,7.454977835912235,69.79733112159248,5.740152535699996,3.3523503938505606,3.341891327530218,6.884955752212389,6.321882890351117,0.48580460275843285,0.7248935071143345,0.01604980262614126,0.75,0.1116679658693931,0.035957989874837115,0,3,0,1,0,0.5,0.20353982300884957,0.4604487881443356,0.4252667061783099,0.8906920620612253,0.4890154402698633,0.02654867256637168,0.381578947368421,0.21894396742227304
1889,105,92.92035398230088,113,2,109,1,1,0.017699115044247787,7.43976665519302,7.355036647629492,67.58753951949107,5.7512514382223605,3.4750016405895954,3.387996487022337,6.884955752212389,6.321882890351117,0.4831587604844252,0.6783032812874832,0.014784000736001756,0.75,0.1385119297057068,0.18088045455657886,0,3,0,1,0,0.5,0.21238938053097345,0.4574309822077653,0.48707904340621616,0.8928877771323795,0.47560028184453007,0.017699115044247787,0.3637218045112781,0.2189925236029911
1890,105,92.92035398230088,113,0,112,1,0,0.0,7.51546751405455,7.428939858680546,68.28671715254168,5.7633831598566285,3.445232518543731,3.36327048683834,6.884955752212389,6.321882890351117,0.4856817735573675,0.1342941771650851,0.004709094769239431,0.0,0.1342941771650851,-0.02309111142497411,0,0,0,1,0,0.0,0.22123893805309736,0.46004743351952104,0.494396544182432,0.8979012980312071,0.4785615874051876,0.0,0.32832080200501257,0.21975450451444967
1891,107,94.69026548672566,113,0,112,1,0,0.0,7.482442513264314,7.395729941566972,66.49897980947526,5.7730683346022715,3.430791307952168,3.362672357541556,6.884955752212389,6.321882890351117,0.484837597561276,0.1393128503088411,0.0046978108618286555,0.0,0.1393128503088411,-0.022109002818757162,0,0,0,1,0,0.0,0.21238938053097345,0.4567588864472476,0.5002521919777754,0.8979012980312071,0.4807262729619672,0.0,0.32832080200501257,0.21989552221307118
1892,107,94.69026548672566,113,1,111,1,0,0.008849557522123894,7.529356200332724,7.470351692630727,71.25730599169114,5.784344170634125,3.372616926951415,3.3194064644671752,6.884955752212389,6.321882890351117,0.4893608260597251,0.5420390770354246,0.0098271952582962,0.5,0.10465603645644864,-0.01869795419861142,0,1,0,1,0,0.0,0.22123893805309736,0.4695757645648953,0.49200759378345443,0.9142522060604333,0.4816100470147143,0.008849557522123894,0.32832080200501257,0.22048651322283414
1893,109,96.46017699115045,113,1,112,0,0,0.008849557522123894,7.6223921823087615,7.550840587020334,82.01904176489299,5.801057359074737,3.2741525723322664,3.251011903005109,6.884955752212389,6.321882890351117,0.5012712628709792,0.17436658323757226,0.004459807864324723,0.0,0.17436658323757226,-0.03319830929073442,0,1,0,0,0,0.0,0.26548672566371684,0.5013090557835906,0.47033739105475536,0.9055267918716656,0.4964779809427278,0.008849557522123894,0.32832080200501257,0.2214799872329439
1894,111,98.23008849557522,113,0,111,2,0,0.0,7.614760723603265,7.543220256359468,86.99960398343303,5.815820147046567,3.2443454363562685,3.1818970578887695,6.884955752212389,6.321882890351117,0.5025135169876402,0.007838548767239203,0.001700336413627949,0.0,0.007838548767239203,-0.018592624780432776,0,0,0,2,0,1.0,0.22123893805309736,0.5118982885268037,0.45459237718325285,0.9030900116168554,0.49868225756327417,0.0,0.3637218045112782,0.2219084730228814
1895,109,96.46017699115045,113,2,110,0,1,0.017699115044247787,7.547547166495492,7.541668582372559,81.21623276287964,5.826263290442702,3.3211787170754588,3.1966411180724332,6.884955752212389,6.321882890351117,0.4974847579186219,0.7309623532516928,0.010637416667714483,0.6666666666666666,0.07773354505234857,0.001207788572725151,0,3,0,0,0,0.6666666666666666,0.23008849557522124,0.49675766278593125,0.47311839612281253,0.9034157467646718,0.4892918792816487,0.017699115044247787,0.34617794486215536,0.22190250688513008
1896,106,93.80530973451327,113,3,108,2,0,0.02654867256637168,7.586121382102705,7.5474017400363484,87.10837587654714,5.841295290909281,3.350036587163175,3.287167529948497,6.884955752212389,6.321882890351117,0.5004072676733826,0.5301065945049043,0.012465313119537325,0.6,0.08470521303770587,-0.021922405130523393,0,3,0,2,0,0.6,0.23008849557522124,0.5100481619253067,0.4535078195407208,0.8930060635081589,0.4926848368385535,0.02654867256637168,0.381578947368421,0.22257053069595323
1897,107,94.69026548672566,113,0,111,2,0,0.0,7.634171569609945,7.5954275082456,88.82239291745346,5.856154669012641,3.3963174619231467,3.3023099391523445,6.884955752212389,6.321882890351117,0.50035546942322,0.034495473014793256,0.0016980120424405494,0.0,0.034495473014793256,0.0158699410397366,0,0,0,2,0,0.5,0.20353982300884957,0.5114694171876067,0.45753985088621885,0.9030501985566646,0.4893275523000109,0.0,0.381578947368421,0.22328047787445388
1898,107,94.69026548672566,113,1,110,2,0,0.008849557522123894,7.543430165827369,7.525692985395965,79.9006467807917,5.865524059034793,3.529094513339368,3.383042045603702,6.884955752212389,6.321882890351117,0.4920597589846962,0.11303448521865052,0.0017453044145077697,0.0,0.11303448521865052,0.019713980184442963,0,1,0,2,0,0.3333333333333333,0.20353982300884957,0.48675547611764697,0.4684846674489599,0.8880275594703163,0.48235575996980073,0.008849557522123894,0.381578947368421,0.22312293178791132
1899,107,94.69026548672566,113,0,110,3,0,0.0,7.5329017202535775,7.515061157124392,80.920765901972,5.874787189510579,3.5040877949365568,3.355906990925224,6.884955752212389,6.321882890351117,0.4894875002375083,0.1600734301271032,0.0014615136167274551,0.0,0.1600734301271032,0.022131076757699503,0,0,0,3,0,0.6666666666666666,0.19469026548672566,0.4852082374762681,0.460522227011444,0.912895778678251,0.4831000604054685,0.0,0.381578947368421,0.22336309169037216
1900,107,94.69026548672566,113,2,110,1,0,0.017699115044247787,7.599278656838676,7.606183950380154,80.7845128802222,5.88676493973523,3.40301909677582,3.302635464772184,6.884955752212389,6.321882890351117,0.49041919598661066,0.5045540329320973,0.0053717954381907055,0.3333333333333333,0.17913999388103918,0.027631337190573202,0,2,0,1,0,0.3333333333333333,0.23008849557522124,0.4830446237741734,0.4729877616645058,0.9127596848082291,0.4801977532437972,0.017699115044247787,0.3637218045112782,0.22407358604434827
1901,110,97.34513274336283,113,0,113,0,0,0.0,7.631777281539561,7.639291457144106,82.4906275056908,5.9009682018735194,3.426941860091584,3.28381953150987,6.884955752212389,6.321882890351117,0.4930389945555793,0.0,0.0,0.0,0.0,0.0,0,0,0,0,0,0.0,0.23008849557522124,0.4887219943461252,0.47923356668597134,0.9163108452692967,0.48389570430550244,0.0,0.32832080200501257,0.2246850359673488
1902,109,96.46017699115045,113,1,112,0,0,0.008849557522123894,7.658571507298998,7.658415254334272,82.22142102047407,5.915609395152971,3.441213845538063,3.3013360041615796,6.884955752212389,6.321882890351117,0.4905372512372157,0.9863584647005919,0.01703083474662325,1.0,0.013641535299408147,0.018924075782639438,0,1,0,0,0,1.0,0.23893805309734514,0.48432772339383867,0.4877538185384306,0.9027057865750618,0.48302851334458075,0.008849557522123894,0.381578947368421,0.2252818066425844
1903,110,97.34513274336283,113,0,113,0,0,0.0,7.590112326798817,7.5901945794699115,76.91701851304171,5.925506066911885,3.3678117260256846,3.2575163261036058,6.884955752212389,6.321882890351117,0.48792401178689726,0.0,0.0,0.0,0.0,0.0,0,0,0,0,0,0.0,0.22123893805309736,0.4756308603629727,0.5090746990741953,0.9079693166838074,0.4794072001019187,0.0,0.381578947368421,0.22525233873940403
1904,108,95.57522123893806,113,2,111,0,0,0.017699115044247787,7.583045256459413,7.564011053191731,73.23458470780541,5.934433702513168,3.3855222493361876,3.276837137568998,6.884955752212389,6.321882890351117,0.48479103963701564,0.9736927478029894,0.021441409860852762,1.0,0.026307252197010578,-0.00610433618462336,0,2,0,0,0,0.5,0.23008849557522124,0.46585345670565836,0.5157261563860733,0.9029656016937538,0.47759670677004473,0.017699115044247787,0.3637218045112781,0.2254992007215022
1905,110,97.34513274336283,113,0,113,0,0,0.0,7.547712667674179,7.529800351346705,73.26465624508265,5.940085881706267,3.393947946871046,3.2137334322092705,6.884955752212389,6.321882890351117,0.4846774381360084,0.0,0.0,0.0,0.0,0.0,0,0,0,0,0,0.0,0.23008849557522124,0.46555890474796413,0.5053784744026704,0.9003036509190634,0.4763429332318268,0.0,0.3637218045112781,0.2255011998522463
1906,109,96.46017699115045,113,1,112,0,0,0.008849557522123894,7.63806445266785,7.602800721481786,78.21470343272507,5.949925408664482,3.463045680564506,3.263580927951196,6.884955752212389,6.321882890351117,0.4886861523061652,0.9999999999417075,0.027278360466964732,1.0,5.829248195254877e-11,0.005784178800695372,0,1,0,0,0,1.0,0.23008849557522124,0.4758006816534632,0.49695223392543847,0.8982907174247202,0.4764854326952847,0.008849557522123894,0.3991228070175439,0.22626398046284613
1907,110,97.34513274336283,113,0,112,1,0,0.0,7.675048668192219,7.639613159503136,86.42439851523415,5.960152010041183,3.396663681728046,3.2740756639431496,6.884955752212389,6.321882890351117,0.4905159702584003,0.3227305812756467,0.007775160338128263,0.0,0.3227305812756467,-0.005347543406353239,0,0,0,1,0,0.0,0.23008849557522124,0.49021318009936615,0.467426925697812,0.912490453104788,0.4793460304139375,0.0,0.3637218045112782,0.22677215842181697
1908,110,97.34513274336283,113,0,112,1,0,0.0,7.725446468021874,7.689426466954377,89.16896333327405,5.972251408823887,3.3360510460113577,3.253302705545995,6.884955752212389,6.321882890351117,0.4927679905794884,0.3632980510808562,0.007679484362516399,0.0,0.3632980510808562,-0.007827021236881393,0,0,0,1,0,0.0,0.25663716814159293,0.49646176063527925,0.4677231293826687,0.9262008756353461,0.48033422409585613,0.0,0.32832080200501257,0.2274066023317048
1909,111,98.23008849557522,113,1,111,1,0,0.008849557522123894,7.6896735282403705,7.700335413201248,82.54669189029299,5.981772632122204,3.358742323020347,3.2861626999334788,6.884955752212389,6.321882890351117,0.49030502260892916,0.6549210122707767,0.012858340946428955,0.5,0.1549734694335647,-0.00955130634586343,0,1,0,1,0,0.5,0.23008849557522124,0.4845705076911226,0.5072818208858444,0.9213790351403612,0.4701650591252819,0.008849557522123894,0.32832080200501257,0.2275286979261215
1910,110,97.34513274336283,113,1,111,1,0,0.008849557522123894,7.709136293838901,7.716457638762891,80.42500266320144,5.994057141717836,3.359699519388131,3.2897881743681285,6.884955752212389,6.321882890351117,0.49000240048936794,0.31124157911626715,0.007349150955454728,0.0,0.31124157911626715,0.007143172949965804,0,1,0,1,0,0.0,0.23893805309734514,0.4803973816398192,0.5190943732969006,0.9257035637174537,0.46846389588832166,0.008849557522123894,0.34617794486215536,0.22801431790925908
1911,109,96.46017699115045,113,2,111,0,0,0.017699115044247787,7.838179689021105,7.825321930625248,82.08397646323007,6.011955814380404,3.309523570591909,3.251385521268655,6.884955752212389,6.321882890351117,0.4956512823037673,0.6317582705723268,0.016824761731439892,0.5,0.13175827107145804,0.041671752605553,0,2,0,0,0,0.5,0.25663716814159293,0.48812030426442693,0.5444486858907974,0.9229701330376916,0.4718518608275899,0.017699115044247787,0.3107769423558897,0.22922530144749753
1912,109,96.46017699115045,113,0,112,1,0,0.0,7.7104021324356085,7.6982656280770945,72.88524936760862,6.02122727845177,3.4251582459008167,3.3296709195325724,6.884955752212389,6.321882890351117,0.48807371386450193,0.021673921335968252,0.00414245705958269,0.0,0.021673921335968252,0.011538632831276985,0,0,0,1,0,1.0,0.26548672566371684,0.4658866126850309,0.5560857744942521,0.9230232091558576,0.46566923323664644,0.0,0.3107769423558897,0.22887947921497637
1913,108,95.57522123893806,113,1,111,1,0,0.008849557522123894,7.745830483674597,7.730048274860155,77.91261120661184,6.031740825153587,3.3629504918550643,3.294812568992059,6.884955752212389,6.321882890351117,0.49023148519881676,0.25351377541751285,0.004628230238260214,0.0,0.25351377541751285,0.0034910901208152767,0,1,0,1,0,0.5,0.24778761061946902,0.4762533027177706,0.5435481125590317,0.9230232091558576,0.46734572690888787,0.008849557522123894,0.3107769423558897,0.22938894802622697
1914,108,95.57522123893806,113,1,111,1,0,0.008849557522123894,7.800013925317685,7.8085715296300116,81.24769610173391,6.044125945733965,3.4402928119552265,3.3558729281592066,6.884955752212389,6.321882890351117,0.4920121630323506,0.34389880014848934,0.0024075011242906063,0.0,0.34389880014848934,0.020318276769932253,0,1,0,1,0,0.0,0.23008849557522124,0.48160464750774246,0.5439193732986515,0.921604355609445,0.46881276566678126,0.008849557522123894,0.3107769423558897,0.23005135164390253
1915,108,95.57522123893806,113,1,112,0,0,0.008849557522123894,7.81077630049932,7.8019095630222095,82.44529227710191,6.057479356603305,3.460395576719983,3.3306884966159793,6.884955752212389,6.321882890351117,0.4948083366747311,0.999999999938243,0.01905729580148305,1.0,6.175704392319403e-11,0.05905063590417425,0,1,0,0,0,1.0,0.26548672566371684,0.4860410319034327,0.5315476846270283,0.9243988076891705,0.47655386892359664,0.008849557522123894,0.32863408521303256,0.23052725701832424
1916,110,97.34513274336283,113,0,113,0,0,0.0,7.809611303939052,7.800118504158281,83.46595941479015,6.069024091284845,3.530874263896812,3.392242336348776,6.884955752212389,6.321882890351117,0.4900846498697715,0.0,0.0,0.0,0.0,0.0,0,0,0,0,0,0.0,0.2831858407079646,0.48011005801169865,0.5125009393163829,0.9243988076891705,0.47488875612972864,0.0,0.32863408521303256,0.23088635433880725
1917,110,97.34513274336283,113,0,113,0,0,0.0,7.841120970799941,7.832118590530301,89.60294267172003,6.081457387748016,3.5886931937003657,3.4115005741076527,6.884955752212389,6.321882890351117,0.4937716086889443,0.0,0.0,0.0,0.0,0.0,0,0,0,0,0,0.0,0.25663716814159293,0.49262240468255764,0.49508362980649256,0.9300738666700533,0.47492865393701,0.0,0.32863408521303256,0.23143691189401763
1918,111,98.23008849557522,113,0,113,0,0,0.0,7.780289368577429,7.77171846908306,83.28912907200825,6.090049925814556,3.602343141969493,3.3974627967571256,6.884955752212389,6.321882890351117,0.48920716789585783,0.0,0.0,0.0,0.0,0.0,0,0,0,0,0,0.0,0.2743362831858407,0.47927119590634054,0.5077966828445369,0.927541046515657,0.47261862860340653,0.0,0.32863408521303256,0.23140435897984282
1919,110,97.34513274336283,113,2,111,0,0,0.017699115044247787,7.876609961725894,7.848560356974424,86.79785893135839,6.102918809351018,3.591072907652717,3.3845122956925793,6.884955752212389,6.321882890351117,0.48919768171824707,0.9971501137602254,0.02601950694575592,1.0,0.0028498862397745572,0.093737093915643,0,2,0,0,0,1.0,0.25663716814159293,0.4839994169484448,0.5059927387792035,0.9110397520624743,0.45870913827145254,0.017699115044247787,0.34649122807017546,0.23229273981882054
1920,111,98.23008849557522,113,0,113,0,0,0.0,8.015823401064429,7.98865185595074,94.406833721648,6.12112600121149,3.5214480519526083,3.3429513177212207,6.884955752212389,6.321882890351117,0.493116589220411,0.0,0.0,0.0,0.0,0.0,0,0,0,0,0,0.0,0.24778761061946902,0.4961982406866624,0.5016379334062725,0.9054560276764666,0.4620123966386039,0.0,0.34649122807017546,0.23356432568903351
1921,111,98.23008849557522,113,0,113,0,0,0.0,8.008338333040028,7.980995519080168,97.99458102600742,6.137794936004402,3.5129129079572645,3.330149917623354,6.884955752212389,6.321882890351117,0.49406181168538277,0.0,0.0,0.0,0.0,0.0,0,0,0,0,0,0.0,0.23008849557522124,0.5022163628139517,0.4883010920980227,0.9012397023322521,0.46550857735951023,0.0,0.34649122807017546,0.23405379561724995
1922,111,98.23008849557522,113,0,111,2,0,0.0,8.01767781712066,7.989173436309334,92.69870817975811,6.153823678940716,3.5315943200936326,3.3521898565456496,6.884955752212389,6.321882890351117,0.4909699295289429,0.25073799099485583,0.007204282902749401,0.0,0.25073799099485583,0.013308538774624346,0,0,0,2,0,0.0,0.25663716814159293,0.48949416548275687,0.5007473909913163,0.9133922725181826,0.46829345931859534,0.0,0.34649122807017546,0.2346071522162677
1923,110,97.34513274336283,113,1,112,0,0,0.008849557522123894,8.044684285445049,8.00872877161248,95.60749585810252,6.170229296380249,3.580334707507192,3.3402571304945745,6.884955752212389,6.321882890351117,0.49346916263602103,0.39570444168088337,0.010055577018454312,0.0,0.39570444168088337,0.019419008245780578,0,1,0,0,0,0.0,0.26548672566371684,0.4944237959602808,0.4981509699475731,0.8975642732975451,0.46966936667399883,0.008849557522123894,0.39943609022556387,0.2352607565188728
1924,111,98.23008849557522,113,1,112,0,0,0.008849557522123894,8.031139436579291,7.993180981346743,96.5470794721127,6.1845137994501265,3.6780954633389182,3.4299885647009547,6.884955752212389,6.321882890351117,0.4899341428459063,0.4089706709313963,0.007817454666177885,0.0,0.4089706709313963,-0.07891918431274059,0,1,0,0,0,0.0,0.24778761061946902,0.4907018506452136,0.48097582342215145,0.9094277641240397,0.4682872070094817,0.008849557522123894,0.3818922305764411,0.23564455705231716
1925,111,98.23008849557522,113,0,113,0,0,0.0,7.976501688042479,7.939205126767775,90.18894962733837,6.195061880142494,3.66376319772371,3.428972201953784,6.884955752212389,6.321882890351117,0.4870367980212582,0.0,0.0,0.0,0.0,0.0,0,0,0,0,0,0.0,0.23893805309734514,0.4796412475386966,0.4938689720930444,0.9127442670066641,0.4662144005311493,0.0,0.34649122807017546,0.2357047869639087
1926,111,98.23008849557522,113,0,113,0,0,0.0,7.971282242401755,7.933727979137599,89.84052098423571,6.2046661164391805,3.751313264556609,3.493989023831057,6.884955752212389,6.321882890351117,0.4855740870699341,0.0,0.0,0.0,0.0,0.0,0,0,0,0,0,0.0,0.23893805309734514,0.47656912232923304,0.4992349240894753,0.9063881779432721,0.46162331070102436,0.0,0.3818922305764411,0.23598227402129962
1927,111,98.23008849557522,113,0,113,0,0,0.0,7.9319441502690475,7.894890023440046,80.56605827143713,6.211698952103713,3.7812526923568535,3.476299328164844,6.884955752212389,6.321882890351117,0.4802165510502483,0.0,0.0,0.0,0.0,0.0,0,0,0,0,0,0.0,0.24778761061946902,0.4566927323587337,0.5181369614365972,0.9063881779432721,0.4633000021086299,0.0,0.3818922305764411,0.23600788737792738
1928,111,98.23008849557522,113,1,112,0,0,0.008849557522123894,8.071196396330125,8.0111684029918,89.75200167765917,6.225262864433882,3.753694925364059,3.44919450627239,6.884955752212389,6.321882890351117,0.4878331716110891,0.9999999995111859,0.030228649609250056,1.0,4.888141003078772e-10,0.023700444400694742,0,1,0,0,0,1.0,0.26548672566371684,0.4749200664657023,0.5023982226788282,0.9036709372858038,0.46950991964203265,0.008849557522123894,0.3818922305764411,0.23713289593466436
1929,112,99.11504424778761,113,0,112,1,0,0.0,7.983173594287572,7.923542695398137,82.57888469890848,6.232442708503887,3.8484741887803087,3.494122377121983,6.884955752212389,6.321882890351117,0.4807535001065597,0.3040860934904571,0.008189900737352838,0.0,0.3040860934904571,-0.09286480087355597,0,0,0,1,0,0.0,0.26548672566371684,0.45830607922087047,0.5119746955896994,0.8802273501285978,0.46447150375858504,0.0,0.3464912280701754,0.23691973259135937
1930,111,98.23008849557522,113,1,111,1,0,0.008849557522123894,7.9842877074956595,7.91032379050208,82.04613899636439,6.239272503783393,3.921716850186519,3.5441820808336275,6.884955752212389,6.321882890351117,0.4804338455545325,0.53585433396385,0.011817828074001616,0.5,0.04026871908767075,0.03168733792674994,0,1,0,1,0,0.5,0.26548672566371684,0.4573695567867406,0.5174432452066186,0.8955257744452857,0.4641970016375637,0.008849557522123894,0.39974937343358397,0.23714118898701037
1931,108,95.57522123893806,113,3,109,1,0,0.02654867256637168,8.000851212128628,7.905878803770324,82.1153056150543,6.245756881068836,3.993831943014945,3.5851086987637664,6.884955752212389,6.321882890351117,0.4813806226887374,0.5704745656707493,0.009464218800421937,0.5,0.0961206813111991,0.05871399454277598,0,3,0,1,0,0.25,0.25663716814159293,0.45778853268307274,0.5119207319766266,0.9090737473365541,0.4632427805170736,0.02654867256637168,0.39943609022556387,0.2374289738792523
1932,107,94.69026548672566,113,1,111,1,0,0.008849557522123894,8.002893386215485,7.9051584568355855,83.95986569275284,6.250888929421099,4.011333136505372,3.624951175377759,6.884955752212389,6.321882890351117,0.4829759790075572,0.23681930867946632,0.005379671807677465,0.0,0.23681930867946632,-0.03723162395745305,0,1,0,1,0,0.0,0.25663716814159293,0.4632353265294707,0.5132677419163163,0.8932483304186912,0.4575369683754145,0.008849557522123894,0.4348370927318296,0.23760140579303973
1933,108,95.57522123893806,113,0,109,4,0,0.0,7.951265676070364,7.854303411680652,85.16293957846453,6.252946942528618,4.034875205053121,3.6821139813396986,6.884955752212389,6.321882890351117,0.47998995558424484,0.13202959226549915,0.0034478322075072493,0.0,0.13202959226549915,0.01303390523726522,0,0,0,4,0,0.5,0.23893805309734514,0.4609063877585847,0.4915329262832204,0.90554309771483,0.4573642626493505,0.0,0.3994360902255639,0.23740831983157684
1934,108,95.57522123893806,113,0,112,1,0,0.0,8.037104813414219,7.9377287263433685,89.81504719758281,6.259094091012717,4.0235421612612745,3.63023080684129,6.884955752212389,6.321882890351117,0.4827875692119592,0.0003736115327359276,0.0018438785183871854,0.0,0.0003736115327359276,0.00755747789603034,0,0,0,1,0,1.0,0.25663716814159293,0.4685231294590517,0.4890460863531972,0.9062681849344236,0.46091272731691774,0.0,0.3994360902255639,0.23803182328242647
1935,107,94.69026548672566,113,2,109,1,1,0.017699115044247787,8.024065263471503,7.933674723288672,88.33888613579978,6.264236828296439,4.075917373709422,3.751652216911309,6.884955752212389,6.321882890351117,0.48288308973233707,0.5909525579566215,0.010632501860564332,0.75,0.17827470090898176,0.001539598976665335,0,3,0,1,0,0.5,0.23893805309734514,0.4674592922488611,0.49469809061150294,0.9043893914522088,0.4546591481508713,0.017699115044247787,0.39943609022556387,0.23812918444693054
1936,110,97.34513274336283,113,0,113,0,0,0.0,8.06373649921707,7.973735742763165,86.17477387872073,6.271491300552138,4.041217731926013,3.726810436141253,6.884955752212389,6.321882890351117,0.4855691396095019,0.0,0.0,0.0,0.0,0.0,0,0,0,0,0,0.0,0.22123893805309736,0.46774433112653957,0.5184150111087944,0.9267215078675833,0.45765892851240236,0.0,0.3640350877192982,0.23855685024581752
1937,111,98.23008849557522,113,0,113,0,0,0.0,7.957068054341866,7.8695404613111535,69.53651679948416,6.273017470630984,4.039139099454782,3.7437070799363004,6.884955752212389,6.321882890351117,0.4756850530095449,0.0,0.0,0.0,0.0,0.0,0,0,0,0,0,0.0,0.23893805309734514,0.43377421613017153,0.5596896084402805,0.9076316164071397,0.45316606732753006,0.0,0.39943609022556387,0.23807174936398764
1938,110,97.34513274336283,113,1,111,1,0,0.008849557522123894,7.9230667187500226,7.827585797110228,68.49757988988023,6.272765412328293,4.0136542828255815,3.743688075702737,6.884955752212389,6.321882890351117,0.47138043989507894,0.7271911866762386,0.01488505489280267,0.5,0.23190358820851295,0.024971391766720696,0,1,0,1,0,0.5,0.23008849557522124,0.428519696865367,0.5593600319493758,0.9137484430813897,0.44942484014830564,0.008849557522123894,0.3640350877192982,0.23789377527067265
1939,110,97.34513274336283,113,0,111,2,0,0.0,7.96681207715115,7.871801184715346,71.33145313567871,6.274325370781629,3.9439251953927865,3.6540600951580973,6.884955752212389,6.321882890351117,0.47288641861443037,0.11022262323383272,0.004924452827405199,0.0,0.11022262323383272,0.004627327046550889,0,0,0,2,0,0.5,0.23893805309734514,0.43423976407544207,0.5547863673308725,0.9235962711605453,0.45161842349959774,0.0,0.3640350877192982,0.23816181143595727
1940,112,99.11504424778761,113,0,111,2,0,0.0,7.965413897394002,7.872007384509061,73.7817629349267,6.275797139055991,3.9239755641583303,3.6659255677548983,6.884955752212389,6.321882890351117,0.47096383028116584,0.2525345129939681,0.007859936530775864,0.0,0.2525345129939681,0.023608356537297093,0,0,0,2,0,0.0,0.22123893805309736,0.43510024204036085,0.5343939026718527,0.9190424337327795,0.4497443166304728,0.0,0.3640350877192982,0.2382013422705328
1941,112,99.11504424778761,113,0,111,2,0,0.0,7.963957887633762,7.87146166672763,70.71681868271087,6.277148264152385,3.9239575855572806,3.655922324850993,6.884955752212389,6.321882890351117,0.46879026133277035,0.06256530907127572,0.00452546569610675,0.0,0.06256530907127572,0.00885165612550387,0,0,0,2,0,0.5,0.23893805309734514,0.42793683842953467,0.5501602181332911,0.9235962711605453,0.44796893392742154,0.0,0.3640350877192982,0.23823677049487968
1942,112,99.11504424778761,113,0,112,1,0,0.0,7.942641975737079,7.848784939477469,69.1055546101191,6.277267095790388,3.906051604094354,3.6562365259504657,6.884955752212389,6.321882890351117,0.4710937771831363,0.03539175728863887,0.004619006170871361,0.0,0.03539175728863887,0.005971069071216917,0,0,0,1,0,1.0,0.23008849557522124,0.42879608209142134,0.5592044540992785,0.9185189910325164,0.45104811995323546,0.0,0.39943609022556387,0.2381339471338919
1943,113,100.0,113,0,113,0,0,0.0,7.933125505662502,7.838506311667457,67.99470402496516,6.2768585727810935,3.8132709232943194,3.601574609641993,6.884955752212389,6.321882890351117,0.46991923702861094,0.0,0.0,0.0,0.0,0.0,0,0,0,0,0,0.0,0.23008849557522124,0.4258463701258383,0.5573067699551666,0.9137084472804641,0.45214307433545353,0.0,0.3994360902255639,0.23807345161040516
1944,112,99.11504424778761,113,1,112,0,0,0.008849557522123894,7.914797407741773,7.81761155141624,64.92283314547338,6.275571835630405,3.819698113498741,3.5915571512930877,6.884955752212389,6.321882890351117,0.467200639608055,0.4715240322025367,0.011264692939083387,0.0,0.4715240322025367,0.01913403110489309,0,1,0,0,0,0.0,0.23008849557522124,0.417462399886595,0.5626846119185174,0.905559865608251,0.455541929256727,0.008849557522123894,0.4348370927318296,0.23794113811291492
1945,111,98.23008849557522,113,1,112,0,0,0.008849557522123894,7.925899125700783,7.858847875241093,66.43698595575987,6.27477697598756,3.701953636118991,3.5453658943892106,6.884955752212389,6.321882890351117,0.46995536541541694,0.49283652540184214,0.011926360452976102,0.0,0.49283652540184214,-0.012932927536603689,0,1,0,0,0,0.0,0.23893805309734514,0.423149938059284,0.5677973238977809,0.9128553975802941,0.4585530625790642,0.008849557522123894,0.3994360902255639,0.23797152165482832
1946,111,98.23008849557522,113,0,112,1,0,0.0,7.926822707600206,7.861818417148289,65.17601209639417,6.275704886642248,3.7522047497611686,3.552320383987051,6.884955752212389,6.321882890351117,0.46746120638422206,0.6222410350888823,0.00835303483893228,1.0,0.3777589649111177,0.021741341270837378,0,0,0,1,0,0.0,0.25663716814159293,0.4175597957533395,0.5707346559444825,0.9191365090894769,0.4561920730953508,0.0,0.36403508771929827,0.23800547027678365
1947,111,98.23008849557522,113,0,112,1,0,0.0,8.050911435603574,7.984156801451062,68.31623943274079,6.282761407380475,3.724783530049004,3.5220761040883066,6.884955752212389,6.321882890351117,0.4693271314213543,0.06716525154250164,0.004564431702573682,0.0,0.06716525154250164,0.012166096225331824,0,0,0,1,0,0.0,0.21238938053097345,0.4222042522144494,0.5743002434824861,0.9176444800801937,0.45828825466018164,0.0,0.29323308270676696,0.23884896640540254
1948,111,98.23008849557522,113,0,111,2,0,0.0,8.135357998329724,8.068436166638705,69.73296464749457,6.293634257355812,3.6800754443724863,3.5033767962397895,6.884955752212389,6.321882890351117,0.4707241453858715,0.29114479829345097,0.005629282658954492,0.5,0.2850127878194981,0.012880163570677006,0,0,0,2,0,0.0,0.23893805309734514,0.42411032381780506,0.5733986009006783,0.9198527607462896,0.4582810967748018,0.0,0.3286340852130326,0.23961488364017547
1949,111,98.23008849557522,113,1,112,0,0,0.008849557522123894,8.236279510733816,8.190199749215653,75.04169170428247,6.308875261432332,3.577363184359005,3.396978468354606,6.884955752212389,6.321882890351117,0.47593806861588583,0.6333675267062788,0.007806283584982077,1.0,0.3666324732937212,0.00590880901877977,0,1,0,0,0,0.0,0.23893805309734514,0.43589646954933237,0.5691898407679933,0.9272969242888633,0.4602119215809615,0.008849557522123894,0.3286340852130326,0.24060125041671154
1950,110,97.34513274336283,113,2,109,0,2,0.017699115044247787,8.316124001204674,8.279446767435086,78.57951426165216,6.328349834977486,3.5176215502506754,3.400027822186305,6.884955752212389,6.321882890351117,0.47839258910782956,0.9599717436088981,0.02234975151061029,1.0,0.040028256391101746,0.0009116947815398513,0,4,0,0,0,0.75,0.23893805309734514,0.44145382748374673,0.5615545204331756,0.9112942792548482,0.4652435462360515,0.017699115044247787,0.3464912280701754,0.24161605273552578
1951,108,95.57522123893806,113,2,109,1,1,0.017699115044247787,8.275117969401396,8.213498306208473,74.59694910913538,6.345048010652272,3.5390170482723406,3.3412630294022776,6.884955752212389,6.321882890351117,0.4735353213528537,0.9306573935041791,0.01665181469165014,1.0,0.06934260649582097,0.14053486389925873,0,3,0,1,0,0.75,0.23893805309734514,0.43075055819369523,0.5538855339449186,0.9167745443934517,0.46797458327413094,0.017699115044247787,0.3461779448621554,0.24193884213200195
1952,108,95.57522123893806,113,0,111,2,0,0.0,8.270246696361268,8.20814443621909,69.91100369890015,6.359048929065197,3.658131221177021,3.4183575886894646,6.884955752212389,6.321882890351117,0.471864892808495,0.04356676988285327,0.004177603162702959,0.0,0.04356676988285327,0.013773695558213506,0,0,0,2,0,0.5,0.23008849557522124,0.42182184534438033,0.5733597368505904,0.9152156972839417,0.4663694497819933,0.0,0.3461779448621554,0.24235704659962065
1953,106,93.80530973451327,113,2,108,2,1,0.017699115044247787,8.337337589525806,8.25790740055488,72.87997227266713,6.375438443835885,3.6817873609073066,3.4415295678288533,6.884955752212389,6.321882890351117,0.4769138555751611,0.6797177841137986,0.017143065524190763,0.6,0.07989503673631192,0.04251274282620097,0,3,0,2,0,0.8,0.22123893805309736,0.4322388155223082,0.5937749229675474,0.9290834453336535,0.47148062353296594,0.017699115044247787,0.32832080200501257,0.2432105640304932
1954,106,93.80530973451327,113,1,112,0,0,0.008849557522123894,8.394034526441517,8.322953629837814,82.80180252399991,6.392823055656868,3.525383491772339,3.3232841209877773,6.884955752212389,6.321882890351117,0.4832729862441234,0.2721574022685679,0.005280117263548611,0.0,0.2721574022685679,0.00940576925669534,0,1,0,0,0,0.0,0.23008849557522124,0.45304354190966567,0.558889019593729,0.9325843381289317,0.4843476995717334,0.008849557522123894,0.32832080200501257,0.2440435661152041
1955,107,94.69026548672566,113,1,112,0,0,0.008849557522123894,8.327660698030648,8.280850755886666,81.42752892163021,6.406257180530428,3.695834854088807,3.408082008162996,6.884955752212389,6.321882890351117,0.48274380513687265,0.9552717342928692,0.01330362776226331,1.0,0.04472826570713084,0.028453009962287723,0,1,0,0,0,1.0,0.22123893805309736,0.4516111858883654,0.5658594685713308,0.9328081945861882,0.4755084943900862,0.008849557522123894,0.32832080200501257,0.24413634179407476
1956,108,95.57522123893806,113,1,111,0,1,0.008849557522123894,8.422235397366087,8.34591654590137,87.95010338572885,6.424760681332339,3.701938666189766,3.4693491621724952,6.884955752212389,6.321882890351117,0.4887026488490078,0.9244838356573515,0.024589546424254947,1.0,0.07551616434264857,-0.04037664985911782,0,2,0,0,0,0.5,0.25663716814159293,0.46594105390372276,0.552014339597449,0.940927007509458,0.4767087002044161,0.008849557522123894,0.31046365914786966,0.24519410011640796
1957,108,95.57522123893806,113,0,113,0,0,0.0,8.422520982109885,8.347501453724847,82.1023136686162,6.440770248013058,3.8138332387594915,3.5316202419252627,6.884955752212389,6.321882890351117,0.4870681570392492,0.0,0.0,0.0,0.0,0.0,0,0,0,0,0,0.0,0.25663716814159293,0.45551943932973776,0.573674457984734,0.9391690101375719,0.4740192584268387,0.0,0.31046365914786966,0.2457015810685308
1958,109,96.46017699115045,113,1,112,0,0,0.008849557522123894,8.295993495711842,8.216568826981673,79.22979485249854,6.449501377791842,4.022896040173068,3.6623566616527836,6.884955752212389,6.321882890351117,0.4822712368046309,0.9703810071601597,0.02059845857397799,1.0,0.029618992839840264,0.01937265257681897,0,1,0,0,0,1.0,0.24778761061946902,0.4477408247394149,0.5606824628221675,0.9394754733484583,0.4705593486266951,0.008849557522123894,0.3283208020050125,0.24534492953635023
1959,110,97.34513274336283,113,0,113,0,0,0.0,8.2670449266768,8.18731699598876,84.07064056968083,6.455845527554839,4.021884299493469,3.688230537196992,6.884955752212389,6.321882890351117,0.48332924200164085,0.0,0.0,0.0,0.0,0.0,0,0,0,0,0,0.0,0.24778761061946902,0.45628801117634576,0.5356981803796165,0.9371494160764122,0.47156057294771525,0.0,0.3283208020050125,0.24540072155037762
1960,111,98.23008849557522,113,0,113,0,0,0.0,8.265863899408483,8.18585680215411,89.25360101168101,6.461714758204071,4.07969636445369,3.74364485316649,6.884955752212389,6.321882890351117,0.4866481979972519,0.0,0.0,0.0,0.0,0.0,0,0,0,0,0,0.0,0.2743362831858407,0.4662359306772629,0.5176078668655225,0.9423859598639241,0.4734215893537168,0.0,0.3283208020050125,0.24558033935814053
1961,112,99.11504424778761,113,0,113,0,0,0.0,8.19606327495415,8.117210866714027,88.5163809130748,6.463741170447087,4.081488774644435,3.757903565228263,6.884955752212389,6.321882890351117,0.4838921556514961,0.0,0.0,0.0,0.0,0.0,0,0,0,0,0,0.0,0.26548672566371684,0.4630271895845843,0.50877976041918,0.9413915659745684,0.47000059811104095,0.0,0.3283208020050125,0.2452953899403085
1962,112,99.11504424778761,113,0,113,0,0,0.0,8.334926150711928,8.254392138376629,91.569977923102,6.472577426754827,3.994472503249711,3.7074359080601953,6.884955752212389,6.321882890351117,0.48729644042633513,0.0,0.0,0.0,0.0,0.0,0,0,0,0,0,0.0,0.24778761061946902,0.4689468028883699,0.5207363922338799,0.9471239845935931,0.4710371882039051,0.0,0.2929197994987469,0.24626901320693068
1963,113,100.0,113,0,113,0,0,0.0,8.316336565938675,8.23645642073632,92.02674394034453,6.479947965235089,4.026845691012139,3.7106141713487744,6.884955752212389,6.321882890351117,0.48486257541838196,0.0,0.0,0.0,0.0,0.0,0,0,0,0,0,0.0,0.26548672566371684,0.4669134126313234,0.5143532319881952,0.9329707398364836,0.47130190821656687,0.0,0.2929197994987469,0.24640904368861963
1964,113,100.0,113,0,113,0,0,0.0,8.413124386048302,8.331647645743358,102.71416420101966,6.49166684911771,3.968289529155436,3.6641771491661785,6.884955752212389,6.321882890351117,0.4914051175111438,0.0,0.0,0.0,0.0,0.0,0,0,0,0,0,0.0,0.26548672566371684,0.48563342945758575,0.49282478627159965,0.9337903644549749,0.4761584657667393,0.0,0.29291979949874686,0.2472634098467255
1965,113,100.0,113,0,112,1,0,0.0,8.371414933563535,8.293021912719095,91.47987643077195,6.500691379999347,4.0229298761687815,3.6893075643884314,6.884955752212389,6.321882890351117,0.48397068963679035,0.00960675880792504,0.008801953428594921,0.0,0.00960675880792504,-0.0319739475791212,0,0,0,1,0,1.0,0.25663716814159293,0.46294897205091035,0.5179602013864917,0.9311827273945301,0.46947479962855726,0.0,0.2575187969924812,0.24734012272117203
1966,112,99.11504424778761,113,1,112,0,0,0.008849557522123894,8.254022509015627,8.195719757909602,78.6735805899753,6.503370664732253,4.10588954190411,3.756445863595089,6.884955752212389,6.321882890351117,0.47867547072470784,0.9608596064310788,0.018320354175469587,1.0,0.039140393568921183,0.036343954320259275,0,1,0,0,0,1.0,0.26548672566371684,0.4415777526033951,0.5499261638035247,0.9439480254485353,0.46905060431528384,0.008849557522123894,0.275062656641604,0.24683785121998914
1967,112,99.11504424778761,113,0,113,0,0,0.0,8.372332681911065,8.312748596300954,86.3689688214567,6.512652972364393,4.030934428436806,3.6446918370466928,6.884955752212389,6.321882890351117,0.4818895065278799,0.0,0.0,0.0,0.0,0.0,0,0,0,0,0,0.0,0.26548672566371684,0.4532442739807308,0.527261504868381,0.9368156702840914,0.4738353905015115,0.0,0.275062656641604,0.24772281039347935
1968,112,99.11504424778761,113,0,112,1,0,0.0,8.456455854286505,8.39679340839317,92.9054065019613,6.525599035055216,4.007477734892449,3.620769993295952,6.884955752212389,6.321882890351117,0.4833309419055576,0.18232749164563444,0.011430463488938126,0.0,0.18232749164563444,-0.024562255365664587,0,0,0,1,0,0.0,0.26548672566371684,0.4600189107308525,0.5071190951181674,0.9271946341096452,0.4767956486844658,0.0,0.275062656641604,0.24855264371646918
1969,111,98.23008849557522,113,1,112,0,0,0.008849557522123894,8.51010150110177,8.498913931426452,88.00983928977867,6.540466537748913,3.971324841966628,3.591273906127018,6.884955752212389,6.321882890351117,0.48217993078334787,0.9996464682995279,0.016039550805202196,1.0,0.0003535317004721428,0.005917133821187637,0,1,0,0,0,1.0,0.23893805309734514,0.4501523071576658,0.5309073255395946,0.9325267981069217,0.477354854322365,0.008849557522123894,0.2572055137844611,0.24929082500505317
1970,111,98.23008849557522,113,0,112,1,0,0.0,8.44217652687277,8.431301391139813,83.65970269198853,6.5533995028141465,3.9993690204954646,3.5780148801388627,6.884955752212389,6.321882890351117,0.47667203061252894,0.16171590699688065,0.019484456669592795,0.0,0.16171590699688065,-0.0955795978674141,0,0,0,1,0,0.0,0.22123893805309736,0.4391651374992795,0.5283532175066986,0.9308954481107736,0.4726316855829975,0.0,0.2572055137844611,0.2493600035867452
1971,111,98.23008849557522,113,1,112,0,0,0.008849557522123894,8.487013631192497,8.471192605515748,88.60429482068061,6.567871290093304,4.011162839827047,3.558659841148362,6.884955752212389,6.321882890351117,0.4777149625478898,0.9091284669760484,0.025808515836841347,1.0,0.09087153302395157,-0.027476762357025564,0,1,0,0,0,0.0,0.21238938053097345,0.4455123340260044,0.5089436456476312,0.938791883775724,0.4756099064619189,0.008849557522123894,0.275062656641604,0.2500416338303084
1972,108,95.57522123893806,113,3,110,0,0,0.02654867256637168,8.453417033918667,8.444200624612439,88.12864685356821,6.5794403928479674,4.079603016215013,3.593593918998807,6.884955752212389,6.321882890351117,0.47636878291332674,0.9065459162600392,0.022965826061365362,1.0,0.09345408373996078,0.10851908412715779,1,2,0,0,0,0.6666666666666666,0.21238938053097345,0.4432792278008713,0.503364833850382,0.9190182070362177,0.47955697314254325,0.02654867256637168,0.2575187969924812,0.25023934340774634
1973,107,94.69026548672566,113,1,108,4,0,0.008849557522123894,8.470945259943436,8.464111583333997,90.82207463701306,6.591430473988578,4.080388056235005,3.625609376433097,6.884955752212389,6.321882890351117,0.47797932631198514,0.2721548639333894,0.009223880131784759,0.2,0.07217493748461283,0.03621118921851392,0,1,0,4,0,0.6,0.19469026548672566,0.4478365043149641,0.49281624369322335,0.9242177925617835,0.48233842714265257,0.008849557522123894,0.2575187969924812,0.25070598398195393
1974,105,92.92035398230088,113,3,108,2,0,0.02654867256637168,8.525810647400746,8.502350881615648,95.72413073144982,6.605581763017071,4.17045257228718,3.683199003979539,6.884955752212389,6.321882890351117,0.4820355499455482,0.4802842386124665,0.013385776447157938,0.4,0.08465645470615293,-0.004726683608618698,0,3,0,2,0,0.6,0.18584070796460178,0.4581607449101355,0.4880586558973754,0.9072810041286675,0.4752222749023947,0.02654867256637168,0.25751879699248126,0.2514276248791687
1975,103,91.15044247787611,113,2,111,0,0,0.017699115044247787,8.638850104532217,8.62633925845232,102.34688621319404,6.623752326904353,4.138251938029428,3.728005164643397,6.884955752212389,6.321882890351117,0.4874041058988905,0.9765498182456344,0.025226745296845002,1.0,0.02345018175436564,-0.0443962868377481,0,2,0,0,0,1.0,0.22123893805309736,0.4707512191709166,0.48555686311499635,0.9379793626745359,0.48477070129294253,0.017699115044247787,0.2929197994987469,0.2525671830495612
1976,104,92.03539823008849,113,0,112,1,0,0.0,8.757170798076858,8.74391681927238,107.80409105504684,6.647230606925843,3.99496664596035,3.6110499785171153,6.884955752212389,6.321882890351117,0.4897176305109747,0.0005924163218897356,0.010265888005781147,0.0,0.0005924163218897356,-0.1476974815740193,0,0,0,1,0,1.0,0.23893805309734514,0.4787515818613713,0.484846413520882,0.937658151256539,0.4890431028530664,0.0,0.22211779448621552,0.25390092120109814
1977,107,94.69026548672566,113,0,113,0,0,0.0,8.660227115326224,8.648733943407704,102.24662799207839,6.66441073762464,3.981619326314853,3.619918178824691,6.884955752212389,6.321882890351117,0.4878225542861889,0.0,0.0,0.0,0.0,0.0,0,0,0,0,0,0.0,0.24778761061946902,0.4734975560701556,0.49782776241597665,0.9379069339188857,0.4883136525390335,0.0,0.22211779448621552,0.2539592566589385
1978,108,95.57522123893806,113,0,113,0,0,0.0,8.68339288062232,8.671477334057116,104.87977533992186,6.681655008997971,4.048095664696888,3.656817227568243,6.884955752212389,6.321882890351117,0.4880870847264118,0.0,0.0,0.0,0.0,0.0,0,0,0,0,0,0.0,0.24778761061946902,0.4757930853900556,0.49407795650464587,0.9243280292088276,0.48775193768005415,0.0,0.22211779448621552,0.25462016680617716
1979,110,97.34513274336283,113,1,112,0,0,0.008849557522123894,8.710295299801901,8.692840802809355,109.14041820369695,6.699265800980166,4.045229403651392,3.6524689626842815,6.884955752212389,6.321882890351117,0.48931446201268236,0.8976255568255538,0.00964740255270868,1.0,0.10237444317444622,0.03870049668345121,0,1,0,0,0,0.0,0.23893805309734514,0.4817711045035154,0.4816130655351596,0.9214664489831847,0.4879297362208496,0.008849557522123894,0.20457393483709269,0.25531134572466396
1980,112,99.11504424778761,113,0,113,0,0,0.0,8.689062607738283,8.673302661728926,103.02378074246991,6.714398892129025,4.086669013436093,3.6588177906605357,6.884955752212389,6.321882890351117,0.48727589018963346,0.0,0.0,0.0,0.0,0.0,0,0,0,0,0,0.0,0.23893805309734514,0.4728112659773684,0.49694031303138875,0.9523564976636629,0.48581106245256733,0.0,0.20457393483709269,0.25568353041440633
1981,111,98.23008849557522,113,1,112,0,0,0.008849557522123894,8.60194413197109,8.615691258988138,94.30229017841816,6.72419306081938,4.109455204806005,3.6896484872996895,6.884955752212389,6.321882890351117,0.4814316629047737,0.9917905851476985,0.006914209559792982,1.0,0.008209414852301533,0.02887482994616586,0,1,0,0,0,1.0,0.25663716814159293,0.4558414233138208,0.5084616005710003,0.9508934382862794,0.47810314137384324,0.008849557522123894,0.20457393483709277,0.2555575259729142
1982,110,97.34513274336283,113,1,112,0,0,0.008849557522123894,8.745277519286464,8.725785887312759,103.8354697796853,6.741951854453903,4.183956586463723,3.7993766511608897,6.884955752212389,6.321882890351117,0.4894677291056584,0.9999999999417923,0.037707041358947674,1.0,5.820766091346741e-11,0.012670430753879636,0,1,0,0,0,1.0,0.23008849557522124,0.47412780026200063,0.4939369987662888,0.9476101881201495,0.4757881971062735,0.008849557522123894,0.23997493734335842,0.2568355379776479
1983,110,97.34513274336283,113,0,113,0,0,0.0,8.809161902943082,8.790390314949668,113.13205026051202,6.76030809874418,4.1411610273770565,3.797121347815773,6.884955752212389,6.321882890351117,0.4946506396356223,0.0,0.0,0.0,0.0,0.0,0,0,0,0,0,0.0,0.23893805309734514,0.49040836521749004,0.47900692157642094,0.9426765414824019,0.47518082841610004,0.0,0.23997493734335842,0.25773519002948003
1984,111,98.23008849557522,113,0,113,0,0,0.0,8.888278048514191,8.869303832214122,118.96588788625183,6.78149493888425,4.137841002218632,3.7841286005501336,6.884955752212389,6.321882890351117,0.49727328245980473,0.0,0.0,0.0,0.0,0.0,0,0,0,0,0,0.0,0.24778761061946902,0.49757044335106204,0.47013502571202287,0.9476101881201495,0.4767178103104936,0.0,0.23997493734335842,0.25880047436824616
1985,111,98.23008849557522,113,0,113,0,0,0.0,8.941196793138346,8.920740900690827,125.98699373274671,6.803943804787563,4.192559063335945,3.796568520181543,6.884955752212389,6.321882890351117,0.49907590973080396,0.0,0.0,0.0,0.0,0.0,0,0,0,0,0,0.0,0.23008849557522124,0.5057446756464268,0.4576724952420666,0.9523101044439829,0.47723504360068025,0.0,0.23997493734335842,0.25977466359767665
1986,112,99.11504424778761,113,0,113,0,0,0.0,9.045785903557427,9.023409027278358,145.27603158439632,6.83016592666112,4.078293129498714,3.734531999147435,6.884955752212389,6.321882890351117,0.5041443744997367,0.0,0.0,0.0,0.0,0.0,0,0,0,0,0,0.0,0.24778761061946902,0.529239922636634,0.4275617244400684,0.9513759999887175,0.4848598474347612,0.0,0.16917293233082709,0.26112647506787773
1987,113,100.0,113,0,113,0,0,0.0,9.108797944450677,9.08716417224057,150.73691979063065,6.857954737179334,4.04875260628752,3.71074999106133,6.884955752212389,6.321882890351117,0.5074460273993397,0.0,0.0,0.0,0.0,0.0,0,0,0,0,0,0.0,0.2831858407079646,0.5369437369969128,0.42672943485730636,0.9462114020866927,0.48997274526162715,0.0,0.20457393483709274,0.2623199233011355
1988,113,100.0,113,0,113,0,0,0.0,9.110295962907857,9.088824606229316,141.5139000724914,6.884070748193756,4.060958475923537,3.7304269833394064,6.884955752212389,6.321882890351117,0.503515348149387,0.0,0.0,0.0,0.0,0.0,0,0,0,0,0,0.0,0.25663716814159293,0.5226300310019987,0.43947776776810876,0.9534284670118117,0.4868540270898432,0.0,0.20457393483709274,0.2631529252094029
1989,112,99.11504424778761,113,1,112,0,0,0.008849557522123894,9.166780957592565,9.162530161732882,145.66174584265892,6.911433053524732,3.940196801442914,3.6504590483229857,6.884955752212389,6.321882890351117,0.5066354919557978,0.830125727514121,0.01678382550210296,1.0,0.16987427248587905,0.025791443544230575,0,1,0,0,0,0.0,0.26548672566371684,0.5307885967618863,0.444131290023551,0.9621388922703211,0.49009396573852687,0.008849557522123894,0.1867167919799499,0.2643002566323887
1990,111,98.23008849557522,113,1,111,0,1,0.008849557522123894,9.227138229308078,9.244850152293957,147.89999321749082,6.940971880144018,3.973676604260998,3.6620528903250564,6.884955752212389,6.321882890351117,0.5092876696792263,0.7174937617256953,0.02076299043960898,0.5,0.21750942562114742,-0.02402401678732291,0,2,0,0,0,0.5,0.25663716814159293,0.5332002575502354,0.443816436483337,0.9666501771196936,0.49758358773139844,0.008849557522123894,0.2399749373433584,0.2655357480039939
1991,108,95.57522123893806,113,3,110,0,0,0.02654867256637168,9.179994723017485,9.179925804509844,132.98319900128016,6.9673519668822435,4.168178227686248,3.772173930803802,6.884955752212389,6.321882890351117,0.5055600484461475,0.9999498319444827,0.023549088548400012,1.0,5.016805551734856e-05,0.2148653307641113,0,3,0,0,0,1.0,0.2743362831858407,0.5158010058731293,0.46230258863111845,0.9705407261366756,0.49125848751883516,0.02654867256637168,0.20457393483709274,0.2661338895675227
1992,106,93.80530973451327,113,2,111,0,0,0.017699115044247787,9.13293930173104,9.105701218957378,120.14335290673793,6.988853679055173,4.333121934945652,3.855904606865927,6.884955752212389,6.321882890351117,0.5007567165564943,0.8535690222523096,0.02841551624339462,1.0,0.14643097774769043,-0.006791439742921623,0,2,0,0,0,0.5,0.2743362831858407,0.49786052895945626,0.48275242553796993,0.9642217009720332,0.4847740661251021,0.017699115044247787,0.2224310776942356,0.26657826899258696
1993,106,93.80530973451327,113,0,113,0,0,0.0,9.132074394800327,9.104416639422883,120.53727361558606,7.007482980322473,4.439925926616321,3.897168678307543,6.884955752212389,6.321882890351117,0.49751016511869883,0.0,0.0,0.0,0.0,0.0,0,0,0,0,0,0.0,0.24778761061946902,0.4939262844359022,0.48359797073384564,0.9611732534023232,0.4820816846669762,0.0,0.25783208020050125,0.2671628057626381
1994,107,94.69026548672566,113,0,113,0,0,0.0,9.169966519472478,9.140174830406945,117.4642211275141,7.026743031746541,4.528727175678263,3.9689833231080054,6.884955752212389,6.321882890351117,0.4995607294379447,0.0,0.0,0.0,0.0,0.0,0,0,0,0,0,0.0,0.24778761061946902,0.4910705460076654,0.49680311870136035,0.9611732534023232,0.4807119010780572,0.0,0.25783208020050125,0.26796106533382436
1995,108,95.57522123893806,113,0,113,0,0,0.0,9.30212922128024,9.270030151204265,131.71275583487653,7.051352926321115,4.388908704185447,3.891111371139284,6.884955752212389,6.321882890351117,0.5058443324983355,0.0,0.0,0.0,0.0,0.0,0,0,0,0,0,0.0,0.24778761061946902,0.5117277026419735,0.48080508624972956,0.9642217009720332,0.48612151080261884,0.0,0.2224310776942356,0.2693997832000849
1996,111,98.23008849557522,113,0,113,0,0,0.0,9.301050869660394,9.26781545410153,129.37622185818196,7.074295003735476,4.44788517994994,3.945418571051453,6.884955752212389,6.321882890351117,0.5068145966023456,0.0,0.0,0.0,0.0,0.0,0,0,0,0,0,0.0,0.2743362831858407,0.510353968677033,0.4912626914823873,0.9642217009720332,0.48971333258072997,0.0,0.2224310776942356,0.2701195770753605
1997,113,100.0,113,0,113,0,0,0.0,9.234356223433483,9.200414380434882,131.5953509921056,7.092377896327853,4.561408451113395,4.026156132192393,6.884955752212389,6.321882890351117,0.5056891608610785,0.0,0.0,0.0,0.0,0.0,0,0,0,0,0,0.0,0.24778761061946902,0.5124990047660548,0.4825597757888994,0.9642217009720332,0.4855317354699934,0.0,0.2224310776942356,0.27035769349066496
1998,113,100.0,113,0,113,0,0,0.0,9.250399654979118,9.21665541183448,132.14832540394733,7.110139000815565,4.589486242474303,4.036235902612521,6.884955752212389,6.321882890351117,0.5054652478473904,0.0,0.0,0.0,0.0,0.0,0,0,0,0,0,0.0,0.24778761061946902,0.5117828770194854,0.47947341756475903,0.9557712039469665,0.4831530608622203,0.0,0.29323308270676696,0.27099932876126615
1999,113,100.0,113,0,113,0,0,0.0,9.2963879589626,9.263033833338106,128.0537392683548,7.129122860672613,4.556289098067169,4.011098885939941,6.884955752212389,6.321882890351117,0.5053981778914147,0.0,0.0,0.0,0.0,0.0,0,0,0,0,0,0.0,0.23893805309734514,0.5066806868592545,0.4947847885522352,0.9544328466986358,0.4854833896282791,0.0,0.29323308270676696,0.27182933897529904
2000,112,99.11504424778761,113,1,112,0,0,0.008849557522123894,9.332354120623076,9.321922619294615,128.30643148625072,7.148740184119233,4.413362899280786,3.9074220064979652,6.884955752212389,6.321882890351117,0.5076272138346043,0.919407668815953,0.01889788521115012,1.0,0.08059233118404696,0.010547687790504412,0,1,0,0,0,0.0,0.24778761061946902,0.5095378883908658,0.5010693856358938,0.9542144396099868,0.4888723374175318,0.008849557522123894,0.2932330827067669,0.2726292618908598
