,satisfied_count,pct_satisfied,move_attempts,successful_moves,failed_searches,voluntary_stays,destination_conflicts,movement_success_rate,city_mean_income,mean_neighbor_income,mean_neighbor_income_variance,mean_rent,mean_utility,mean_value,mean_vision,rent_income_timescale_ratio,gini_coefficient,mean_qre_move_probability,mean_qre_accept_probability,mean_ne_move_probability,mean_qre_ne_move_gap,mean_delta_neighborhood_utility,move_accept_outcomes,move_reject_outcomes,stay_accept_outcomes,stay_reject_outcomes,qre_nonconvergence_count,ne_following_rate,homeless_fraction,theil_index,moran_i,spatial_entropy,neighborhood_heterogeneity,income_mobility_indicator,segregation_index,gentrification_indicator
0,0,0.0,0,0,0,0,0,0.0,0.6041054857556446,0.6045405816209583,0.04892798932052397,0.48363246529676657,0.290232707108457,0.9757341766113422,9.107142857142858,4.519686177093536,0.21971114555743765,0.0,0.0,0.0,0.0,0.0,0,0,0,0,0,0.0,0.22321428571428573,0.07553659422452745,0.05827500193314159,0.9726939085193216,0.34437990784684774,0.0,0.125,0.01394986226975555
1,0,0.0,112,3,106,2,1,0.026785714285714284,0.6034022009612292,0.6023407770447953,0.04919733690662628,0.48360465551791454,0.2962678731575993,1.0054178831773355,9.107142857142858,4.519686177093536,0.22322186984618297,0.7806811764279549,0.22085429258130895,1.0,0.2193188235720451,-0.0023748097513379696,0,4,0,2,0,0.0,0.22321428571428573,0.07763551573860468,0.10946294299953697,0.963659388285669,0.34358397653552736,0.026785714285714284,0.19642857142857142,0.013945717388418145
2,0,0.0,112,2,108,2,0,0.017857142857142856,0.6034655032239259,0.6004316144592938,0.04894327528313774,0.483529770656414,0.29958114394503316,1.0317526855940877,9.107142857142858,4.519686177093536,0.22353011319372618,0.6362331656078513,0.2145819075011099,1.0,0.3637668343921487,-0.002695253532070105,0,2,0,2,0,0.0,0.22321428571428573,0.07795487755548149,0.11340519946961644,0.9697860265132594,0.34389462544697974,0.017857142857142856,0.19642857142857142,0.01394434161936464
3,0,0.0,112,1,111,0,0,0.008928571428571428,0.6096121931358484,0.6064405539014889,0.05122942156743562,0.4836080423510167,0.30012892671250907,1.035257216977999,9.107142857142858,4.519686177093536,0.22529585647593953,0.5847020484048129,0.21197176482151203,1.0,0.4152979515951871,-0.010588705880925309,0,1,0,0,0,0.0,0.22321428571428573,0.07932723787603155,0.10304019515309362,0.9625384497078096,0.34779748670787297,0.008928571428571428,0.19642857142857142,0.01397684388640502
4,0,0.0,112,0,111,1,0,0.0,0.6140942995785659,0.6109604932767296,0.0530460696000178,0.4838412740792698,0.2967498139006472,1.05437161261234,9.107142857142858,4.519686177093536,0.226132821755751,0.584333909011272,0.2190410061421177,1.0,0.415666090988728,-0.010093014006034129,0,0,0,1,0,0.0,0.24107142857142858,0.08047926894878861,0.09166653636646875,0.9607621015917633,0.35064295879251745,0.0,0.19642857142857142,0.014004525089709834
5,106,94.64285714285714,112,0,112,0,0,0.0,0.6111917800620181,0.607922430072774,0.0515964595143945,0.48395411572719604,0.3000040589653268,1.0781383140160097,9.107142857142858,4.519686177093536,0.22502338529710952,0.0,0.0,0.0,0.0,0.0,0,0,0,0,0,0.0,0.24107142857142858,0.07939337181185532,0.09469166808136686,0.9614439561687294,0.3476047199836274,0.0,0.16071428571428573,0.01399256253630876
6,109,97.32142857142857,112,0,112,0,0,0.0,0.6174949786113595,0.6140429897062575,0.05571432723631158,0.4842831613569311,0.29957080849221324,1.0678651680253395,9.107142857142858,4.519686177093536,0.23002614504802676,0.0,0.0,0.0,0.0,0.0,0,0,0,0,0,0.0,0.23214285714285715,0.08296152568627602,0.10347651588485815,0.9536630611193799,0.3565700765393681,0.0,0.16071428571428573,0.014031514443977197
7,111,99.10714285714286,112,0,112,0,0,0.0,0.6154641137611662,0.6119020508714337,0.057892779981067156,0.48451992418356077,0.2972470907126608,1.0485606015992996,9.107142857142858,4.519686177093536,0.23538280630787778,0.0,0.0,0.0,0.0,0.0,0,0,0,0,0,0.0,0.24107142857142858,0.08691577979141625,0.11318758150980625,0.9558840127794883,0.3639831703391983,0.0,0.0892857142857143,0.01402671058810007
8,112,100.0,112,0,112,0,0,0.0,0.615737350265654,0.6122092834559186,0.06058101558503929,0.4847570948323648,0.2946245726188797,1.0370113642970062,9.107142857142858,4.519686177093536,0.23997583657375987,0.0,0.0,0.0,0.0,0.0,0,0,0,0,0,0.0,0.23214285714285715,0.09032947044902315,0.10693754515874768,0.9352163585559605,0.37259105041227303,0.0,0.16071428571428573,0.01403343645513757
9,111,99.10714285714286,112,1,111,0,0,0.008928571428571428,0.6129332634391764,0.60905514296053,0.058081086556274884,0.4848871126491933,0.2982026782196045,1.0539007249521841,9.107142857142858,4.519686177093536,0.23582232193560038,0.9916694700797317,0.20371717392029792,1.0,0.008330529920268281,0.002936244381729125,0,1,0,0,0,1.0,0.22321428571428573,0.08755501326754433,0.09745862824887115,0.9569226665943257,0.367883085631107,0.008928571428571428,0.16071428571428573,0.014022354219652658
10,111,99.10714285714286,112,0,112,0,0,0.0,0.6118275592855812,0.6080507436798501,0.05747026393081147,0.48495732517372986,0.2973571975554689,1.0704526696345442,9.107142857142858,4.519686177093536,0.2360075143669047,0.0,0.0,0.0,0.0,0.0,0,0,0,0,0,0.0,0.23214285714285715,0.08754175637943803,0.09766215202220124,0.9482903474954203,0.36930946429329825,0.0,0.1607142857142857,0.014018412391767716
11,111,99.10714285714286,112,0,112,0,0,0.0,0.6105655823329444,0.6066801884430274,0.058480129475814435,0.48497480847602986,0.2971070892081129,1.052582662830728,9.107142857142858,4.519686177093536,0.2384633773390754,0.0,0.0,0.0,0.0,0.0,0,0,0,0,0,0.0,0.22321428571428573,0.08904199765761175,0.10164453996392103,0.9527759981961526,0.37243298944201136,0.0,0.08928571428571429,0.014012497602203208
12,111,99.10714285714286,112,0,112,0,0,0.0,0.6080160687055559,0.6040807077460272,0.06094945992330522,0.4848975108921417,0.2881424100501991,1.0308335633851893,9.107142857142858,4.519686177093536,0.24448091439285236,0.0,0.0,0.0,0.0,0.0,0,0,0,0,0,0.0,0.22321428571428573,0.09297984696478874,0.10255332895843586,0.9569428889249983,0.3810771796251472,0.0,0.1607142857142857,0.013998003229959156
13,111,99.10714285714286,112,0,112,0,0,0.0,0.6051065961487373,0.6010032401075686,0.05891192998439401,0.48471243341289977,0.29671516925518365,1.0293728201352945,9.107142857142858,4.519686177093536,0.24259321721878124,0.0,0.0,0.0,0.0,0.0,0,0,0,0,0,0.0,0.22321428571428573,0.09148098233026583,0.10675550145105539,0.9475887351102243,0.37488487379728236,0.0,0.16071428571428573,0.013979273406551957
14,112,100.0,112,0,112,0,0,0.0,0.6077396331054092,0.6036133392088712,0.06066113962625059,0.4846300954855361,0.294189422995543,1.0708395779228765,9.107142857142858,4.519686177093536,0.24397837995147365,0.0,0.0,0.0,0.0,0.0,0,0,0,0,0,0.0,0.21428571428571427,0.09262465888237227,0.11269722205194259,0.9436254997185871,0.37757492001862974,0.0,0.16071428571428573,0.013990577883374537
15,112,100.0,112,0,112,0,0,0.0,0.6089730706303619,0.6049025738106223,0.06052630408083573,0.4845980944605625,0.2915896408321485,1.056848581374231,9.107142857142858,4.519686177093536,0.2434617308926348,0.0,0.0,0.0,0.0,0.0,0,0,0,0,0,0.0,0.21428571428571427,0.09231963946123731,0.1188106295540633,0.9177009853315581,0.3755486615844398,0.0,0.125,0.01399602189804817
16,112,100.0,112,0,112,0,0,0.0,0.603134940472798,0.5991576524340866,0.056860163222682635,0.48435981784761895,0.2954958553492535,1.0634672970034382,9.107142857142858,4.519686177093536,0.2385154924894306,0.0,0.0,0.0,0.0,0.0,0,0,0,0,0,0.0,0.20535714285714285,0.0887750676953749,0.1271662180391059,0.9290281936131644,0.36635925788669016,0.0,0.16071428571428573,0.013961446569691123
17,112,100.0,112,0,112,0,0,0.0,0.6070027562420304,0.6028556733975728,0.05824742346119764,0.4842660217436642,0.29458756892061516,1.0494626991912386,9.107142857142858,4.519686177093536,0.2396781132373289,0.0,0.0,0.0,0.0,0.0,0,0,0,0,0,0.0,0.20535714285714285,0.08981943056864226,0.13737487500820303,0.9287282059121841,0.36718950593368443,0.0,0.16071428571428573,0.013978666003764736
18,111,99.10714285714286,112,1,111,0,0,0.008928571428571428,0.6078334176722346,0.6033413005124785,0.05877019508130578,0.48420848103384634,0.2914885014887206,1.0365024128665272,9.107142857142858,4.519686177093536,0.24088456140647097,0.5022248940977014,0.21717039004052457,1.0,0.49777510590229856,-0.012985990777222844,0,1,0,0,0,0.0,0.21428571428571427,0.09106018088771232,0.13539417625037897,0.9338123975379421,0.36918953480795735,0.008928571428571428,0.17857142857142855,0.013981518981161838
19,111,99.10714285714286,112,0,112,0,0,0.0,0.6061686518491393,0.6016662809369645,0.05819809667156961,0.4840785194336376,0.28884307496972167,0.98594215730523,9.107142857142858,4.519686177093536,0.24176385197139227,0.0,0.0,0.0,0.0,0.0,0,0,0,0,0,0.0,0.22321428571428573,0.09127382539930533,0.13406339975100165,0.936603794488786,0.3702774425920336,0.0,0.25,0.01397025822380628
20,111,99.10714285714286,112,0,112,0,0,0.0,0.6079356776892276,0.6034420725564069,0.05876887288597851,0.48401863985659543,0.2882157979931009,1.0415956611666224,9.107142857142858,4.519686177093536,0.24155363842933464,0.0,0.0,0.0,0.0,0.0,0,0,0,0,0,0.0,0.21428571428571427,0.0913625152186078,0.12676351399399122,0.9577698799180372,0.3727773916293883,0.0,0.17857142857142855,0.013977740168523484
21,111,99.10714285714286,112,0,112,0,0,0.0,0.6107801597156335,0.6064292830298715,0.06138511885003898,0.48406947667959954,0.2818921611079679,0.9911053431606047,9.107142857142858,4.519686177093536,0.2445242032900088,0.0,0.0,0.0,0.0,0.0,0,0,0,0,0,0.0,0.21428571428571427,0.09350303544791462,0.10923477472167785,0.9558426803217519,0.3810587162191557,0.0,0.17857142857142855,0.013993111411086607
22,111,99.10714285714286,112,0,112,0,0,0.0,0.616755479329077,0.612279590990805,0.06473420217989799,0.48432954828592373,0.2776726580199094,0.9431976160094718,9.107142857142858,4.519686177093536,0.2489857892446543,0.0,0.0,0.0,0.0,0.0,0,0,0,0,0,0.0,0.21428571428571427,0.09657927934731085,0.1159904206694104,0.9607643031011253,0.38583993201514094,0.0,0.17857142857142858,0.014028865219374614
23,112,100.0,112,0,112,0,0,0.0,0.6214444740891727,0.6169786061706858,0.06853717360651339,0.48474777006344194,0.26953142348135495,0.9338911086203486,9.107142857142858,4.519686177093536,0.25244901612536363,0.0,0.0,0.0,0.0,0.0,0,0,0,0,0,0.0,0.22321428571428573,0.0991546439894037,0.10775062338469794,0.952541065733034,0.3930653316766877,0.0,0.17857142857142858,0.014061761349109135
24,112,100.0,112,0,112,0,0,0.0,0.6206139585321738,0.6160431334994074,0.06875320654443924,0.4851132651858807,0.2720729213350708,0.9904894644610077,9.107142857142858,4.519686177093536,0.25355164293967625,0.0,0.0,0.0,0.0,0.0,0,0,0,0,0,0.0,0.23214285714285715,0.1001251850485515,0.1117431236763609,0.9593391059320395,0.394501399534493,0.0,0.21428571428571427,0.01406586838758755
25,112,100.0,112,0,112,0,0,0.0,0.6232886193744466,0.6186163362035088,0.06925370570337516,0.48555528162533323,0.2804490299815926,0.9909604513491166,9.107142857142858,4.519686177093536,0.2530669801806582,0.0,0.0,0.0,0.0,0.0,0,0,0,0,0,0.0,0.20535714285714285,0.09983974372628888,0.11664404844107326,0.9659682024637032,0.393503257259948,0.0,0.21428571428571427,0.01408923056975612
26,112,100.0,112,0,112,0,0,0.0,0.6229511143192337,0.6183749550496165,0.07187629358278277,0.4859685925723542,0.2766991365283496,0.9997936205391209,9.107142857142858,4.519686177093536,0.2557378284020433,0.0,0.0,0.0,0.0,0.0,0,0,0,0,0,0.0,0.22321428571428573,0.1021934820724906,0.1037281853341413,0.958964967563134,0.40069839074119545,0.0,0.21428571428571427,0.014096883223350518
27,112,100.0,112,0,112,0,0,0.0,0.6251220712157667,0.620553417853626,0.07246739880585272,0.48644199090741497,0.27594344824748707,0.9733824641380908,9.107142857142858,4.519686177093536,0.2563655753917702,0.0,0.0,0.0,0.0,0.0,0,0,0,0,0,0.0,0.21428571428571427,0.10257087699545706,0.1052569272136922,0.9523789885392071,0.3994896213027488,0.0,0.24999999999999997,0.01411843606738935
28,112,100.0,112,0,112,0,0,0.0,0.6254834267063014,0.6210410183302989,0.07344341856939461,0.4869116235324383,0.2778260853696288,0.9870492257247082,9.107142857142858,4.519686177093536,0.25701126555192744,0.0,0.0,0.0,0.0,0.0,0,0,0,0,0,0.0,0.22321428571428573,0.10268112538398888,0.09823032904583176,0.9430187240680938,0.4023350041174177,0.0,0.2857142857142857,0.014130855805260172
29,112,100.0,112,0,112,0,0,0.0,0.623963076357553,0.6192751439933049,0.07323185897055676,0.48729618065397423,0.2785876250821691,0.9562212338555119,9.107142857142858,4.519686177093536,0.257690905110594,0.0,0.0,0.0,0.0,0.0,0,0,0,0,0,0.0,0.23214285714285715,0.10322335395099429,0.1193214942979014,0.945431368902041,0.4009782500447944,0.0,0.2857142857142857,0.014131944441048976
30,112,100.0,112,0,111,1,0,0.0,0.6224447952622364,0.6178705825402185,0.07194234452045273,0.4876125715845697,0.28235582442457435,0.9591819503785993,9.107142857142858,4.519686177093536,0.25646760405246294,0.5039174207019272,0.2067773573968632,1.0,0.49608257929807276,-0.010696176458231066,0,0,0,1,0,0.0,0.23214285714285715,0.10215610980335169,0.12065356178559405,0.950740075301169,0.39876526733320933,0.0,0.2857142857142857,0.014131502974150242
31,111,99.10714285714286,112,1,111,0,0,0.008928571428571428,0.6221171148814031,0.6167465044905367,0.07178578207527526,0.4878988677373331,0.28294058889185253,0.9611794557884983,9.107142857142858,4.519686177093536,0.25743905078616613,0.5421996460462308,0.2261587871775368,1.0,0.45780035395376917,-0.011028704147758639,0,1,0,0,0,0.0,0.23214285714285715,0.10300183208502214,0.15542429788233939,0.9446878796001225,0.39385424775842787,0.008928571428571428,0.30357142857142855,0.014136334416067075
32,111,99.10714285714286,112,0,112,0,0,0.0,0.6214961646483318,0.6160797479887301,0.07364644253633645,0.4881232670217885,0.2775410464355074,0.9008321022537106,9.107142857142858,4.519686177093536,0.2601743182293281,0.0,0.0,0.0,0.0,0.0,0,0,0,0,0,0.0,0.22321428571428573,0.10539006196309268,0.1546813910858987,0.9428968417424566,0.39574696579448426,0.0,0.3392857142857143,0.014138300736622231
33,111,99.10714285714286,112,0,112,0,0,0.0,0.623317355779273,0.6181191077041728,0.07808413233120111,0.4884112622901308,0.2704696093577798,0.8868366642825836,9.107142857142858,4.519686177093536,0.26393181551400136,0.0,0.0,0.0,0.0,0.0,0,0,0,0,0,0.0,0.25892857142857145,0.10871599374743249,0.14168610214936342,0.9446114403493001,0.4061583796000003,0.0,0.2678571428571429,0.014153914933443914
34,111,99.10714285714286,112,0,112,0,0,0.0,0.6310428119484806,0.6258141244147456,0.0824765240608435,0.4889644735614135,0.25946289526958727,0.8712994075291147,9.107142857142858,4.519686177093536,0.2664130606737509,0.0,0.0,0.0,0.0,0.0,0,0,0,0,0,0.0,0.22321428571428573,0.11110856794515807,0.1287881058145787,0.9493726867475638,0.41285707679572886,0.0,0.26785714285714285,0.014205043920969093
35,111,99.10714285714286,112,0,112,0,0,0.0,0.6304716411501132,0.6250123005787394,0.08282578051535587,0.4894636894824734,0.2615015277488763,0.8727559244381293,9.107142857142858,4.519686177093536,0.26768635784701744,0.0,0.0,0.0,0.0,0.0,0,0,0,0,0,0.0,0.22321428571428573,0.1123059979094644,0.1393659256299736,0.9474728387001446,0.4130543564627624,0.0,0.23214285714285712,0.014213469563466256
36,112,100.0,112,0,112,0,0,0.0,0.6302672992083949,0.6246855745132496,0.0837527636458631,0.48992852881630017,0.26238176825051074,0.874075091800624,9.107142857142858,4.519686177093536,0.2701675484226038,0.0,0.0,0.0,0.0,0.0,0,0,0,0,0,0.0,0.25,0.11412096135515626,0.14496636512612057,0.9628290201545917,0.4155995712086059,0.0,0.23214285714285712,0.014222952493315994
37,112,100.0,112,0,112,0,0,0.0,0.6339733033824582,0.6282950841676561,0.08196118030526056,0.49050286967813916,0.261462385961374,0.8720701378416307,9.107142857142858,4.519686177093536,0.2672215383184269,0.0,0.0,0.0,0.0,0.0,0,0,0,0,0,0.0,0.21428571428571427,0.11145388967444723,0.14951967895143237,0.9650499141448813,0.41089176995953913,0.0,0.23214285714285712,0.01425446171645728
38,112,100.0,112,0,112,0,0,0.0,0.6391904889087255,0.6333615502057622,0.08909846890044583,0.49123444282758927,0.25068128525270467,0.8455655148452517,9.107142857142858,4.519686177093536,0.2740962375901417,0.0,0.0,0.0,0.0,0.0,0,0,0,0,0,0.0,0.23214285714285715,0.11747488763026685,0.12743022346962485,0.9579729453074226,0.422826130985744,0.0,0.26785714285714285,0.01429708004934413
39,111,99.10714285714286,112,1,111,0,0,0.008928571428571428,0.6412235930993025,0.6368054143236688,0.09210494132622885,0.49200045736172693,0.242504032210508,0.8410970292834824,9.107142857142858,4.519686177093536,0.27861782037335603,0.8455260803658817,0.2084641170372069,1.0,0.15447391963411827,0.002245543623369539,0,1,0,0,0,0.0,0.24107142857142858,0.12142714395535315,0.14889904627852638,0.9578722162447156,0.42323611288435553,0.008928571428571428,0.2857142857142857,0.014324556296803986
40,109,97.32142857142857,112,2,108,0,2,0.017857142857142856,0.6439331198665543,0.6397732549308699,0.08946979452845712,0.4928826198422485,0.2550218996947074,0.871405169523978,9.107142857142858,4.519686177093536,0.2749553959726394,0.9133986712344752,0.1829304979590109,1.0,0.08660132876552484,0.0028454789856058593,0,4,0,0,0,0.5,0.21428571428571427,0.11844570030725042,0.16764386519945215,0.9675059675032659,0.4144378593986838,0.017857142857142856,0.24999999999999997,0.014358039418486065
41,108,96.42857142857143,112,1,109,0,2,0.008928571428571428,0.6495554986105381,0.6455370796262965,0.09374220346534952,0.49394349510758834,0.2533580798336082,0.8801954986982162,9.107142857142858,4.519686177093536,0.27717536281794186,0.9499343534262206,0.19651239791282235,1.0,0.05006564657377943,-0.0021056411143568674,0,3,0,0,0,0.6666666666666666,0.22321428571428573,0.12029699938125833,0.15557182685139598,0.9610579534128344,0.4202179050713359,0.008928571428571428,0.2857142857142857,0.01441012542856787
42,107,95.53571428571429,112,1,111,0,0,0.008928571428571428,0.648732520520695,0.6435675365103256,0.09448687787606322,0.4949316341257515,0.2591291376442492,0.9173872086061119,9.107142857142858,4.519686177093536,0.27926975914567453,0.7381830893576908,0.21607633393408554,1.0,0.26181691064230916,-0.012875428442846615,0,1,0,0,0,0.0,0.24107142857142858,0.12199376268331953,0.18603195208466203,0.9598030500553449,0.41466311794483657,0.008928571428571428,0.21428571428571427,0.014428340929425848
43,107,95.53571428571429,112,0,112,0,0,0.0,0.6538265218905105,0.6486017132458305,0.09563220485816723,0.4960140870544777,0.261007184221779,0.8889738660062391,9.107142857142858,4.519686177093536,0.2794707119027515,0.0,0.0,0.0,0.0,0.0,0,0,0,0,0,0.0,0.22321428571428573,0.12254953325719671,0.20599672269867522,0.9642906716803602,0.4123873302965237,0.0,0.24999999999999997,0.014478272673971516
44,108,96.42857142857143,112,0,112,0,0,0.0,0.6580309125850459,0.6525917571588237,0.09647437890536976,0.49719188647836704,0.25926869573768,0.9373954781809667,9.107142857142858,4.519686177093536,0.2796270565899579,0.0,0.0,0.0,0.0,0.0,0,0,0,0,0,0.0,0.21428571428571427,0.12275353472867441,0.20936784396085767,0.9631924986725672,0.41115655575008564,0.0,0.24999999999999997,0.0145259110463219
45,110,98.21428571428571,112,0,112,0,0,0.0,0.658495662526015,0.6528928098940682,0.09678428863548215,0.49832733837558957,0.26340228133076593,0.9462861330320299,9.107142857142858,4.519686177093536,0.28159429830184224,0.0,0.0,0.0,0.0,0.0,0,0,0,0,0,0.0,0.23214285714285715,0.12407945888445347,0.23527081546844364,0.9519979738899751,0.4068762067078485,0.0,0.2857142857142857,0.014553894227249904
46,111,99.10714285714286,112,0,112,0,0,0.0,0.6601162650821225,0.654430811836134,0.09852473669129783,0.499467081699309,0.2639674634427432,0.9571252157569182,9.107142857142858,4.519686177093536,0.2818106108206673,0.0,0.0,0.0,0.0,0.0,0,0,0,0,0,0.0,0.20535714285714285,0.124721911450843,0.2370221753803004,0.9623818972293796,0.40593101744634275,0.0,0.24999999999999997,0.014587753650758685
47,111,99.10714285714286,112,1,111,0,0,0.008928571428571428,0.658752632677845,0.6550524837122091,0.09544152193673999,0.5005152994127808,0.2678175796583505,0.9878566629045437,9.107142857142858,4.519686177093536,0.2780794580190815,0.918905944975635,0.21764135090502096,1.0,0.08109405502436495,0.0013060269244543066,0,1,0,0,0,0.0,0.19642857142857142,0.1213355785350995,0.25534852511581846,0.9562285507275405,0.3985746060551545,0.008928571428571428,0.25,0.014604623564288115
48,110,98.21428571428571,112,1,108,2,1,0.008928571428571428,0.6554876565631503,0.651089767090281,0.09228199228722882,0.5014609223395854,0.27264339189658854,0.969093173530346,9.107142857142858,4.519686177093536,0.2764668896495053,0.808176572748024,0.20667250004837273,1.0,0.19182342725197601,-0.005551966250012599,0,2,1,1,0,0.25,0.21428571428571427,0.11962109747347759,0.2644347135628485,0.9248422743852422,0.3958419875194911,0.008928571428571428,0.3392857142857143,0.014609668278069749
49,110,98.21428571428571,112,0,112,0,0,0.0,0.6540916602346185,0.6497770396161365,0.09130409336014396,0.5022907687822438,0.2738999713991985,0.9887505218726425,9.107142857142858,4.519686177093536,0.2765328609185853,0.0,0.0,0.0,0.0,0.0,0,0,0,0,0,0.0,0.20535714285714285,0.11939613063565578,0.2573969924853484,0.9319639063595082,0.3969611724559686,0.0,0.3392857142857143,0.014621441523907056
50,110,98.21428571428571,112,0,112,0,0,0.0,0.6586705053108403,0.6541313210951422,0.09080842206256311,0.5032405486564371,0.27716633805289675,1.0007584550790847,9.107142857142858,4.519686177093536,0.27677585394548454,0.0,0.0,0.0,0.0,0.0,0,0,0,0,0,0.0,0.20535714285714285,0.11923698908538972,0.27668409668984806,0.9280251483989584,0.3909118663711109,0.0,0.375,0.014665799284131531
51,110,98.21428571428571,112,0,112,0,0,0.0,0.6539652705705228,0.649356720072594,0.08742863576199052,0.5039747638750016,0.28836636172357405,1.0105191173290977,9.107142857142858,4.519686177093536,0.27362854626659283,0.0,0.0,0.0,0.0,0.0,0,0,0,0,0,0.0,0.21428571428571427,0.11643981191964488,0.2697544835489014,0.9226141723236477,0.3847668359096194,0.0,0.375,0.014658865222301731
52,111,99.10714285714286,112,0,112,0,0,0.0,0.655666115688904,0.6511973159630149,0.08938350987676875,0.5047423461962509,0.28602907634471464,1.029683103450041,9.107142857142858,4.519686177093536,0.2720968926986511,0.0,0.0,0.0,0.0,0.0,0,0,0,0,0,0.0,0.20535714285714285,0.11570070433339283,0.2455339491584422,0.9355498285628776,0.3854440582351379,0.0,0.37499999999999994,0.014684715603929296
53,112,100.0,112,0,112,0,0,0.0,0.6563745380258473,0.6520231943427176,0.09149771122634297,0.5055050978942026,0.28553604252934933,1.0169683830013179,9.107142857142858,4.519686177093536,0.273322703319568,0.0,0.0,0.0,0.0,0.0,0,0,0,0,0,0.0,0.19642857142857142,0.11678236341284166,0.23855052050982117,0.9383647734567122,0.3873440393176913,0.0,0.33928571428571425,0.014705494707142948
54,112,100.0,112,0,112,0,0,0.0,0.6572136702845022,0.6528127090655899,0.08750175352231135,0.506261922479333,0.2907800301622645,1.0211468756719053,9.107142857142858,4.519686177093536,0.2696542513683575,0.0,0.0,0.0,0.0,0.0,0,0,0,0,0,0.0,0.20535714285714285,0.11338045178143982,0.24920681051226978,0.9380564387815934,0.38366417124660196,0.0,0.3392857142857143,0.014726793416515714
55,112,100.0,112,0,112,0,0,0.0,0.660115246048718,0.6555657217403389,0.08816218467571107,0.5070840829949559,0.29346590448612364,1.023995056583103,9.107142857142858,4.519686177093536,0.2708680970039403,0.0,0.0,0.0,0.0,0.0,0,0,0,0,0,0.0,0.22321428571428573,0.11396014264723044,0.2515784705243154,0.9386788563290321,0.3862573974065538,0.0,0.3392857142857143,0.014759880832925858
56,111,99.10714285714286,112,1,111,0,0,0.008928571428571428,0.6635018911177502,0.6587932123533028,0.08651541059892763,0.5079927059358004,0.2949785542209768,1.071320506995595,9.107142857142858,4.519686177093536,0.2675602621076205,0.999846538209413,0.20453142722624157,1.0,0.00015346179058695064,-0.010122501659635186,0,1,0,0,0,1.0,0.21428571428571427,0.11115301134080544,0.24945894639891192,0.9294905814234373,0.3796295623219302,0.008928571428571428,0.30357142857142855,0.014797347511000643
57,111,99.10714285714286,112,0,112,0,0,0.0,0.6566046756659415,0.651833827110694,0.08393817619358243,0.50860170453021,0.30095744327674323,1.045117090006587,9.107142857142858,4.519686177093536,0.2654027867903941,0.0,0.0,0.0,0.0,0.0,0,0,0,0,0,0.0,0.22321428571428573,0.10966877599644874,0.2559262127049895,0.9249015979424251,0.37437519947895065,0.0,0.30357142857142855,0.014776623846386713
58,111,99.10714285714286,112,0,112,0,0,0.0,0.660536185704197,0.6556759935517802,0.08918019193985753,0.5093221013917604,0.29356746432975717,1.0248174500604448,9.107142857142858,4.519686177093536,0.2712782413212196,0.0,0.0,0.0,0.0,0.0,0,0,0,0,0,0.0,0.21428571428571427,0.11461986350375644,0.25112009226977405,0.9367852140593317,0.38352160830823767,0.0,0.3035714285714286,0.014812561235263843
59,111,99.10714285714286,112,0,112,0,0,0.0,0.6630631839361054,0.6581027991879171,0.0927573299191403,0.5100976857750442,0.28734897958066263,1.0089763772602627,9.107142857142858,4.519686177093536,0.2756285822566027,0.0,0.0,0.0,0.0,0.0,0,0,0,0,0,0.0,0.21428571428571427,0.11842393602149641,0.25356770461714406,0.9369982688289133,0.3883019034626799,0.0,0.3035714285714286,0.014842723216504875
60,111,99.10714285714286,112,0,112,0,0,0.0,0.6601601319651567,0.6553793114324479,0.09229740358357863,0.5107397416984701,0.2873379983406647,1.0114713836925477,9.107142857142858,4.519686177093536,0.2746347646701741,0.0,0.0,0.0,0.0,0.0,0,0,0,0,0,0.0,0.21428571428571427,0.11785528246399224,0.24586156484073368,0.9369982688289133,0.38866805974168334,0.0,0.3035714285714286,0.014842717413060277
61,111,99.10714285714286,112,1,111,0,0,0.008928571428571428,0.6616583758408235,0.6565545577388746,0.09565908217615936,0.5113973177552541,0.281325552019042,1.003753867297781,9.107142857142858,4.519686177093536,0.28015326763939785,0.8621195283279025,0.20742417631164983,1.0,0.1378804716720975,-0.006261586296601784,0,1,0,0,0,0.0,0.25,0.12251446433163647,0.2580380220307199,0.9436258457257112,0.3882106423055453,0.008928571428571428,0.2857142857142857,0.014865068819509782
62,110,98.21428571428571,112,1,111,0,0,0.008928571428571428,0.6598323979182945,0.6546600655747656,0.0945794590730837,0.5119562957167666,0.28742295419322744,1.0291731329114355,9.107142857142858,4.519686177093536,0.27988269373923935,0.922156465550956,0.20766522120147377,1.0,0.07784353444904402,0.005846035170953556,1,0,0,0,0,0.0,0.23214285714285715,0.12222690669485735,0.26011804729674437,0.9512775608452887,0.38638090170476297,0.008928571428571428,0.23214285714285715,0.014868570954726877
63,110,98.21428571428571,112,0,112,0,0,0.0,0.6636623313621988,0.6581898777245101,0.09807570101831714,0.5126159713245306,0.28499168631585226,1.0636036802398245,9.107142857142858,4.519686177093536,0.28148219115588957,0.0,0.0,0.0,0.0,0.0,0,0,0,0,0,0.0,0.21428571428571427,0.12425279954833097,0.25589837119506836,0.9517461770454576,0.386178209857126,0.0,0.1964285714285714,0.014902628255575283
64,110,98.21428571428571,112,0,112,0,0,0.0,0.6649555937860627,0.6594685547173069,0.10152794013961094,0.5132920654148713,0.282364067767595,1.0148291674947287,9.107142857142858,4.519686177093536,0.28486643569353887,0.0,0.0,0.0,0.0,0.0,0,0,0,0,0,0.0,0.23214285714285715,0.12727493669042433,0.23414205407597719,0.9409303019609857,0.3934097207992923,0.0,0.23214285714285715,0.014924373233267238
65,110,98.21428571428571,112,0,112,0,0,0.0,0.6661823129479104,0.6606018418679676,0.10871403397732954,0.513978578992223,0.27403989219720337,0.9376396256914682,9.107142857142858,4.519686177093536,0.2909331980419334,0.0,0.0,0.0,0.0,0.0,0,0,0,0,0,0.0,0.23214285714285715,0.13350371163113153,0.2203239374385818,0.9498664975398254,0.40647119556128103,0.0,0.23214285714285715,0.014946020958706195
66,110,98.21428571428571,112,1,111,0,0,0.008928571428571428,0.6625377339689243,0.6566279427244627,0.10024131763491723,0.5145077286532056,0.28335893222980846,0.9795886691991329,9.107142857142858,4.519686177093536,0.2832988673183965,0.5642804095613606,0.21109805051586722,1.0,0.4357195904386394,-0.011857077040154429,1,0,0,0,0,0.0,0.21428571428571427,0.1263933876538339,0.21405935565102419,0.940293269156929,0.3946694366325995,0.008928571428571428,0.25,0.014939756015853048
67,111,99.10714285714286,112,0,112,0,0,0.0,0.6673725637505326,0.661597464179769,0.1009344507247134,0.5151752972704162,0.2837925840350448,0.9453954730004697,9.107142857142858,4.519686177093536,0.28218579515395326,0.0,0.0,0.0,0.0,0.0,0,0,0,0,0,0.0,0.20535714285714285,0.12552076129045128,0.2342975350163391,0.947855842604863,0.3905709886286236,0.0,0.25,0.01497901616801843
68,111,99.10714285714286,112,0,112,0,0,0.0,0.6677717263632387,0.6618549179292458,0.10098180157331825,0.5158220027623341,0.2837733069863125,0.9000542030023684,9.107142857142858,4.519686177093536,0.2822002697322312,0.0,0.0,0.0,0.0,0.0,0,0,0,0,0,0.0,0.23214285714285715,0.125694500844022,0.23959409417713598,0.9355680807503275,0.39259393238408424,0.0,0.2857142857142857,0.01499562651044432
69,111,99.10714285714286,112,0,112,0,0,0.0,0.671422959374737,0.6654488294250526,0.10368697962507421,0.5165694260124019,0.2831764564302964,0.9204817489857293,9.107142857142858,4.519686177093536,0.28385945795697,0.0,0.0,0.0,0.0,0.0,0,0,0,0,0,0.0,0.20535714285714285,0.12735009260321117,0.23328945521513325,0.9232735526107191,0.39411488183879445,0.0,0.32142857142857145,0.01503077326816066
70,111,99.10714285714286,112,0,112,0,0,0.0,0.6727957099368059,0.6667834092594258,0.10427975160850995,0.5173313231333889,0.28469905425773134,0.936572889305191,9.107142857142858,4.519686177093536,0.2845217999103533,0.0,0.0,0.0,0.0,0.0,0,0,0,0,0,0.0,0.20535714285714285,0.12784014107696917,0.22556030770247135,0.9322767136787825,0.39403202280575733,0.0,0.2857142857142857,0.015054854700401467
71,112,100.0,112,0,112,0,0,0.0,0.6770360256203073,0.6709029011395319,0.10684904545381817,0.5182077353795724,0.28134228992494925,0.9237076192666228,9.107142857142858,4.519686177093536,0.2860498760558061,0.0,0.0,0.0,0.0,0.0,0,0,0,0,0,0.0,0.21428571428571427,0.12922496965988967,0.22840658594963645,0.9453136162347413,0.39370442323653115,0.0,0.28571428571428575,0.01509586182039153
72,111,99.10714285714286,112,1,111,0,0,0.008928571428571428,0.6793829552120523,0.6748912834017838,0.1070299988192163,0.5191331393992095,0.285076624561664,0.9888520617220787,9.107142857142858,4.519686177093536,0.2846529307446177,0.9950474094007973,0.21449720197763467,1.0,0.004952590599202722,0.0008850932866331096,0,1,0,0,0,1.0,0.19642857142857142,0.1280875351384027,0.22384271064637756,0.945566072596562,0.39199712784081814,0.008928571428571428,0.2678571428571429,0.015128509147129156
73,111,99.10714285714286,112,0,112,0,0,0.0,0.6767734936425829,0.6722539375830929,0.10734737948502966,0.5199769652905999,0.2857790162991893,0.9995580113161138,9.107142857142858,4.519686177093536,0.2835923929928912,0.0,0.0,0.0,0.0,0.0,0,0,0,0,0,0.0,0.22321428571428573,0.12776587299073677,0.2109848130879152,0.9357448115460354,0.39307410872568566,0.0,0.19642857142857145,0.015134530980367765
74,110,98.21428571428571,112,1,111,0,0,0.008928571428571428,0.6771305168266502,0.6724885547603396,0.11000731325217347,0.5207915005531752,0.2793367217185509,0.979987080493827,9.107142857142858,4.519686177093536,0.28620561666006483,0.774448907215604,0.21479430627504786,1.0,0.225551092784396,-0.0042122200485470995,1,0,0,0,0,0.0,0.23214285714285715,0.1301376660412935,0.18732901704494714,0.9504426416584921,0.3992344794692139,0.008928571428571428,0.23214285714285712,0.015154723315123186
75,109,97.32142857142857,112,2,110,0,0,0.017857142857142856,0.6730167737000823,0.6669347796715789,0.1044220455394877,0.5214194195493814,0.28739081842125064,0.9995986812726712,9.107142857142858,4.519686177093536,0.2854509347486669,0.9703627741104663,0.19546403504082444,1.0,0.029637225889533658,0.0016722446306420696,0,2,0,0,0,0.5,0.22321428571428573,0.12844807894024926,0.20328764878084307,0.9587158605129973,0.39794668849483206,0.017857142857142856,0.23214285714285715,0.015148344583527784
76,108,96.42857142857143,112,1,111,0,0,0.008928571428571428,0.6751482033060636,0.6698283912838864,0.1041092041973277,0.522042515981988,0.2874634923148968,0.9824789977672888,9.107142857142858,4.519686177093536,0.2852896052882279,0.7820142573093737,0.21213731469753275,1.0,0.21798574269062632,0.0030269642778291694,0,1,0,0,0,0.0,0.24107142857142858,0.12824146955302407,0.21153194223609612,0.9448913885766381,0.3944607267780422,0.008928571428571428,0.23214285714285715,0.015173082733224933
77,109,97.32142857142857,112,0,112,0,0,0.0,0.6794533610281501,0.6742219735213801,0.10424546093347596,0.5228260064207373,0.2843064689141741,0.9672350528902559,9.107142857142858,4.519686177093536,0.28310908343737307,0.0,0.0,0.0,0.0,0.0,0,0,0,0,0,0.0,0.23214285714285715,0.12657987482196684,0.20937134931398543,0.9328552797258967,0.39458903240909177,0.0,0.19642857142857142,0.015212314176364865
78,108,96.42857142857143,112,1,111,0,0,0.008928571428571428,0.6793887951857652,0.6739848116996499,0.1011629226940458,0.5235720680924272,0.29517154816726304,1.0360947404418124,9.107142857142858,4.519686177093536,0.2795180635946368,0.6246290080210748,0.2048228274627229,1.0,0.3753709919789252,-0.00875919135258696,1,0,0,0,0,0.0,0.22321428571428573,0.12345897153494047,0.20600047406161423,0.9349210722928688,0.38571980367980224,0.008928571428571428,0.19642857142857145,0.015228851170276921
79,108,96.42857142857143,112,0,112,0,0,0.0,0.6731830421457575,0.6678612565566363,0.09574822998578271,0.5240564400195339,0.29585296428262337,1.04128783699955,9.107142857142858,4.519686177093536,0.27614870459460117,0.0,0.0,0.0,0.0,0.0,0,0,0,0,0,0.0,0.23214285714285715,0.12012072705124845,0.2164928439652855,0.9520862349496131,0.3817398606838891,0.0,0.23214285714285715,0.015208768450594464
80,110,98.21428571428571,112,0,112,0,0,0.0,0.6738545897019661,0.6683652582043067,0.10127200066309863,0.5245371432898469,0.2943510854626717,1.028260885307769,9.107142857142858,4.519686177093536,0.2819768607566371,0.0,0.0,0.0,0.0,0.0,0,0,0,0,0,0.0,0.22321428571428573,0.1260180372015723,0.21826907224160427,0.9341732834643244,0.38979321962796915,0.0,0.26785714285714285,0.015222989328006094
81,111,99.10714285714286,112,0,112,0,0,0.0,0.6755719621369446,0.6700762590365154,0.1031083379165924,0.5250579857753815,0.289429271898621,1.0090604479830467,9.107142857142858,4.519686177093536,0.28429341442278044,0.0,0.0,0.0,0.0,0.0,0,0,0,0,0,0.0,0.21428571428571427,0.12785701499311591,0.21973386909770107,0.948579466613263,0.3941730047929742,0.0,0.23214285714285715,0.015243346413092556
82,111,99.10714285714286,112,0,112,0,0,0.0,0.6800024227534721,0.6744270887833463,0.10599761426844713,0.525712602895618,0.2895411842808624,1.0015534683023781,9.107142857142858,4.519686177093536,0.28563385160928734,0.0,0.0,0.0,0.0,0.0,0,0,0,0,0,0.0,0.23214285714285715,0.12908971021326002,0.21207657823246764,0.9400209486613196,0.39773522059010663,0.0,0.26785714285714285,0.015280292035923302
83,111,99.10714285714286,112,1,111,0,0,0.008928571428571428,0.6810625741979288,0.6751643262258126,0.10990116152419006,0.5263852746242348,0.2903889254307508,1.0032910527207048,9.107142857142858,4.519686177093536,0.2856065774019003,0.8509089996621142,0.2095983749002468,1.0,0.1490910003378858,0.009017407518266629,0,1,0,0,0,0.0,0.22321428571428573,0.1304157785707499,0.1970057729724933,0.9404721010471938,0.40133705269152614,0.008928571428571428,0.23214285714285715,0.015300794118713339
84,111,99.10714285714286,112,0,111,1,0,0.0,0.6767696710335657,0.6709032525558273,0.10738332530071651,0.5268524893827367,0.2902836790387204,1.011420679722345,9.107142857142858,4.519686177093536,0.2848060635234966,0.7375238344764141,0.20828136657505783,1.0,0.2624761655235859,0.006101188239638844,0,0,1,0,0,0.0,0.19642857142857142,0.1295205648964547,0.1935733368273514,0.940596565595615,0.39926964770447304,0.0,0.2678571428571429,0.015289887923320197
85,110,98.21428571428571,112,1,111,0,0,0.008928571428571428,0.6729242796813312,0.6668178852179983,0.10770784999051798,0.5271605863668066,0.2949080562644599,1.0299363881316481,9.107142857142858,4.519686177093536,0.2836693307704883,0.6546512423896372,0.1975099243347506,1.0,0.34534875761036277,-0.0008031459491999737,0,1,0,0,0,0.0,0.19642857142857142,0.12954988344863477,0.19373455891837726,0.9408033154090863,0.39878749542743347,0.008928571428571428,0.23214285714285715,0.015277623474959553
86,110,98.21428571428571,112,0,112,0,0,0.0,0.6760634018319881,0.6697568862285243,0.11435543182889327,0.5275513097393031,0.2872898609795402,1.0015398083751978,9.107142857142858,4.519686177093536,0.28950508326908375,0.0,0.0,0.0,0.0,0.0,0,0,0,0,0,0.0,0.19642857142857142,0.1353714553353668,0.19085412793819787,0.9455664690015108,0.40889687860406765,0.0,0.2678571428571429,0.015302148820841535
87,110,98.21428571428571,112,0,112,0,0,0.0,0.6803134854530759,0.6738629991180528,0.11886124815409618,0.5280728403748891,0.29339347854782677,1.0006879049758075,9.107142857142858,4.519686177093536,0.29172682733815103,0.0,0.0,0.0,0.0,0.0,0,0,0,0,0,0.0,0.1875,0.13791962209301803,0.1950219230001712,0.9334383734731285,0.4109225636793959,0.0,0.23214285714285715,0.015335185012969918
88,111,99.10714285714286,112,0,112,0,0,0.0,0.6758210914467992,0.6694155612093738,0.11626325706621254,0.5284099912733146,0.29670747023227495,1.0122795484373948,9.107142857142858,4.519686177093536,0.2906314196634967,0.0,0.0,0.0,0.0,0.0,0,0,0,0,0,0.0,0.21428571428571427,0.13711770644633323,0.1968699568726714,0.9311060230094366,0.4116172512449537,0.0,0.2678571428571429,0.015320342124214575
89,111,99.10714285714286,112,0,112,0,0,0.0,0.679986878181077,0.6735976387377334,0.11742988672817525,0.5288831174331596,0.29427395042978466,1.0286889801480148,9.107142857142858,4.519686177093536,0.28968296284576667,0.0,0.0,0.0,0.0,0.0,0,0,0,0,0,0.0,0.19642857142857142,0.13591014000403207,0.2000554497434259,0.9307865678551861,0.40928313112202075,0.0,0.2678571428571429,0.01535186296670933
90,112,100.0,112,0,112,0,0,0.0,0.6750400754080265,0.668784792803528,0.115192073173298,0.5291608393494276,0.29997096443679566,1.0391702068285347,9.107142857142858,4.519686177093536,0.285738523883142,0.0,0.0,0.0,0.0,0.0,0,0,0,0,0,0.0,0.17857142857142858,0.1334184096985697,0.18852938507784503,0.9113073731088771,0.4056834920597304,0.0,0.23214285714285715,0.015333405032374238
91,112,100.0,112,0,112,0,0,0.0,0.6768425765505454,0.670589166680458,0.11822072025730372,0.529491250735994,0.3005534105124271,1.041662881957391,9.107142857142858,4.519686177093536,0.2869832927590501,0.0,0.0,0.0,0.0,0.0,0,0,0,0,0,0.0,0.1875,0.134812404015436,0.1784364965400034,0.9383605836282536,0.4066037160796167,0.0,0.2678571428571429,0.015349884316969927
92,112,100.0,112,0,112,0,0,0.0,0.6746489733719236,0.6685851618779192,0.1265696929009005,0.5297342687823554,0.3017799644355768,1.0437968441688341,9.107142857142858,4.519686177093536,0.28800536502220986,0.0,0.0,0.0,0.0,0.0,0,0,0,0,0,0.0,0.1875,0.1385095110665537,0.1490274456381498,0.8946209438395839,0.41772588951529854,0.0,0.26785714285714285,0.015344408127601437
93,111,99.10714285714286,112,1,111,0,0,0.008928571428571428,0.6755784172301401,0.6702028141757048,0.13090827060605817,0.5300078676776463,0.2972361044435408,1.0318599248392564,9.107142857142858,4.519686177093536,0.28855809857750625,0.9589382503260353,0.20527510741941107,1.0,0.0410617496739647,0.004417027012410812,1,0,0,0,0,1.0,0.1875,0.13978816751839865,0.13035324922475525,0.934364644630844,0.42604967980768377,0.008928571428571428,0.2857142857142857,0.01535523825261809
94,110,98.21428571428571,112,1,110,1,0,0.008928571428571428,0.6813016707827992,0.674672215121595,0.13160309787666072,0.5304879079922533,0.2931310876031814,1.0106395492184395,9.107142857142858,4.519686177093536,0.29094484290542555,0.7849254520334621,0.2117301437417651,1.0,0.21507454796653797,0.00871537545966529,0,1,0,1,0,0.5,0.1875,0.14058496653291336,0.14484863783742827,0.9191322698203428,0.4292171050937226,0.008928571428571428,0.3214285714285715,0.015394702678253271
95,110,98.21428571428571,112,0,112,0,0,0.0,0.6856823088083999,0.6787262469300772,0.14385613100429964,0.5310525564338183,0.2835510126865017,1.0006398861802912,9.107142857142858,4.519686177093536,0.29736640840468365,0.0,0.0,0.0,0.0,0.0,0,0,0,0,0,0.0,0.17857142857142858,0.1483206464238849,0.14033473863488105,0.914674636524579,0.4397276932058127,0.0,0.3571428571428571,0.015429366037162568
96,110,98.21428571428571,112,0,111,1,0,0.0,0.6869460350457954,0.6799076796442172,0.1493164922617917,0.531634402178679,0.2823017566037217,0.9982384402451329,9.107142857142858,4.519686177093536,0.29818881013876375,0.581104005513627,0.211719823455634,1.0,0.41889599448637305,0.008456955129907073,0,0,0,1,0,0.0,0.19642857142857142,0.15096640310706988,0.1314304501547794,0.9082512297788408,0.4416431192855375,0.0,0.3571428571428571,0.015448833469200783
97,110,98.21428571428571,112,0,112,0,0,0.0,0.6866801259001364,0.6795061022044441,0.15144274950337674,0.5321754302898082,0.2837809869884747,1.001930841273724,9.107142857142858,4.519686177093536,0.2992777058984206,0.0,0.0,0.0,0.0,0.0,0,0,0,0,0,0.0,0.1875,0.15280670780237143,0.13096664946244072,0.9274402228760685,0.4442681491223532,0.0,0.2857142857142857,0.015459730309848936
98,110,98.21428571428571,112,1,111,0,0,0.008928571428571428,0.6912647305017011,0.6861269325871643,0.1636962283050469,0.532860480366786,0.2793010271661519,0.9994349202279061,9.107142857142858,4.519686177093536,0.30199932598560886,0.9999999999417597,0.21452890454474657,1.0,5.824030147039139e-11,0.006057467893032797,0,1,0,0,0,1.0,0.20535714285714285,0.15796258240669078,0.13835959590609542,0.9094002667908412,0.44227586184592166,0.008928571428571428,0.3214285714285715,0.015498134389674428
99,109,97.32142857142857,112,2,109,1,0,0.017857142857142856,0.7019672745994523,0.6972000506348827,0.17634552018352725,0.5339642560903346,0.2828784702718025,1.03197415984228,9.107142857142858,4.519686177093536,0.30746220173124184,0.8249366909052464,0.21533653620601448,1.0,0.17506330909475368,0.0004879806878675212,0,2,0,1,0,0.3333333333333333,0.1875,0.16490789997574343,0.18801458630864287,0.9244486960963025,0.44144794595132275,0.017857142857142856,0.3214285714285714,0.015576590709564854
100,109,97.32142857142857,112,0,112,0,0,0.0,0.6995085749024269,0.6947258309867149,0.16952071503932942,0.5349502892986432,0.2889058307114502,1.041154625612732,9.107142857142858,4.519686177093536,0.3050877729447792,0.0,0.0,0.0,0.0,0.0,0,0,0,0,0,0.0,0.1875,0.1615282565066902,0.19052468034222467,0.908876878233673,0.4390938475565009,0.0,0.35714285714285715,0.015586580014388465
101,109,97.32142857142857,112,0,112,0,0,0.0,0.7053290982833481,0.7004738412012246,0.1856170085204197,0.5360995905188327,0.2853452935651902,1.029626070717241,9.107142857142858,4.519686177093536,0.3117525980446145,0.0,0.0,0.0,0.0,0.0,0,0,0,0,0,0.0,0.17857142857142858,0.17032515743438167,0.17197620311340056,0.8962999377974761,0.45031965546439284,0.0,0.35714285714285715,0.015641655035484106
102,109,97.32142857142857,112,0,112,0,0,0.0,0.7111783883241678,0.7063272426848687,0.20311051625965743,0.5374085912328372,0.28219609891082353,0.9892966217662156,9.107142857142858,4.519686177093536,0.31469782859439355,0.0,0.0,0.0,0.0,0.0,0,0,0,0,0,0.0,0.1875,0.17703158300082694,0.1605650746841342,0.9188815303812498,0.45385959804607257,0.0,0.35714285714285715,0.015700482847852665
103,110,98.21428571428571,112,0,112,0,0,0.0,0.7010405553283316,0.696277240092729,0.1901556661499094,0.5382950463601491,0.29231209115001,1.0094247906586453,9.107142857142858,4.519686177093536,0.31100680150628324,0.0,0.0,0.0,0.0,0.0,0,0,0,0,0,0.0,0.19642857142857142,0.172327293509731,0.16187943996058565,0.9260217645196864,0.44904238430019056,0.0,0.3214285714285714,0.01566982617780111
104,112,100.0,112,0,112,0,0,0.0,0.6954875851489867,0.6908990537458155,0.17890024487734196,0.538946974781686,0.301182067992997,1.0267424102029776,9.107142857142858,4.519686177093536,0.30769628863578924,0.0,0.0,0.0,0.0,0.0,0,0,0,0,0,0.0,0.1875,0.1671086670878227,0.1660231090706715,0.9177163179113571,0.4433004161295263,0.0,0.35714285714285715,0.015656793886280756
105,112,100.0,112,0,112,0,0,0.0,0.6970264822612516,0.6924677176742184,0.1775746022532019,0.5396261570338596,0.30097184179773595,1.0443507416417976,9.107142857142858,4.519686177093536,0.30747174949404044,0.0,0.0,0.0,0.0,0.0,0,0,0,0,0,0.0,0.1875,0.1660155058243776,0.16140114643683096,0.9230691968083863,0.4452718962275616,0.0,0.35714285714285715,0.015679836825026466
106,112,100.0,112,0,112,0,0,0.0,0.6932944980167716,0.6887055309701445,0.1726710303935914,0.5401386111537282,0.301185304920396,1.0548549485184184,9.107142857142858,4.519686177093536,0.30818133186944885,0.0,0.0,0.0,0.0,0.0,0,0,0,0,0,0.0,0.21428571428571427,0.16548518920937247,0.1541791739481174,0.9101653175828468,0.4497721108757155,0.0,0.35714285714285715,0.015672757562813888
107,112,100.0,112,0,112,0,0,0.0,0.6938247927060639,0.6891730142445381,0.16758225280527447,0.5406448069771236,0.2968908880807389,1.054460546855055,9.107142857142858,4.519686177093536,0.30743696847941093,0.0,0.0,0.0,0.0,0.0,0,0,0,0,0,0.0,0.1875,0.16337074614801236,0.16049194465743402,0.9151993882755118,0.4493967055429695,0.0,0.3214285714285714,0.015686848267589863
108,112,100.0,112,0,112,0,0,0.0,0.697983842586345,0.6933863783298194,0.1616483321766378,0.5412804690051826,0.29886734659582476,1.0528905855451416,9.107142857142858,4.519686177093536,0.3040852974397239,0.0,0.0,0.0,0.0,0.0,0,0,0,0,0,0.0,0.16071428571428573,0.15799549075365402,0.14556570975534022,0.9080046779389871,0.4468067586153674,0.0,0.35714285714285715,0.015722008481398875
109,111,99.10714285714286,112,1,111,0,0,0.008928571428571428,0.6980959210059462,0.6926782816306852,0.1658203151427165,0.5418928924899589,0.29540063995606886,1.0424851204579269,9.107142857142858,4.519686177093536,0.30752338775722854,0.71970772118463,0.20154166347045138,1.0,0.28029227881537,0.008462567837510815,0,1,0,0,0,0.0,0.1875,0.1617367968749264,0.149981291911968,0.9012313558334846,0.45190682527582676,0.008928571428571428,0.4107142857142857,0.015736408683290237
110,110,98.21428571428571,112,1,111,0,0,0.008928571428571428,0.7016246883474709,0.6974212482095132,0.1720901799940415,0.5425721908556186,0.2932032869936264,0.9994011344956896,9.107142857142858,4.519686177093536,0.3099661781839158,0.846504863349022,0.20111611139619234,1.0,0.15349513665097803,0.005082888578723299,0,1,0,0,0,0.0,0.1875,0.16472501901379047,0.1409898269069328,0.9112252254592688,0.45232276824689877,0.008928571428571428,0.375,0.01576940359716483
111,110,98.21428571428571,112,0,112,0,0,0.0,0.7071444778050012,0.7029997123826498,0.1721054402165541,0.5434683352052163,0.28990415486284665,0.9960522988802974,9.107142857142858,4.519686177093536,0.3075268861349656,0.0,0.0,0.0,0.0,0.0,0,0,0,0,0,0.0,0.17857142857142858,0.16220789416808193,0.13864139717543839,0.9098125317409547,0.4512328847412733,0.0,0.375,0.01581725400060027
112,110,98.21428571428571,112,0,112,0,0,0.0,0.7056799176803116,0.7017290193768261,0.17258933195676557,0.5442780315736087,0.2875478749971266,0.9930475404979272,9.107142857142858,4.519686177093536,0.3062606983784626,0.0,0.0,0.0,0.0,0.0,0,0,0,0,0,0.0,0.19642857142857142,0.1611476833237059,0.12431091739599444,0.9355336495638039,0.45461377925459134,0.0,0.3392857142857143,0.01582822906739615
113,110,98.21428571428571,112,1,111,0,0,0.008928571428571428,0.7113372839782758,0.7071781357679421,0.18750643437036102,0.5452536637732995,0.2789531200856379,0.9763909643974452,9.107142857142858,4.519686177093536,0.31204603967108624,0.939948584722029,0.182272562394369,1.0,0.060051415277970976,0.012491872136544263,0,1,0,0,0,0.0,0.17857142857142858,0.16874814028695825,0.11587191033524799,0.9362710834723372,0.4651413225227782,0.008928571428571428,0.3214285714285714,0.015878563655720324
114,110,98.21428571428571,112,1,111,0,0,0.008928571428571428,0.7086960560884584,0.7036575361277968,0.18721822376494587,0.5460918945972777,0.2802815855968376,0.9750863906195121,9.107142857142858,4.519686177093536,0.3094216808155157,0.9924309430820096,0.21022149688811306,1.0,0.007569056917990369,0.011779247531037984,0,1,0,0,0,1.0,0.19642857142857142,0.16651319027345557,0.0934167804670933,0.9445817369426623,0.46567037204783734,0.008928571428571428,0.2857142857142857,0.015884300217612973
115,108,96.42857142857143,112,2,110,0,0,0.017857142857142856,0.7031859294742596,0.6986705410575496,0.19084986023348727,0.5466561944407239,0.2894845887551148,0.9957079052054719,9.107142857142858,4.519686177093536,0.3067885793436258,0.8539877682691264,0.21836802518647164,1.0,0.14601223173087358,0.0021988823710710204,1,1,0,0,0,0.5,0.22321428571428573,0.16700462758841642,0.08813481577246043,0.9364711466624063,0.45507301125038657,0.017857142857142856,0.2857142857142857,0.015869501875552777
116,108,96.42857142857143,112,0,112,0,0,0.0,0.7078483887570309,0.7034081713875969,0.20211962478841977,0.547382523496962,0.2854262744549746,0.9912220895803144,9.107142857142858,4.519686177093536,0.30765461246010317,0.0,0.0,0.0,0.0,0.0,0,0,0,0,0,0.0,0.21428571428571427,0.17001154465644946,0.08279968890985182,0.9156877494214644,0.4583286703772672,0.0,0.3571428571428571,0.01590922806894414
117,107,95.53571428571429,112,1,111,0,0,0.008928571428571428,0.7075576606509195,0.7045138654545113,0.19347996603988327,0.5480689260414993,0.29283907558256084,1.0072283356894727,9.107142857142858,4.519686177093536,0.30361896125745047,0.9934152431345675,0.17955506576941266,1.0,0.006584756865432473,0.009705582268987517,0,1,0,0,0,1.0,0.19642857142857142,0.16494010267260903,0.08239619048263522,0.921958609680323,0.45398657305178247,0.008928571428571428,0.3214285714285714,0.015923286048875916
118,107,95.53571428571429,112,1,111,0,0,0.008928571428571428,0.7093092756803748,0.7059809213451317,0.18630855632949836,0.5488321092075169,0.29897805202070743,1.0204541366630786,9.107142857142858,4.519686177093536,0.30187164623079155,0.9276496577312233,0.21779300842797858,1.0,0.07235034226877668,0.008825155046841615,0,1,0,0,0,0.0,0.19642857142857142,0.16135776677704144,0.09713847040923636,0.9150744196066114,0.44869206388347077,0.008928571428571428,0.30357142857142855,0.015949290866053397
119,107,95.53571428571429,112,1,111,0,0,0.008928571428571428,0.7138757196646578,0.7123415913723199,0.18749279680677142,0.549716991834486,0.288441461893119,1.0047721309595758,9.107142857142858,4.519686177093536,0.3048235808849391,0.5579933018424753,0.20087588237988924,1.0,0.4420066981575247,0.0016946752069640636,0,1,0,0,0,0.0,0.17857142857142858,0.16282077623412916,0.10018234740617434,0.9035821940247918,0.4480125369503946,0.008928571428571428,0.35714285714285715,0.015992120044862123
120,109,97.32142857142857,112,0,112,0,0,0.0,0.7185991943908009,0.7170678120832654,0.19797957631059251,0.5507988807678998,0.27700603402727525,0.9850785594946095,9.107142857142858,4.519686177093536,0.31040361793702154,0.0,0.0,0.0,0.0,0.0,0,0,0,0,0,0.0,0.21428571428571427,0.16870772553012098,0.09260749154768091,0.8913258204239771,0.4577959924327906,0.0,0.35714285714285715,0.01604018641078034
121,109,97.32142857142857,112,0,112,0,0,0.0,0.7231485320751884,0.7216606463615178,0.20983933865593724,0.5519979370735475,0.2712097397008728,0.9799614189921988,9.107142857142858,4.519686177093536,0.31567771835153,0.0,0.0,0.0,0.0,0.0,0,0,0,0,0,0.0,0.21428571428571427,0.17516645699500663,0.08869656204907839,0.906544100145748,0.4647909126181037,0.0,0.32142857142857145,0.016090029890253245
122,110,98.21428571428571,112,0,111,1,0,0.0,0.7267186133642927,0.7251206857547441,0.22362515781939846,0.5532679061348353,0.2666052557669625,0.9807165249713506,9.107142857142858,4.519686177093536,0.32119637610112695,0.7436437397762197,0.18761092280874897,1.0,0.25635626022378033,0.010193913745668914,0,0,0,1,0,0.0,0.22321428571428573,0.18288085111903765,0.09181241383320296,0.9369532661553096,0.46869843029095914,0.0,0.2857142857142857,0.01613657960475696
123,110,98.21428571428571,112,1,110,1,0,0.008928571428571428,0.7274498490611199,0.725010019395358,0.21642723628477978,0.5545059271089793,0.27140451484525996,1.023777322556329,9.107142857142858,4.519686177093536,0.31969633096636096,0.689616398463883,0.2100399176896153,1.0,0.310383601536117,0.008378469780455228,1,0,0,1,0,0.0,0.23214285714285715,0.17971127899602046,0.09348131479768797,0.9298731273227707,0.46730852032396986,0.008928571428571428,0.26785714285714285,0.01616821311466005
124,109,97.32142857142857,112,2,110,0,0,0.017857142857142856,0.7368939629326601,0.736197930099302,0.23840812397821542,0.5559954275766537,0.271297884137317,0.9954711611690422,9.107142857142858,4.519686177093536,0.32581273201756167,0.781613875216185,0.21092103380319333,1.0,0.21838612478381503,0.004022350919471979,0,2,0,0,0,0.5,0.23214285714285715,0.18840854845952879,0.09289790616105609,0.9332053943024986,0.4719613138161788,0.017857142857142856,0.30357142857142855,0.01624909405739036
125,108,96.42857142857143,112,1,111,0,0,0.008928571428571428,0.7388000896805192,0.73674505158363,0.2329616821808488,0.557550610783506,0.2859030427612574,1.0604426332749999,9.107142857142858,4.519686177093536,0.32374968006546245,0.9595408933516145,0.17772526744309594,1.0,0.04045910664838548,0.0178636714818442,0,1,0,0,0,1.0,0.21428571428571427,0.18557619572851833,0.09857316805800412,0.8967683075411472,0.46518881567837805,0.008928571428571428,0.3214285714285714,0.016293769391343946
126,108,96.42857142857143,112,0,112,0,0,0.0,0.7384225253676711,0.7362737983989982,0.22616688464873588,0.5589728849710641,0.294846318154625,1.0773316894559273,9.107142857142858,4.519686177093536,0.3240349152957258,0.0,0.0,0.0,0.0,0.0,0,0,0,0,0,0.0,0.21428571428571427,0.18444739834998083,0.10263099632031067,0.8879970240606737,0.46502070702776954,0.0,0.3571428571428571,0.016324022734707424
127,108,96.42857142857143,112,0,112,0,0,0.0,0.7337642058979493,0.7316761245278398,0.2200930688411429,0.5601646364844287,0.29947023825692803,1.09024955387973,9.107142857142858,4.519686177093536,0.3211530480888072,0.0,0.0,0.0,0.0,0.0,0,0,0,0,0,0.0,0.21428571428571427,0.18138547521700385,0.10008516338137803,0.9094652929211732,0.4571129501109222,0.0,0.3571428571428571,0.016327662851566237
128,109,97.32142857142857,112,0,112,0,0,0.0,0.7339738770875345,0.7319017239967899,0.2205011603742189,0.5613106816797896,0.2978822069826628,1.0885913389083979,9.107142857142858,4.519686177093536,0.3197758302347482,0.0,0.0,0.0,0.0,0.0,0,0,0,0,0,0.0,0.22321428571428573,0.18068323820631746,0.0902627714663897,0.8988706907868881,0.4606487224558075,0.0,0.39285714285714285,0.016354610030653145
129,111,99.10714285714286,112,0,112,0,0,0.0,0.7332629549020064,0.7310594496418079,0.22479558050829093,0.5623744747027961,0.29223227500947807,1.0809584465893078,9.107142857142858,4.519686177093536,0.32194628796865987,0.0,0.0,0.0,0.0,0.0,0,0,0,0,0,0.0,0.22321428571428573,0.1833764735857966,0.08876828383274034,0.8937412473378787,0.4654190093035985,0.0,0.3571428571428571,0.016375095472832363
130,112,100.0,112,0,111,1,0,0.0,0.7337989847870655,0.7316108249154408,0.22303815054985274,0.5634101239652101,0.29215700092682895,1.0796921758851095,9.107142857142858,4.519686177093536,0.3206593285571482,0.8163684384394735,0.22299434568243792,1.0,0.1836315615605265,0.008780581051825054,0,0,0,1,0,0.0,0.21428571428571427,0.18213678062949962,0.09461281200222603,0.8960796573266601,0.4669380898178655,0.0,0.3571428571428571,0.016401179670535906
131,111,99.10714285714286,112,1,111,0,0,0.008928571428571428,0.7323183092898378,0.7296674347841134,0.21681687524183751,0.5643411125167723,0.29833120000583746,1.08413212033931,9.107142857142858,4.519686177093536,0.32056827682885536,0.8297889960408885,0.22054820190844132,1.0,0.17021100395911148,0.008084899026088999,0,1,0,0,0,0.0,0.21428571428571427,0.18083373439240405,0.10555967871984238,0.8896008430282384,0.4671568812070403,0.008928571428571428,0.3571428571428571,0.016414815173487408
132,111,99.10714285714286,112,0,112,0,0,0.0,0.7274701163543756,0.7246512182603899,0.21794752772379317,0.5650362340177798,0.3041192588482639,1.0934074145594566,9.107142857142858,4.519686177093536,0.32149372082849337,0.0,0.0,0.0,0.0,0.0,0,0,0,0,0,0.0,0.21428571428571427,0.18356527917468538,0.10620315559635998,0.8901358328578773,0.4685163684079904,0.0,0.3571428571428571,0.016406282864007617
133,111,99.10714285714286,112,0,112,0,0,0.0,0.7240731061776462,0.7213308390507727,0.21975593619917602,0.5655798816322608,0.3031633513946824,1.096269660015674,9.107142857142858,4.519686177093536,0.32164010886007666,0.0,0.0,0.0,0.0,0.0,0,0,0,0,0,0.0,0.20535714285714285,0.184868603508708,0.10709012190575372,0.8975271161217553,0.4672556332115595,0.0,0.3571428571428571,0.01640158339616587
134,111,99.10714285714286,112,0,112,0,0,0.0,0.7171331392667977,0.7145831064486537,0.21613685312599532,0.5658549770105098,0.2993662985840874,1.0919871586889225,9.107142857142858,4.519686177093536,0.32375737585033626,0.0,0.0,0.0,0.0,0.0,0,0,0,0,0,0.0,0.22321428571428573,0.18658246336495357,0.10968086158146033,0.901563909161905,0.47122932156771113,0.0,0.3214285714285714,0.016373100285503896
135,111,99.10714285714286,112,0,112,0,0,0.0,0.7161754046226118,0.7136505858530922,0.21184262839388213,0.5660839213374093,0.2979957857006038,1.0875814217410125,9.107142857142858,4.519686177093536,0.32332078102181505,0.0,0.0,0.0,0.0,0.0,0,0,0,0,0,0.0,0.21428571428571427,0.18486764837866082,0.10417359178095448,0.9068409620431761,0.4723259474195676,0.0,0.3214285714285714,0.016373485394831026
136,112,100.0,112,0,112,0,0,0.0,0.7155445911440338,0.713008464668983,0.20029134876252036,0.5662793006092941,0.30154902010929063,1.089922070544294,9.107142857142858,4.519686177093536,0.31845712682749916,0.0,0.0,0.0,0.0,0.0,0,0,0,0,0,0.0,0.22321428571428573,0.17767429595090442,0.11162376227520238,0.9061559917004388,0.465229360208497,0.0,0.3214285714285714,0.01637474659241028
137,112,100.0,112,0,112,0,0,0.0,0.7159289469094229,0.71333850211639,0.1996168717834934,0.5664777826767464,0.2995869386701105,1.0855653226856625,9.107142857142858,4.519686177093536,0.3188415771414994,0.0,0.0,0.0,0.0,0.0,0,0,0,0,0,0.0,0.21428571428571427,0.1779930148195659,0.11811509523695987,0.9251511683573619,0.4657854862400209,0.0,0.3214285714285714,0.01638115375452055
138,110,98.21428571428571,112,2,110,0,0,0.017857142857142856,0.7120660060275757,0.709887159828669,0.1933478720624914,0.5665336901163367,0.3139799539527483,1.1076248333363004,9.107142857142858,4.519686177093536,0.31800142729956327,0.8503058304517983,0.18266760713537492,1.0,0.14969416954820164,0.010844005687526068,0,2,0,0,0,0.0,0.22321428571428573,0.17564086629977904,0.12120343983558782,0.9210641177930771,0.460881448446584,0.017857142857142856,0.3214285714285714,0.016363102470520877
139,110,98.21428571428571,112,0,112,0,0,0.0,0.708976958360477,0.7067977310500654,0.18181195932192915,0.5664841767157952,0.3143544609311621,1.104621592540188,9.107142857142858,4.519686177093536,0.3158484699752795,0.0,0.0,0.0,0.0,0.0,0,0,0,0,0,0.0,0.23214285714285715,0.17102947481428132,0.12496427389135092,0.9227500768118865,0.45866748576304467,0.0,0.3214285714285714,0.016346538307025343
140,109,97.32142857142857,112,1,111,0,0,0.008928571428571428,0.711373392523621,0.7085314301079242,0.18656893057252813,0.5665193914776082,0.32052406470422784,1.1122896080132354,9.107142857142858,4.519686177093536,0.3171550208285121,0.8775609236488013,0.1853168735677021,1.0,0.12243907635119866,0.020434096649074612,1,0,0,0,0,0.0,0.23214285714285715,0.17340126373991985,0.12641492779324745,0.924560852524347,0.4616118175139326,0.008928571428571428,0.3035714285714286,0.016359316276202043
141,109,97.32142857142857,112,0,112,0,0,0.0,0.708569981965112,0.7056174713264892,0.18431928328784297,0.5664278491022007,0.3228152095617002,1.117601170187062,9.107142857142858,4.519686177093536,0.31641192692168985,0.0,0.0,0.0,0.0,0.0,0,0,0,0,0,0.0,0.23214285714285715,0.17272096220065425,0.11646084086519422,0.9429954345103554,0.4620332489505638,0.0,0.26785714285714285,0.016343230509365758
142,108,96.42857142857143,112,1,111,0,0,0.008928571428571428,0.7071507203589695,0.703949885492851,0.18843016531878543,0.5662943776526173,0.31994844984671816,1.109083505505723,9.107142857142858,4.519686177093536,0.31784930654688637,0.8583901191892364,0.20651185161567268,1.0,0.14160988081076364,-0.0012511005225873673,0,1,0,0,0,0.0,0.25,0.17495613029412146,0.11004257732558931,0.9464862712923052,0.4657467196790183,0.008928571428571428,0.2678571428571429,0.016333117956006452
143,108,96.42857142857143,112,2,110,0,0,0.017857142857142856,0.7108843380327782,0.7066537424009174,0.18597697353594422,0.5662880071189964,0.32114862629865176,1.1123501607980697,9.107142857142858,4.519686177093536,0.317118927535728,0.6457433734879152,0.19368194014876242,1.0,0.35425662651208484,0.007314477623118751,2,0,0,0,0,0.0,0.25,0.17329615861381603,0.11034382860014542,0.9137827492470172,0.4669855038591329,0.017857142857142856,0.24999999999999997,0.01635164208031176
144,108,96.42857142857143,112,0,112,0,0,0.0,0.7103822500851733,0.7060677068778568,0.19299738003953437,0.5662232019776444,0.31648408410086687,1.1086681823661402,9.107142857142858,4.519686177093536,0.319552318514998,0.0,0.0,0.0,0.0,0.0,0,0,0,0,0,0.0,0.25892857142857145,0.17751544200720906,0.10285031162471663,0.9259460535072933,0.47298858760314205,0.0,0.24999999999999997,0.01634766714606587
145,109,97.32142857142857,112,0,111,1,0,0.0,0.7122852236389793,0.7079208595518985,0.19003985305148016,0.5662283311735076,0.3149660687775908,1.1093426148995102,9.107142857142858,4.519686177093536,0.3165890409175345,0.5393400167550972,0.2537510326716693,1.0,0.46065998324490276,-0.021798529249698884,0,0,0,1,0,0.0,0.25,0.17411607140385957,0.1073165434214999,0.9469729122516239,0.4659695269825101,0.0,0.24999999999999997,0.016357297925613114
146,107,95.53571428571429,112,2,110,0,0,0.017857142857142856,0.7104294061585155,0.7050996019228428,0.1939782024018601,0.5661606630051425,0.3129435618001938,1.1013468764245813,9.107142857142858,4.519686177093536,0.32087197405421675,0.6142911324645939,0.23477182119750506,1.0,0.3857088675354061,-0.006787979808212274,1,1,0,0,0,0.0,0.25892857142857145,0.17916673854203355,0.10806538145807014,0.9354385506797197,0.47020029176758316,0.017857142857142856,0.25,0.016346489643784847
147,108,96.42857142857143,112,0,112,0,0,0.0,0.7116348090307433,0.7062710212717274,0.18701929071797588,0.5661089647561462,0.3109716841072004,1.1031346537548872,9.107142857142858,4.519686177093536,0.31770307119900054,0.0,0.0,0.0,0.0,0.0,0,0,0,0,0,0.0,0.25,0.17442468315375928,0.10840684848772608,0.9293049796445535,0.46604815592787746,0.0,0.3214285714285714,0.016351348358839148
148,110,98.21428571428571,112,0,112,0,0,0.0,0.7184919508361197,0.7129101193927763,0.19224938389974155,0.5662996562258125,0.3088302455310953,1.1010598426668687,9.107142857142858,4.519686177093536,0.3211348781340704,0.0,0.0,0.0,0.0,0.0,0,0,0,0,0,0.0,0.24107142857142858,0.17758361640710563,0.10957276638959317,0.9383775474238225,0.46713350620311705,0.0,0.2857142857142857,0.016389943395863728
149,110,98.21428571428571,112,0,112,0,0,0.0,0.7195776972357627,0.7138693536881792,0.18857785943909594,0.5665164125433675,0.3105066526162819,1.1040463940056913,9.107142857142858,4.519686177093536,0.32072202719924525,0.0,0.0,0.0,0.0,0.0,0,0,0,0,0,0.0,0.23214285714285715,0.17638263446159677,0.12961720944481747,0.9371048721558204,0.4586612107176623,0.0,0.2857142857142857,0.0164002704805232
150,110,98.21428571428571,112,0,112,0,0,0.0,0.7218451922363059,0.7159348141082903,0.18512278395515616,0.566798054018881,0.31354472134547157,1.1063791448957085,9.107142857142858,4.519686177093536,0.321173509821679,0.0,0.0,0.0,0.0,0.0,0,0,0,0,0,0.0,0.23214285714285715,0.17562263811355772,0.1423623903719093,0.9359173178425518,0.45803764979534334,0.0,0.2857142857142857,0.016417972610944787
151,112,100.0,112,0,112,0,0,0.0,0.7179791618622781,0.7120122011144756,0.1839009769953465,0.5669251343457469,0.3093912833717679,1.1046466642407013,9.107142857142858,4.519686177093536,0.3220229098792431,0.0,0.0,0.0,0.0,0.0,0,0,0,0,0,0.0,0.23214285714285715,0.17646001174733783,0.15281833079986273,0.9525049558120976,0.45389302041446195,0.0,0.24999999999999997,0.016401514275058232
152,112,100.0,112,0,112,0,0,0.0,0.7145800539493725,0.7085658541075045,0.18511969390852187,0.5669218597852143,0.3031875397648966,1.0932612439526312,9.107142857142858,4.519686177093536,0.3232066187709257,0.0,0.0,0.0,0.0,0.0,0,0,0,0,0,0.0,0.24107142857142858,0.17790249199692024,0.14309258447001907,0.9472474514512433,0.4593379185095007,0.0,0.24999999999999997,0.016384444735563827
153,111,99.10714285714286,112,1,111,0,0,0.008928571428571428,0.7119068138852584,0.7058638701018037,0.1784573657602177,0.5668270975728872,0.30039350141198246,1.108159338695834,9.107142857142858,4.519686177093536,0.31935597807656313,0.8150496289303604,0.2492242423498679,1.0,0.18495037106963963,-0.019660133989109763,1,0,0,0,0,0.0,0.23214285714285715,0.17325197893590358,0.1447541486123939,0.9589601619052639,0.4547641278282311,0.008928571428571428,0.25,0.01636893705793743
154,110,98.21428571428571,112,1,111,0,0,0.008928571428571428,0.7109548284720189,0.703994627156324,0.17269040960437837,0.5666986957586999,0.30689158671604344,1.0965683350042377,9.107142857142858,4.519686177093536,0.31847524765897006,0.7302646680756351,0.2499588400471534,1.0,0.26973533192436494,0.004571438830565322,0,1,0,0,0,0.0,0.25,0.17100092048010734,0.1511778717338679,0.9526683639859146,0.45096326937221737,0.008928571428571428,0.2678571428571429,0.016361275451347752
155,108,96.42857142857143,112,2,110,0,0,0.017857142857142856,0.7085180300573131,0.7008139745644065,0.16906530852272103,0.566454844747411,0.31817826942119265,1.118043797148354,9.107142857142858,4.519686177093536,0.31577047979849904,0.9989154365857036,0.22014472842509508,1.0,0.0010845634142963578,-0.002552443813064298,0,2,0,0,0,1.0,0.25892857142857145,0.16817155123171185,0.1526498693408369,0.9507884795687724,0.44781933346173464,0.017857142857142856,0.2857142857142857,0.016343580809049258
156,107,95.53571428571429,112,1,111,0,0,0.008928571428571428,0.7108153317491939,0.7052702152402724,0.17288939707571338,0.5662788985892014,0.32043388903459624,1.1540900908312426,9.107142857142858,4.519686177093536,0.3145847240976414,0.9999999999372744,0.21685225749205933,1.0,6.272560248987702e-11,0.002027053258096767,0,1,0,0,0,1.0,0.24107142857142858,0.16811346355288853,0.15525827722623528,0.9585190730123749,0.44085826590373284,0.008928571428571428,0.26785714285714285,0.0163510912104128
157,107,95.53571428571429,112,0,112,0,0,0.0,0.7093423156473541,0.7038383314981372,0.16502407498165925,0.5661338965081134,0.3255562720670534,1.1558492350521656,9.107142857142858,4.519686177093536,0.31001097873630656,0.0,0.0,0.0,0.0,0.0,0,0,0,0,0,0.0,0.22321428571428573,0.16267145364468155,0.1478888764162091,0.9702117278330126,0.4351368084039887,0.0,0.19642857142857142,0.016340449310395883
158,108,96.42857142857143,112,0,112,0,0,0.0,0.7022982149364384,0.6969634756635316,0.15336805616409513,0.5657468705389594,0.3250495381787724,1.1462970614367287,9.107142857142858,4.519686177093536,0.30879692354360033,0.0,0.0,0.0,0.0,0.0,0,0,0,0,0,0.0,0.24107142857142858,0.15889944382291854,0.16388046087143532,0.9572441211842715,0.43260789997074184,0.0,0.26785714285714285,0.016296482627226497
159,108,96.42857142857143,112,1,111,0,0,0.008928571428571428,0.6967322119593672,0.6905435609569482,0.14784554270940012,0.5651820050695985,0.3286193103665975,1.1592457520479569,9.107142857142858,4.519686177093536,0.30798943903211695,0.999999999941696,0.2337442691598129,1.0,5.830402827200487e-11,-0.0007553830762627722,0,1,0,0,0,1.0,0.23214285714285715,0.15710187292622693,0.16271234949586896,0.9533330686757098,0.4320641210240041,0.008928571428571428,0.2857142857142857,0.0162558875390722
160,110,98.21428571428571,112,0,112,0,0,0.0,0.69948465453172,0.6933419078090438,0.15041603753426677,0.5647070548048414,0.3271624056592734,1.1566538395600858,9.107142857142858,4.519686177093536,0.30773116278681023,0.0,0.0,0.0,0.0,0.0,0,0,0,0,0,0.0,0.25,0.15723687243784154,0.14828738247246379,0.9492305129619307,0.4363121664102501,0.0,0.25,0.016258916621201817
161,111,99.10714285714286,112,0,112,0,0,0.0,0.6986904794838018,0.6925365122650956,0.14128820434877595,0.5642244497206917,0.3263775325575063,1.1532448154053494,9.107142857142858,4.519686177093536,0.30448508578128486,0.0,0.0,0.0,0.0,0.0,0,0,0,0,0,0.0,0.25,0.1520902360511558,0.16597580564963094,0.9421474656171746,0.42674985226457135,0.0,0.2857142857142857,0.016244039628323097
162,111,99.10714285714286,112,0,112,0,0,0.0,0.6938039076418917,0.6876552789710642,0.1334466553615402,0.563587163730651,0.33147706843610464,1.1624955244526785,9.107142857142858,4.519686177093536,0.3000048703882765,0.0,0.0,0.0,0.0,0.0,0,0,0,0,0,0.0,0.24107142857142858,0.1474221630980986,0.17217784061647087,0.9429103978556661,0.4185023219309033,0.0,0.2857142857142857,0.016205205105713334
163,111,99.10714285714286,112,0,112,0,0,0.0,0.6969248183430745,0.6906686094879455,0.13816242331586676,0.5630876355336839,0.33546078372731614,1.1673091169319794,9.107142857142858,4.519686177093536,0.3021236358506336,0.0,0.0,0.0,0.0,0.0,0,0,0,0,0,0.0,0.23214285714285715,0.15000650464096119,0.1748788648548967,0.9431676768612232,0.4216669508821712,0.0,0.2857142857142857,0.016209521105784743
164,111,99.10714285714286,112,1,111,0,0,0.008928571428571428,0.7021382733139863,0.6949970882349747,0.14956048407252306,0.5627978948963619,0.3300822340743487,1.154899567752916,9.107142857142858,4.519686177093536,0.3065229599559345,0.7625508597512264,0.2391401034120622,1.0,0.23744914024877362,0.007480774965437642,0,1,0,0,0,0.0,0.23214285714285715,0.15619660230966817,0.16781960009478325,0.9563822967009299,0.43291419161510586,0.008928571428571428,0.25,0.01622904069687207
165,111,99.10714285714286,112,0,111,1,0,0.0,0.6956978088607577,0.6887905526862893,0.14734692088720325,0.5622661333548684,0.3350473873370889,1.1687608555015097,9.107142857142858,4.519686177093536,0.3037601899968678,0.653128927224186,0.21320699245063732,1.0,0.34687107277581397,0.008495318693968412,0,0,0,1,0,0.0,0.23214285714285715,0.1544333720645426,0.15804934948004845,0.963575197666818,0.4322472673643208,0.0,0.2142857142857143,0.016184821398162935
166,110,98.21428571428571,112,1,111,0,0,0.008928571428571428,0.6876793550501326,0.680598035277913,0.13927017510761225,0.5614794832122548,0.33884776712965975,1.1742602464406358,9.107142857142858,4.519686177093536,0.2988016734999759,0.650428640638695,0.21513056240599754,1.0,0.349571359361305,0.0068517772383560605,1,0,0,0,0,0.0,0.23214285714285715,0.14985298716287168,0.14844549218910064,0.9607007748298321,0.43140195305403706,0.008928571428571428,0.1607142857142857,0.016126952070230915
167,110,98.21428571428571,112,0,112,0,0,0.0,0.6937467932891478,0.6867263805902065,0.1415483082785859,0.5609326744606866,0.333012435207585,1.162613309436879,9.107142857142858,4.519686177093536,0.298086005104526,0.0,0.0,0.0,0.0,0.0,0,0,0,0,0,0.0,0.22321428571428573,0.14910858408791197,0.13798016691223502,0.964261834559109,0.4331842097079985,0.0,0.1607142857142857,0.016144932241646107
168,110,98.21428571428571,112,0,112,0,0,0.0,0.7000758508401682,0.6928132903160271,0.15832003850022391,0.5606306671226702,0.3221616504765049,1.1532923908212387,9.107142857142858,4.519686177093536,0.30480294724501333,0.0,0.0,0.0,0.0,0.0,0,0,0,0,0,0.0,0.22321428571428573,0.1579315923716355,0.1174799515679218,0.9590752535668797,0.4457648928245321,0.0,0.12499999999999999,0.01616975263744614
169,111,99.10714285714286,112,0,112,0,0,0.0,0.7008108127654441,0.6937578171882706,0.1578279630725385,0.5603764612889509,0.31498420949242234,1.1430315806040698,9.107142857142858,4.519686177093536,0.30130258596979775,0.0,0.0,0.0,0.0,0.0,0,0,0,0,0,0.0,0.25,0.15500125823759678,0.0872920430806128,0.960643464336782,0.445833430845167,0.0,0.1964285714285714,0.01616768279410853
170,109,97.32142857142857,112,2,110,0,0,0.017857142857142856,0.7016510580013043,0.694958995489671,0.15835173085903712,0.5601606312108006,0.3171936087341356,1.143903532060622,9.107142857142858,4.519686177093536,0.30073576436861926,0.7788690038195458,0.22801822721778156,1.0,0.22113099618045412,-0.001863677256993851,1,1,0,0,0,0.5,0.25,0.15433096082774617,0.102952979854208,0.9647546852359975,0.436396220626252,0.017857142857142856,0.16071428571428575,0.01616700659918375
171,109,97.32142857142857,112,1,111,0,0,0.008928571428571428,0.6985977819420032,0.6907490342597569,0.14781550082182485,0.5598639314752102,0.32096387576519797,1.1440917068235272,9.107142857142858,4.519686177093536,0.29914787243592134,0.9358890080996688,0.17945668762582023,1.0,0.0641109919003312,0.017255098998192997,0,1,0,0,0,0.0,0.24107142857142858,0.1507117978890352,0.11033414151525509,0.9701433682125388,0.4357500917302217,0.008928571428571428,0.125,0.016145035270418766
172,108,96.42857142857143,112,1,111,0,0,0.008928571428571428,0.6961489604532163,0.6879033796408449,0.15063016572568214,0.5594492818169164,0.3198956223905191,1.1484448262672338,9.107142857142858,4.519686177093536,0.29875459038949614,0.9999999999238125,0.1526473478177063,1.0,7.618750075266689e-11,0.015247669361424632,0,1,0,0,0,1.0,0.23214285714285715,0.15142122994337687,0.10681466307314608,0.9691371550462669,0.43490328640596526,0.008928571428571428,0.125,0.0161234207313302
173,108,96.42857142857143,112,0,112,0,0,0.0,0.696358449807713,0.6881941621970132,0.152368312870163,0.5590473030950946,0.3182588094083898,1.1502472014964493,9.107142857142858,4.519686177093536,0.29766094640382534,0.0,0.0,0.0,0.0,0.0,0,0,0,0,0,0.0,0.23214285714285715,0.1511704527173658,0.09864177440625826,0.9764532814422335,0.4333819832199724,0.0,0.125,0.016115384089740163
174,108,96.42857142857143,112,0,112,0,0,0.0,0.695319914661508,0.6873681083541235,0.16133404014484223,0.5586336245169159,0.31530879383250493,1.1456814086128182,9.107142857142858,4.519686177093536,0.2982326299313762,0.0,0.0,0.0,0.0,0.0,0,0,0,0,0,0.0,0.24107142857142858,0.1545834867489635,0.0885417492945828,0.9730545576026369,0.43761248327683433,0.0,0.19642857142857145,0.016100842927251367
175,110,98.21428571428571,112,0,112,0,0,0.0,0.7002946759432034,0.6921765974488673,0.15982046609026462,0.5584125058058066,0.31290823665650874,1.1411025979441511,9.107142857142858,4.519686177093536,0.2989146578128308,0.0,0.0,0.0,0.0,0.0,0,0,0,0,0,0.0,0.22321428571428573,0.15363075891447406,0.09789018869960037,0.9664248276080225,0.4376794624237812,0.0,0.19642857142857145,0.016120719797749358
176,111,99.10714285714286,112,0,111,1,0,0.0,0.6963413165838679,0.6884826539835671,0.1488609472559344,0.5580678172447656,0.3185539979157622,1.14553387266737,9.107142857142858,4.519686177093536,0.2937218447359946,0.6372353261925141,0.1417315571623745,1.0,0.3627646738074859,0.014545266007833402,0,0,0,1,0,0.0,0.24107142857142858,0.14673406618804138,0.10301284729494235,0.9695089028017474,0.4291671859506886,0.0,0.19642857142857145,0.016093163580328983
177,112,100.0,112,0,112,0,0,0.0,0.6958233748867624,0.6879446354199951,0.15438460067271245,0.5577192541244534,0.305853272482613,1.1196575072509538,9.107142857142858,4.519686177093536,0.2982636513277974,0.0,0.0,0.0,0.0,0.0,0,0,0,0,0,0.0,0.25892857142857145,0.1509774825145404,0.0976877297736483,0.9713228997715286,0.43736038289267487,0.0,0.16071428571428573,0.01608269689225986
178,112,100.0,112,0,112,0,0,0.0,0.6992020294432726,0.6911436821877746,0.1474021653694933,0.5575021144629583,0.3122408558187654,1.1312212186705668,9.107142857142858,4.519686177093536,0.2977243947414756,0.0,0.0,0.0,0.0,0.0,0,0,0,0,0,0.0,0.2767857142857143,0.1481292544621144,0.10839298444015663,0.963275429847831,0.43291520829019214,0.0,0.19642857142857145,0.01609468314940962
179,111,99.10714285714286,112,1,111,0,0,0.008928571428571428,0.6917636565268397,0.6840040016918268,0.14157614276755634,0.5570309342353427,0.3178824693722317,1.1412187081562353,9.107142857142858,4.519686177093536,0.29496031606119266,0.9452426279940929,0.1460498660071204,1.0,0.054757372005907134,0.016012557798254334,0,1,0,0,0,0.0,0.24107142857142858,0.14514275851940667,0.10343942689840561,0.9600972808152854,0.42824723497951295,0.008928571428571428,0.23214285714285715,0.016046843351019083
180,111,99.10714285714286,112,0,112,0,0,0.0,0.6848862469022131,0.677263649266116,0.13398986611959074,0.5563430373292608,0.32337494354012514,1.1497702021270513,9.107142857142858,4.519686177093536,0.29235382999935267,0.0,0.0,0.0,0.0,0.0,0,0,0,0,0,0.0,0.26785714285714285,0.1418440107312873,0.11271443322239479,0.9561304677068179,0.42412569742777617,0.0,0.23214285714285712,0.015996910912207535
181,110,98.21428571428571,112,1,110,1,0,0.008928571428571428,0.6856232304019014,0.6776319215750101,0.12854935197336909,0.5557157303218124,0.32663276672226854,1.1555816925315727,9.107142857142858,4.519686177093536,0.28809500430330837,0.6394624747907118,0.2192637707053489,1.0,0.36053752520928817,-0.003985765359545257,0,1,0,1,0,0.0,0.22321428571428573,0.13759039251493863,0.11043551779246712,0.9670418110223878,0.42071674019524313,0.008928571428571428,0.25,0.01598641967565418
182,109,97.32142857142857,112,1,111,0,0,0.008928571428571428,0.6825907389376219,0.6763765417717382,0.12630419506859863,0.5549908849728091,0.3259279358695895,1.1510130198997024,9.107142857142858,4.519686177093536,0.2897027800242955,0.6301903463140646,0.21416090994841142,1.0,0.36980965368593544,-0.0020219549756065325,0,1,0,0,0,0.0,0.23214285714285715,0.13786192847107445,0.12826497421025068,0.95793577060535,0.4158973404587109,0.008928571428571428,0.2142857142857143,0.015954876850810682
183,109,97.32142857142857,112,1,111,0,0,0.008928571428571428,0.6785459808775868,0.671249371302037,0.11916661058687346,0.5542239738451447,0.3316328551630066,1.157682106046911,9.107142857142858,4.519686177093536,0.2861373399517786,0.9557741673601157,0.20861959833227706,1.0,0.04422583263988433,0.012116499877897369,1,0,0,0,0,1.0,0.22321428571428573,0.13399208869015286,0.1326647411782518,0.9692949092769095,0.40867054581449364,0.008928571428571428,0.16071428571428573,0.015917322072396684
184,110,98.21428571428571,112,0,112,0,0,0.0,0.6736553051214311,0.666383207794088,0.12076415786638056,0.5532695332924407,0.3325549526806837,1.1555519688567533,9.107142857142858,4.519686177093536,0.2893965424897904,0.0,0.0,0.0,0.0,0.0,0,0,0,0,0,0.0,0.23214285714285715,0.1372607957406809,0.121910556416543,0.9652582893005706,0.41504538932660157,0.0,0.16071428571428573,0.015871299834751336
185,110,98.21428571428571,112,0,112,0,0,0.0,0.6742623616090965,0.6668805186852503,0.11822889329090683,0.5523762119707499,0.33392284498088126,1.1557047754332859,9.107142857142858,4.519686177093536,0.2900623968882814,0.0,0.0,0.0,0.0,0.0,0,0,0,0,0,0.0,0.25892857142857145,0.13677722242447346,0.13946571754300513,0.9692949092769095,0.41143625888796326,0.0,0.16071428571428573,0.01585414745704292
186,109,97.32142857142857,112,1,111,0,0,0.008928571428571428,0.6729386429395949,0.6651955541412092,0.11514183032225998,0.5514765323890931,0.3310038465154253,1.1520158178948432,9.107142857142858,4.519686177093536,0.28806397550721896,0.4822952416333358,0.22116050313859853,0.0,0.4822952416333358,-0.014889768067400333,0,1,0,0,0,0.0,0.24107142857142858,0.1347161175557808,0.14593368181839855,0.971673904437765,0.4118718359624844,0.008928571428571428,0.1785714285714286,0.015827197516850272
187,110,98.21428571428571,112,1,111,0,0,0.008928571428571428,0.666846631456029,0.6586028562266598,0.1083715358519178,0.5503732977113053,0.34105385481408096,1.1616245586699279,9.107142857142858,4.519686177093536,0.2862162946020168,0.651147293650543,0.22870500611767536,1.0,0.348852706349457,-0.009811627816954327,0,1,0,0,0,0.0,0.25,0.13228130826340248,0.1719104020123273,0.9654659021292852,0.4010708460552052,0.008928571428571428,0.2142857142857143,0.015771806086816005
188,111,99.10714285714286,112,0,112,0,0,0.0,0.6673020697133103,0.6590064116814199,0.10948082298294513,0.5493261692081738,0.3384898635076136,1.1549816465196148,9.107142857142858,4.519686177093536,0.28688327578806083,0.0,0.0,0.0,0.0,0.0,0,0,0,0,0,0.0,0.25,0.1332464833399,0.17007134452950246,0.9630765790656493,0.40232468061090826,0.0,0.2142857142857143,0.01575041981699619
189,111,99.10714285714286,112,0,112,0,0,0.0,0.671054239235303,0.6629090191687119,0.10929135186223124,0.5484674761161742,0.33871024759369667,1.1576400524408423,9.107142857142858,4.519686177093536,0.2862524279918357,0.0,0.0,0.0,0.0,0.0,0,0,0,0,0,0.0,0.23214285714285715,0.13218457548343784,0.16576367222751506,0.9657854456745051,0.4055823959547027,0.0,0.2142857142857143,0.015749775548114773
190,111,99.10714285714286,112,0,112,0,0,0.0,0.6655978064176084,0.6575003992062056,0.10503904388565442,0.5474520311381037,0.34247900485614047,1.162858081453475,9.107142857142858,4.519686177093536,0.2836809729666483,0.0,0.0,0.0,0.0,0.0,0,0,0,0,0,0.0,0.23214285714285715,0.129765952717297,0.1679768018457614,0.9624607346363345,0.40231868565003126,0.0,0.25,0.015699545920871378
191,111,99.10714285714286,112,0,112,0,0,0.0,0.6699469275348611,0.6617170810771913,0.10768191374023404,0.5466349457164672,0.33967957234026214,1.1526097591934916,9.107142857142858,4.519686177093536,0.28304894380236245,0.0,0.0,0.0,0.0,0.0,0,0,0,0,0,0.0,0.22321428571428573,0.13003057237432478,0.16656111445274097,0.9587081185583896,0.4029164366316604,0.0,0.25,0.015702826678029268
192,112,100.0,112,0,112,0,0,0.0,0.6718626959206074,0.6636287615299838,0.10990481212221576,0.5459239115574275,0.33719532984392575,1.1483494581991243,9.107142857142858,4.519686177093536,0.28358661928343754,0.0,0.0,0.0,0.0,0.0,0,0,0,0,0,0.0,0.21428571428571427,0.13079547607346936,0.15064618668158114,0.9514338295701532,0.40768637305738914,0.0,0.25,0.015696337263657732
193,112,100.0,112,0,112,0,0,0.0,0.6768558426271155,0.6686425020296874,0.11355573986182305,0.5454262981800446,0.3281325612154884,1.1315025004281358,9.107142857142858,4.519686177093536,0.2847168724658502,0.0,0.0,0.0,0.0,0.0,0,0,0,0,0,0.0,0.22321428571428573,0.13168325535472292,0.1420382505628966,0.9607723360905078,0.4130680031442309,0.0,0.2142857142857143,0.015710057715673804
194,112,100.0,112,0,112,0,0,0.0,0.6748894949456237,0.6668343375539431,0.10819684753107169,0.5448857966777994,0.32828621737296465,1.1333908557599066,9.107142857142858,4.519686177093536,0.28254296690738956,0.0,0.0,0.0,0.0,0.0,0,0,0,0,0,0.0,0.21428571428571427,0.12857739071902,0.14378501054607407,0.9558028900164363,0.4103586289228898,0.0,0.17857142857142858,0.01568801149142436
195,112,100.0,112,0,112,0,0,0.0,0.6776958427716896,0.6697565164481301,0.1063212008685462,0.5444753827996782,0.325678219975655,1.1124253639691264,9.107142857142858,4.519686177093536,0.2810969876690821,0.0,0.0,0.0,0.0,0.0,0,0,0,0,0,0.0,0.23214285714285715,0.1264171761105738,0.14503805558161773,0.9461154225788135,0.4097646487971987,0.0,0.17857142857142858,0.015692768520895534
196,111,99.10714285714286,112,1,111,0,0,0.008928571428571428,0.684672813654511,0.6764699264022936,0.10617504529946088,0.5443350018606886,0.3256154996414992,1.0923627527617,9.107142857142858,4.519686177093536,0.2779929555072931,0.9981597088479023,0.2253782197950847,1.0,0.0018402911520977172,-0.0036937490047259103,1,0,0,0,0,1.0,0.22321428571428573,0.12398055903002878,0.14650319942227727,0.9523515595216859,0.40209632966553965,0.008928571428571428,0.23214285714285715,0.015724480986362248
197,111,99.10714285714286,112,0,110,2,0,0.0,0.6796502923198691,0.6717900303150717,0.10147515941500333,0.5440230089359036,0.3262433484179204,1.093908531432795,9.107142857142858,4.519686177093536,0.27447953510084266,0.6396320034582066,0.21924237745932462,1.0,0.3603679965417934,-8.235877244025525e-05,0,0,1,1,0,0.0,0.24107142857142858,0.12037217207646243,0.13989810917584836,0.9536286460778499,0.40014324735603424,0.0,0.19642857142857145,0.01569231782914153
198,110,98.21428571428571,112,1,111,0,0,0.008928571428571428,0.6730838289370906,0.6671689805572816,0.09641532151359511,0.543497351333786,0.3331335688932301,1.1214236940400124,9.107142857142858,4.519686177093536,0.2709903183891973,0.7358865453647078,0.22627316815479787,1.0,0.26411345463529223,0.004159851258229985,0,1,0,0,0,0.0,0.25,0.11711010242399278,0.15090467050590503,0.9418971190945113,0.3950790546309933,0.008928571428571428,0.23214285714285715,0.01564760647523676
199,109,97.32142857142857,112,1,107,0,4,0.008928571428571428,0.6789172747855103,0.6722659466238233,0.09668190600962061,0.5432664618129236,0.33417475992391693,1.1157024367510282,9.107142857142858,4.519686177093536,0.26901185656500326,0.8764214977892127,0.2346914613715434,1.0,0.12357850221078726,0.009023593654827845,2,3,0,0,0,0.4,0.23214285714285715,0.11521312925442648,0.1614427704273981,0.9363301321783347,0.3916723074265405,0.008928571428571428,0.2142857142857143,0.015671555963599475
200,108,96.42857142857143,112,1,110,0,1,0.008928571428571428,0.6815202809288673,0.6743631770821876,0.09443201023029989,0.5431104518716203,0.336440916194332,1.1035987200043826,9.107142857142858,4.519686177093536,0.2698348060305831,0.9797877403235355,0.23769103432763386,1.0,0.02021225967646445,-0.010757298059260817,0,2,0,0,0,1.0,0.23214285714285715,0.11509492302287015,0.19944244553085602,0.9488861414524298,0.3896904116078398,0.008928571428571428,0.19642857142857145,0.015681045414440268
201,109,97.32142857142857,112,0,112,0,0,0.0,0.6729162300320805,0.6661692368585925,0.08514113924086171,0.5426505709835062,0.34893410970402855,1.1232890647209046,9.107142857142858,4.519686177093536,0.2611470484291436,0.0,0.0,0.0,0.0,0.0,0,0,0,0,0,0.0,0.20535714285714285,0.10724646647984426,0.19450786712371693,0.9481741264521769,0.3801289452060299,0.0,0.16071428571428575,0.01562763257349074
202,108,96.42857142857143,112,1,111,0,0,0.008928571428571428,0.6732869588218403,0.6660568716810963,0.08345014069257169,0.5422286548320935,0.3443475256604929,1.1086216734530918,9.107142857142858,4.519686177093536,0.2599811344395191,0.5473031112525256,0.22208203198213983,1.0,0.4526968887474744,-0.0033524327963811995,1,0,0,0,0,0.0,0.20535714285714285,0.10614884609393231,0.19535659529260357,0.9419116645426098,0.37846474846308675,0.008928571428571428,0.14285714285714285,0.015619951574452378
203,109,97.32142857142857,112,0,112,0,0,0.0,0.6701664785528886,0.6628200835449636,0.08634647377438201,0.5416875314273922,0.33987180561985963,1.0975801921059098,9.107142857142858,4.519686177093536,0.26398437252134177,0.0,0.0,0.0,0.0,0.0,0,0,0,0,0,0.0,0.22321428571428573,0.10987025077700155,0.18711047100623504,0.9584516800457612,0.38361473316027245,0.0,0.2142857142857143,0.01559212063324597
204,110,98.21428571428571,112,0,112,0,0,0.0,0.6696817172830156,0.6623915281608758,0.08357854138922048,0.5411553696156499,0.34150788801133286,1.1035564475997557,9.107142857142858,4.519686177093536,0.26061735360288063,0.0,0.0,0.0,0.0,0.0,0,0,0,0,0,0.0,0.21428571428571427,0.1069834077212127,0.1921066959466803,0.9497476518657963,0.3806406841167781,0.0,0.17857142857142858,0.01557767080497406
205,111,99.10714285714286,112,0,112,0,0,0.0,0.6698895938690254,0.6627180781281576,0.08630295086798051,0.5406590670747385,0.3400967382812135,1.0968504351410193,9.107142857142858,4.519686177093536,0.2613327639383436,0.0,0.0,0.0,0.0,0.0,0,0,0,0,0,0.0,0.20535714285714285,0.10838672445434008,0.1727672023181721,0.9523088996541937,0.3837497548125565,0.0,0.25,0.01556749452923504
206,111,99.10714285714286,112,1,111,0,0,0.008928571428571428,0.667493361472484,0.6599280069096705,0.08892688501127816,0.5401059470238854,0.3289876427569199,1.0701950465976469,9.107142857142858,4.519686177093536,0.26329647392241995,0.5845289461310432,0.2282980224324313,1.0,0.4154710538689568,0.002719988924661465,0,1,0,0,0,0.0,0.21428571428571427,0.11020415412134058,0.13599656344505207,0.9595580748843419,0.3920955978531757,0.008928571428571428,0.16071428571428573,0.01554301372201176
207,111,99.10714285714286,112,0,112,0,0,0.0,0.6680210179345895,0.6605549977432799,0.088423061967319,0.5395788635346697,0.32345274030607446,1.0664735337398985,9.107142857142858,4.519686177093536,0.2613865378490401,0.0,0.0,0.0,0.0,0.0,0,0,0,0,0,0.0,0.22321428571428573,0.10905483834304827,0.1166530071627219,0.9571923032502859,0.3919786224842222,0.0,0.125,0.015533740744520377
208,111,99.10714285714286,112,0,112,0,0,0.0,0.6660260476530631,0.6584480494595701,0.08936267392084651,0.5389994206047877,0.32297261050812953,1.061364625143191,9.107142857142858,4.519686177093536,0.2643071583385923,0.0,0.0,0.0,0.0,0.0,0,0,0,0,0,0.0,0.20535714285714285,0.11103676495911974,0.12691596048789722,0.9709547632282217,0.39472935838060635,0.0,0.19642857142857142,0.015510671392109734
209,111,99.10714285714286,112,0,112,0,0,0.0,0.665272635889478,0.6576290966236674,0.09207440927297746,0.5384165553984149,0.318530538481105,1.0543113227889764,9.107142857142858,4.519686177093536,0.2676939307819546,0.0,0.0,0.0,0.0,0.0,0,0,0,0,0,0.0,0.20535714285714285,0.1140083852074792,0.12408409290585631,0.9592539691871034,0.3992911743432428,0.0,0.16071428571428575,0.015493732494210051
210,111,99.10714285714286,112,0,112,0,0,0.0,0.6638779335215356,0.6560454093685617,0.09815654299519577,0.5378027717150395,0.3119001743254803,1.0449292675833028,9.107142857142858,4.519686177093536,0.2744995402890511,0.0,0.0,0.0,0.0,0.0,0,0,0,0,0,0.0,0.23214285714285715,0.12049318481349149,0.10679030529648229,0.9494194345441884,0.4105194318507107,0.0,0.16071428571428575,0.015472888434222952
211,112,100.0,112,0,112,0,0,0.0,0.6678868073326688,0.66001210797157,0.10309418834284947,0.5373601549907169,0.3090050293181018,1.0418881831165208,9.107142857142858,4.519686177093536,0.2774762549531109,0.0,0.0,0.0,0.0,0.0,0,0,0,0,0,0.0,0.23214285714285715,0.12346708492729462,0.11481985284319549,0.9539606392897867,0.41376622641715005,0.0,0.1607142857142857,0.01548293035982526
212,112,100.0,112,0,112,0,0,0.0,0.6658223149835134,0.6579645098298852,0.09952877697732872,0.5368635071451631,0.3096132210616158,1.0315879961884618,9.107142857142858,4.519686177093536,0.2758240663542033,0.0,0.0,0.0,0.0,0.0,0,0,0,0,0,0.0,0.23214285714285715,0.12165152025745225,0.11596285981936023,0.9701103409121833,0.4105032096949536,0.0,0.125,0.01546138443606732
213,112,100.0,112,0,112,0,0,0.0,0.6647684092489188,0.6569933783344855,0.09783411470766976,0.5363541925468666,0.3118810648308395,1.041713628971108,9.107142857142858,4.519686177093536,0.2747730140719278,0.0,0.0,0.0,0.0,0.0,0,0,0,0,0,0.0,0.22321428571428573,0.11995689390792567,0.10893767826508026,0.9692943383549285,0.40825570837349184,0.0,0.19642857142857145,0.015444605196645783
214,112,100.0,112,0,112,0,0,0.0,0.6730659627235104,0.6651401953220621,0.10821566299476144,0.5361624658190753,0.30042875749572484,1.0233630172061792,9.107142857142858,4.519686177093536,0.2810868688800907,0.0,0.0,0.0,0.0,0.0,0,0,0,0,0,0.0,0.22321428571428573,0.12643820438317685,0.09711721717095075,0.9575013119469117,0.4204805747265294,0.0,0.125,0.015481760240811854
215,112,100.0,112,0,112,0,0,0.0,0.6729565236317565,0.6651673131327306,0.10824747894341642,0.5359803850496503,0.2971190493110059,1.0199846400722115,9.107142857142858,4.519686177093536,0.2797974678832249,0.0,0.0,0.0,0.0,0.0,0,0,0,0,0,0.0,0.20535714285714285,0.1255308938839605,0.0950305688264113,0.9539911865984785,0.4215372859089728,0.0,0.16071428571428573,0.01547709830566966
216,112,100.0,112,0,111,1,0,0.0,0.6789585155513735,0.6709580236543579,0.11231580955499385,0.5360159113139935,0.29254412541912866,1.0305505224681437,9.107142857142858,4.519686177093536,0.28146826440129824,0.645822397790642,0.2127110681863314,1.0,0.354177602209358,-0.011901428282446336,0,0,1,0,0,0.0,0.21428571428571427,0.12787007575797024,0.09168491918881684,0.9533423149611878,0.4249585612764944,0.0,0.125,0.015507911103097124
217,111,99.10714285714286,112,1,111,0,0,0.008928571428571428,0.6815254886144329,0.6734309548817593,0.12194819224798945,0.5361356989740234,0.28619075691237444,1.0235409722278004,9.107142857142858,4.519686177093536,0.2859010691838013,0.568389912263019,0.21395484561756592,1.0,0.43161008773698095,-0.014809903088593146,0,1,0,0,0,0.0,0.21428571428571427,0.13420111463341924,0.09944089976939527,0.9630402834463666,0.4314077008866829,0.008928571428571428,0.16071428571428573,0.015523452981568537
218,111,99.10714285714286,112,0,111,1,0,0.0,0.6786389359537796,0.670535639645098,0.11777233975499153,0.536148933191051,0.2949408529242036,1.0374206881031267,9.107142857142858,4.519686177093536,0.28520612674632684,0.478125415516364,0.20150337908269544,0.0,0.478125415516364,-0.011922792868188287,0,0,0,1,0,0.0,0.22321428571428573,0.1326570375081634,0.10767145088861624,0.9679765471693159,0.42914710834560277,0.0,0.16071428571428573,0.015509319290804091
219,110,98.21428571428571,112,1,111,0,0,0.008928571428571428,0.6807685672733637,0.673401901880228,0.11972643010590057,0.536227307066764,0.2993263794577512,1.0476604575932815,9.107142857142858,4.519686177093536,0.28792765021403066,0.8519348372420132,0.2168772966281906,1.0,0.14806516275798676,0.0023485995190627995,1,0,0,0,0,0.0,0.19642857142857142,0.1351414055390607,0.12872795338873377,0.9665345702412245,0.4275381663774157,0.008928571428571428,0.19642857142857142,0.01552173857401554
220,110,98.21428571428571,112,1,111,0,0,0.008928571428571428,0.6810885452474701,0.6734236702854635,0.12609605160235374,0.5363585397202932,0.2961467179592438,1.0499758696529078,9.107142857142858,4.519686177093536,0.29354316044166073,0.9999946242099474,0.19783910749846084,1.0,5.375790052553064e-06,0.002038090307707102,0,1,0,0,0,1.0,0.23214285714285715,0.14040412206002598,0.11654493187145029,0.9698095017461262,0.4387265073141703,0.008928571428571428,0.19642857142857142,0.015526304115936768
221,110,98.21428571428571,112,0,112,0,0,0.0,0.6825165663720336,0.6746991856301736,0.12692646514696493,0.5365122456048063,0.2938742326065274,1.045622007965719,9.107142857142858,4.519686177093536,0.2915950463813253,0.0,0.0,0.0,0.0,0.0,0,0,0,0,0,0.0,0.23214285714285715,0.13964231149764247,0.11544066994089601,0.9668341961137246,0.4366022430863203,0.0,0.19642857142857142,0.015536917733367444
222,110,98.21428571428571,112,0,112,0,0,0.0,0.6868279374435604,0.678877626679434,0.1315489249444126,0.5368100864037205,0.28956561523473023,1.0370894832077686,9.107142857142858,4.519686177093536,0.295227458450505,0.0,0.0,0.0,0.0,0.0,0,0,0,0,0,0.0,0.23214285714285715,0.14262957788647931,0.11280744658574342,0.953269534987194,0.442618279658185,0.0,0.23214285714285712,0.015565205323434216
223,110,98.21428571428571,112,0,112,0,0,0.0,0.6866173045573282,0.6785311076888879,0.1306750829497706,0.5370819364764832,0.29645439267553186,1.0486635777443551,9.107142857142858,4.519686177093536,0.2934495639931556,0.0,0.0,0.0,0.0,0.0,0,0,0,0,0,0.0,0.25,0.14173221960990462,0.12488155689833902,0.9610996594674855,0.43668413842066006,0.0,0.2678571428571429,0.015570295544083589
224,111,99.10714285714286,112,0,112,0,0,0.0,0.6841786999682294,0.676327562935037,0.1338941927482076,0.5372618251329679,0.2938395097818711,1.043377801108138,9.107142857142858,4.519686177093536,0.2966881784722446,0.0,0.0,0.0,0.0,0.0,0,0,0,0,0,0.0,0.21428571428571427,0.14491478972214253,0.11303119742813936,0.9609000659562799,0.443090678528379,0.0,0.2678571428571429,0.015562167722508746
225,112,100.0,112,0,112,0,0,0.0,0.6793036562729293,0.6716743433662491,0.12948704967535465,0.5372653346493993,0.2940837896224747,1.0464795268931495,9.107142857142858,4.519686177093536,0.2943352605648222,0.0,0.0,0.0,0.0,0.0,0,0,0,0,0,0.0,0.22321428571428573,0.1423057105858915,0.10686801292660472,0.9549942045092463,0.43857620574466194,0.0,0.3035714285714286,0.015537871813596761
226,112,100.0,112,0,112,0,0,0.0,0.6786256923860373,0.6709182831251604,0.1261817696181428,0.5372413483065358,0.29944259463786504,1.052863152766635,9.107142857142858,4.519686177093536,0.290007712559871,0.0,0.0,0.0,0.0,0.0,0,0,0,0,0,0.0,0.21428571428571427,0.13876983673825963,0.1032706538798282,0.9534637736663003,0.43350906726621397,0.0,0.3035714285714286,0.015533939940450906
227,112,100.0,112,0,112,0,0,0.0,0.6788000162413866,0.6711015310930368,0.12622775194507924,0.5372250718575546,0.3008008240723072,1.0543883246156927,9.107142857142858,4.519686177093536,0.2908088828705664,0.0,0.0,0.0,0.0,0.0,0,0,0,0,0,0.0,0.23214285714285715,0.13894704481272216,0.10356700686870812,0.9522524339617998,0.43535347318157697,0.0,0.2678571428571429,0.01553444373752029
228,112,100.0,112,0,112,0,0,0.0,0.6783867724241232,0.6704109413053045,0.12401604621418236,0.5371845610600468,0.30000488211769344,1.0497922680883938,9.107142857142858,4.519686177093536,0.2921935073722477,0.0,0.0,0.0,0.0,0.0,0,0,0,0,0,0.0,0.24107142857142858,0.13910899106883992,0.11247360791379109,0.9323961214082535,0.43025206287536555,0.0,0.26785714285714285,0.015531462037976377
229,112,100.0,112,0,112,0,0,0.0,0.6786053232969133,0.6708231430259611,0.12073835723521381,0.5371607854028062,0.29907836252229364,1.0474273586647382,9.107142857142858,4.519686177093536,0.28908259366045197,0.0,0.0,0.0,0.0,0.0,0,0,0,0,0,0.0,0.25,0.13593440929218495,0.10948918488307717,0.9381439813571344,0.42487415262577716,0.0,0.23214285714285712,0.01553201749979342
230,112,100.0,112,0,112,0,0,0.0,0.6782658348363676,0.6701762599933363,0.12127125852371225,0.5371146946642534,0.30121198745605016,1.05362238986771,9.107142857142858,4.519686177093536,0.2907004677155778,0.0,0.0,0.0,0.0,0.0,0,0,0,0,0,0.0,0.26785714285714285,0.1374980242842178,0.10940156399445006,0.9321318801294366,0.4233745902162931,0.0,0.23214285714285712,0.015529278479121045
231,112,100.0,112,0,112,0,0,0.0,0.6752629500638475,0.667421569271226,0.11882561300587653,0.536971084381809,0.29943363071420287,1.044887619092694,9.107142857142858,4.519686177093536,0.28903254889299523,0.0,0.0,0.0,0.0,0.0,0,0,0,0,0,0.0,0.24107142857142858,0.13554116544396158,0.11135850670379677,0.9517860367907868,0.4222815098281269,0.0,0.26785714285714285,0.015511018688216182
232,112,100.0,112,0,112,0,0,0.0,0.6785669852570929,0.6708359629145806,0.11949661978399823,0.5369574207354733,0.29641558100255694,1.0233602507282586,9.107142857142858,4.519686177093536,0.2895730003575021,0.0,0.0,0.0,0.0,0.0,0,0,0,0,0,0.0,0.20535714285714285,0.13547900757202658,0.10985058482634512,0.9625322007696759,0.4246446967789395,0.0,0.26785714285714285,0.015527230087215047
233,112,100.0,112,0,112,0,0,0.0,0.6767899954994149,0.6689430800704956,0.12782498141749865,0.5368759327516699,0.28687082706737804,1.0071805500977256,9.107142857142858,4.519686177093536,0.2961455001958764,0.0,0.0,0.0,0.0,0.0,0,0,0,0,0,0.0,0.22321428571428573,0.14261990206793285,0.09388908509526865,0.9688466836776851,0.4375964975378893,0.0,0.23214285714285712,0.015516503637856682
234,112,100.0,112,0,112,0,0,0.0,0.675071748030023,0.6673856397953215,0.12546702154190215,0.5367418146387398,0.29108027240567313,1.013263454766571,9.107142857142858,4.519686177093536,0.2951050987658055,0.0,0.0,0.0,0.0,0.0,0,0,0,0,0,0.0,0.23214285714285715,0.14132152156997604,0.09289097781428886,0.9563024967189027,0.436132361834129,0.0,0.23214285714285712,0.015504881541604182
235,112,100.0,112,0,112,0,0,0.0,0.6807782532778793,0.6730791702317749,0.12885803561695566,0.5368196220101208,0.2861905815271953,0.9941538191615896,9.107142857142858,4.519686177093536,0.29616953174568006,0.0,0.0,0.0,0.0,0.0,0,0,0,0,0,0.0,0.24107142857142858,0.14249094894384176,0.08837894790929193,0.9559281122348723,0.4403157611891329,0.0,0.19642857142857142,0.015535172392347998
236,112,100.0,112,0,112,0,0,0.0,0.6787964693869186,0.6713498270336828,0.12954259348133582,0.5368313840241098,0.28614160082145057,0.9817883986386684,9.107142857142858,4.519686177093536,0.29742872714533997,0.0,0.0,0.0,0.0,0.0,0,0,0,0,0,0.0,0.23214285714285715,0.1437507747851754,0.0767636152661834,0.9527599759481937,0.4448215152056049,0.0,0.19642857142857142,0.015525529275953399
237,112,100.0,112,0,112,0,0,0.0,0.6765273110359106,0.6692915848262749,0.12562116770599674,0.5367681935611468,0.29337256239098686,1.0056060784512098,9.107142857142858,4.519686177093536,0.2945281384124445,0.0,0.0,0.0,0.0,0.0,0,0,0,0,0,0.0,0.24107142857142858,0.1410159748026142,0.078818580894822,0.9664741318194324,0.4421986834506702,0.0,0.19642857142857142,0.015512755478888467
238,112,100.0,112,0,112,0,0,0.0,0.6749571231615751,0.6678532250807317,0.12391921084351915,0.5366558516315268,0.2903846479183857,0.9828543485984349,9.107142857142858,4.519686177093536,0.29385741319353875,0.0,0.0,0.0,0.0,0.0,0,0,0,0,0,0.0,0.2767857142857143,0.14002149559647475,0.07476739544070277,0.958618382789949,0.4429668223065062,0.0,0.23214285714285712,0.015502365788184733
239,112,100.0,112,0,111,1,0,0.0,0.6729095902359342,0.6658012983036301,0.12027963538366586,0.536474394683844,0.2875393417680572,0.9586219526628607,9.107142857142858,4.519686177093536,0.2917864557131493,0.6225925732700475,0.21059924702913718,1.0,0.37740742672995253,0.004302384362748157,0,0,0,1,0,0.0,0.26785714285714285,0.1372744048165346,0.06744006274245365,0.9625644728766874,0.439487760557694,0.0,0.23214285714285712,0.01548802748126563
240,111,99.10714285714286,112,1,111,0,0,0.008928571428571428,0.671197332887588,0.6639660095417016,0.12205974432453416,0.5362404964346723,0.2916703526149402,0.9858904556140795,9.107142857142858,4.519686177093536,0.2921363727604216,0.6574080722993504,0.20489011031002854,1.0,0.3425919277006496,0.0049454063210901955,0,1,0,0,0,0.0,0.2767857142857143,0.13867547749749612,0.08038183471685777,0.9693925786777069,0.44069346483853405,0.008928571428571428,0.19642857142857142,0.015474180461105762
241,111,99.10714285714286,112,0,112,0,0,0.0,0.6719332247743414,0.664775969841333,0.12312827721457598,0.5360407389353833,0.2929433531331761,0.9644164413971004,9.107142857142858,4.519686177093536,0.2931983067748831,0.0,0.0,0.0,0.0,0.0,0,0,0,0,0,0.0,0.26785714285714285,0.1399096991912272,0.09120146185491874,0.968705122763019,0.44000249598141766,0.0,0.19642857142857142,0.015473345714497991
242,111,99.10714285714286,112,0,112,0,0,0.0,0.6704358890495005,0.6631909604852916,0.12102406445098464,0.5357926998891608,0.2954394287229479,0.9709708605841776,9.107142857142858,4.519686177093536,0.29081476598659206,0.0,0.0,0.0,0.0,0.0,0,0,0,0,0,0.0,0.26785714285714285,0.13824088541533136,0.10176716097598026,0.9707997404808633,0.4314339806162502,0.0,0.19642857142857142,0.01546025374263083
243,111,99.10714285714286,112,0,112,0,0,0.0,0.6722510686696445,0.6652201565854516,0.11882760723348519,0.5356292420659403,0.2909405560218482,0.9952414137678244,9.107142857142858,4.519686177093536,0.28976041162198296,0.0,0.0,0.0,0.0,0.0,0,0,0,0,0,0.0,0.25,0.13595616912980685,0.10183399314220257,0.9595921675823913,0.42619123445215135,0.0,0.23214285714285712,0.015465635750410812
244,111,99.10714285714286,112,0,112,0,0,0.0,0.670730313846062,0.6640393676804434,0.11635336911754897,0.5354304776610249,0.2915802483438864,0.9818063185832607,9.107142857142858,4.519686177093536,0.28791837388988784,0.0,0.0,0.0,0.0,0.0,0,0,0,0,0,0.0,0.25892857142857145,0.13382812779870787,0.08981786083277911,0.9491916724627288,0.42501811557056507,0.0,0.16071428571428573,0.015453540212625929
245,112,100.0,112,0,112,0,0,0.0,0.6758245710067925,0.6691514099164708,0.11867557673032036,0.5354255353964906,0.2868405520134481,0.9816899886619085,9.107142857142858,4.519686177093536,0.2884233772740341,0.0,0.0,0.0,0.0,0.0,0,0,0,0,0,0.0,0.25892857142857145,0.1340109466821408,0.07412577885116291,0.95615011876823,0.4266147420223262,0.0,0.23214285714285712,0.015478899811006084
246,112,100.0,112,0,112,0,0,0.0,0.6779237526223235,0.671171412114335,0.12081393111527601,0.5354938547148945,0.28366154027725526,0.97621549686329,9.107142857142858,4.519686177093536,0.29063831341675406,0.0,0.0,0.0,0.0,0.0,0,0,0,0,0,0.0,0.25,0.13576233296839002,0.06969958187508692,0.9364740282164356,0.4298625578586108,0.0,0.2678571428571429,0.015490939628478834
247,112,100.0,112,0,111,1,0,0.0,0.675602604412661,0.6692611974846167,0.11685894332912516,0.5354900176492504,0.2898219527326401,0.9855200773422987,9.107142857142858,4.519686177093536,0.28655860493706564,0.7242953110536596,0.21604077633800967,1.0,0.27570468894634037,0.0006184937341726648,0,0,0,1,0,0.0,0.24107142857142858,0.13207096450075326,0.06784867045758648,0.9557842973680097,0.4255752490438998,0.0,0.23214285714285718,0.01547924717576776
248,111,99.10714285714286,112,1,111,0,0,0.008928571428571428,0.6691762665488099,0.6645966310533328,0.11875700006325193,0.5352580343631153,0.2893735733440449,0.9834518726412831,9.107142857142858,4.519686177093536,0.28901900051082197,0.6955493647420657,0.21715850183168392,1.0,0.30445063525793425,-0.00022869750388604393,1,0,0,0,0,0.0,0.25892857142857145,0.13510884807757045,0.07153386602584082,0.9626690077006637,0.4270976569538187,0.008928571428571428,0.19642857142857142,0.015441873028190195
249,111,99.10714285714286,112,0,112,0,0,0.0,0.6776187823246057,0.6730183774082196,0.12699436059500424,0.5354007058306377,0.2761840884405779,0.9613677186984714,9.107142857142858,4.519686177093536,0.2937402903296813,0.0,0.0,0.0,0.0,0.0,0,0,0,0,0,0.0,0.25892857142857145,0.13952911670404253,0.07085437295313544,0.9574103538754242,0.43629808685473254,0.0,0.19642857142857142,0.015487309758367308
250,111,99.10714285714286,112,0,112,0,0,0.0,0.6737388976376909,0.6693227885752451,0.12648030012432837,0.5354033057814471,0.2768206796947308,0.971484857268325,9.107142857142858,4.519686177093536,0.2934804148784056,0.0,0.0,0.0,0.0,0.0,0,0,0,0,0,0.0,0.25,0.13985935025371624,0.0766311342236984,0.9598845364678701,0.43520137891303534,0.0,0.19642857142857142,0.015467969089741407
251,111,99.10714285714286,112,0,112,0,0,0.0,0.6760532198437897,0.671612527641107,0.1254985734339164,0.53548857943868,0.2721910489335774,0.9521517774478309,9.107142857142858,4.519686177093536,0.29442935106484525,0.0,0.0,0.0,0.0,0.0,0,0,0,0,0,0.0,0.24107142857142858,0.1396518268856902,0.08183039040573832,0.9639680361924213,0.4369081695762715,0.0,0.23214285714285718,0.01548146775162123
252,110,98.21428571428571,112,1,111,0,0,0.008928571428571428,0.6755679632167169,0.6702368179121593,0.12388448430454067,0.5355421083729205,0.27860040107695033,0.9643196003609713,9.107142857142858,4.519686177093536,0.29435336227354636,0.5728735957496582,0.21410131163214413,1.0,0.42712640425034176,0.005349796321152123,0,1,0,0,0,0.0,0.24107142857142858,0.13961280199148332,0.10123578221324539,0.9683779476387228,0.43136795851335447,0.008928571428571428,0.17857142857142858,0.015480251138406672
253,111,99.10714285714286,112,0,112,0,0,0.0,0.6805076820280043,0.6751266850874352,0.1363167068468959,0.5357481716992877,0.2700066755077888,0.94817524050233,9.107142857142858,4.519686177093536,0.3013984449519511,0.0,0.0,0.0,0.0,0.0,0,0,0,0,0,0.0,0.25,0.14770585865716973,0.09085500510527392,0.9655698685193451,0.44648408318075733,0.0,0.1607142857142857,0.015509606440302045
254,111,99.10714285714286,112,0,112,0,0,0.0,0.681799261091813,0.6765247086905537,0.13662256469179512,0.5359954706336111,0.26550496481089575,0.9392433844025477,9.107142857142858,4.519686177093536,0.2984570900980461,0.0,0.0,0.0,0.0,0.0,0,0,0,0,0,0.0,0.25892857142857145,0.14586368831124297,0.08951535724911688,0.9837758734244186,0.446080933566028,0.0,0.1607142857142857,0.015521652903496448
255,111,99.10714285714286,112,0,112,0,0,0.0,0.6830459863293247,0.6778254978569298,0.14828994601001072,0.5362786257027005,0.2681307754065374,0.938696372728926,9.107142857142858,4.519686177093536,0.3004255254519739,0.0,0.0,0.0,0.0,0.0,0,0,0,0,0,0.0,0.25,0.15131291935295477,0.09001525731387269,0.9852691309348326,0.45046648830576214,0.0,0.125,0.015534285389942691
256,111,99.10714285714286,112,0,112,0,0,0.0,0.6880680279646053,0.6828247312548138,0.16072972128744176,0.5367297427799482,0.2644559550965591,0.9328397471695126,9.107142857142858,4.519686177093536,0.3057323387688573,0.0,0.0,0.0,0.0,0.0,0,0,0,0,0,0.0,0.25892857142857145,0.15788024845783263,0.08423539724228357,0.971743668570172,0.46216612282224034,0.0,0.1607142857142857,0.015569590136210532
257,112,100.0,112,0,112,0,0,0.0,0.6897433475598389,0.684449256917502,0.15660020793708665,0.537219209550469,0.2607869651715932,0.9289131510973637,9.107142857142858,4.519686177093536,0.30506583101509066,0.0,0.0,0.0,0.0,0.0,0,0,0,0,0,0.0,0.26785714285714285,0.1555215168192776,0.08496140757672191,0.9619689021965696,0.46103056957738264,0.0,0.1607142857142857,0.015589027915171047
258,112,100.0,112,0,112,0,0,0.0,0.6906083002882957,0.6853238459628755,0.15335380313926522,0.5377181769031733,0.26918000892138766,0.9496446798200135,9.107142857142858,4.519686177093536,0.3022906559893659,0.0,0.0,0.0,0.0,0.0,0,0,0,0,0,0.0,0.24107142857142858,0.15272480194146812,0.09195828186343567,0.9620411784934012,0.45140577741365134,0.0,0.17857142857142858,0.015604628558047524
259,112,100.0,112,0,112,0,0,0.0,0.6930177319512448,0.6880200054612903,0.15492309170399773,0.5382920788559387,0.26295924278179267,0.9341434725283049,9.107142857142858,4.519686177093536,0.30410061942760436,0.0,0.0,0.0,0.0,0.0,0,0,0,0,0,0.0,0.24107142857142858,0.15378294343043977,0.08346708604910891,0.9619409956580847,0.4577148321413867,0.0,0.14285714285714285,0.015629644999976874
260,112,100.0,112,0,112,0,0,0.0,0.6937094883079677,0.6884808621437514,0.16461099892045364,0.538856705662094,0.26083230295764415,0.933486621618166,9.107142857142858,4.519686177093536,0.30923809566399285,0.0,0.0,0.0,0.0,0.0,0,0,0,0,0,0.0,0.25892857142857145,0.16032073454642068,0.08873498178738562,0.968596376862601,0.46542665393593785,0.0,0.14285714285714285,0.01564586346161547
261,112,100.0,112,0,112,0,0,0.0,0.7013709831974129,0.6961523176890586,0.17202368709372323,0.5396731936812297,0.2486277189114304,0.9079844924294085,9.107142857142858,4.519686177093536,0.3136105591296141,0.0,0.0,0.0,0.0,0.0,0,0,0,0,0,0.0,0.25892857142857145,0.16430599210847033,0.08250604034008316,0.9566885765282568,0.4731184729193623,0.0,0.16071428571428573,0.015702622284131947
262,112,100.0,112,0,112,0,0,0.0,0.7003621123755133,0.6952214391029855,0.17277213547282558,0.5404191207716025,0.2526978743602973,0.9213405696992586,9.107142857142858,4.519686177093536,0.31244404308733364,0.0,0.0,0.0,0.0,0.0,0,0,0,0,0,0.0,0.25892857142857145,0.16388431356325053,0.0834106053884024,0.9637165662765421,0.47020232869408013,0.0,0.08928571428571429,0.01571443471181984
263,112,100.0,112,0,112,0,0,0.0,0.7034459480105373,0.6980283458920828,0.1703098547265037,0.5412328250009013,0.25036220567214873,0.9156053130036098,9.107142857142858,4.519686177093536,0.3127066226587396,0.0,0.0,0.0,0.0,0.0,0,0,0,0,0,0.0,0.25892857142857145,0.16296951196148482,0.09627752017344436,0.9504436382474504,0.4693378568537714,0.0,0.14285714285714288,0.01574824232878198
264,112,100.0,112,0,112,0,0,0.0,0.6986724684513366,0.6933967514970775,0.15829098127744687,0.541842285527306,0.259983364970848,0.9280140009795332,9.107142857142858,4.519686177093536,0.30763285686160025,0.0,0.0,0.0,0.0,0.0,0,0,0,0,0,0.0,0.26785714285714285,0.15654793929668723,0.11003211077903123,0.9523881424645424,0.4575247628839077,0.0,0.10714285714285714,0.01573814778256935
265,112,100.0,112,0,112,0,0,0.0,0.6964633828664202,0.6913710884623623,0.1565186096134153,0.5423509574608041,0.2622889611979865,0.9350045775093702,9.107142857142858,4.519686177093536,0.307422259720022,0.0,0.0,0.0,0.0,0.0,0,0,0,0,0,0.0,0.24107142857142858,0.15603421157079292,0.11059225193836825,0.9417000911350113,0.45343478960917594,0.0,0.125,0.015738597542177307
266,111,99.10714285714286,112,1,111,0,0,0.008928571428571428,0.6928871188414664,0.686864807726092,0.14301425941106277,0.542699777679343,0.27040640311061653,0.9426742604922806,9.107142857142858,4.519686177093536,0.303261705766932,0.9995006684325005,0.2243903856987514,1.0,0.0004993315674994836,0.0048097748392137984,1,0,0,0,0,1.0,0.25892857142857145,0.1495286301481163,0.12630068638276135,0.9592295354815183,0.44360558760509894,0.008928571428571428,0.08928571428571429,0.01572859901165264
267,111,99.10714285714286,112,0,112,0,0,0.0,0.6881060166906262,0.6821345007007722,0.1389547469858355,0.5428357218343396,0.2707954487774708,0.9383503501648478,9.107142857142858,4.519686177093536,0.3032414247473023,0.0,0.0,0.0,0.0,0.0,0,0,0,0,0,0.0,0.26785714285714285,0.14872363124324975,0.1269275296384387,0.9738036916744541,0.44566388596824374,0.0,0.14285714285714285,0.015707765625489412
268,111,99.10714285714286,112,0,112,0,0,0.0,0.6834945620374955,0.6774271246307509,0.13881816213077117,0.5427953148397215,0.27181805360552025,0.9435095836427607,9.107142857142858,4.519686177093536,0.3025365943323579,0.0,0.0,0.0,0.0,0.0,0,0,0,0,0,0.0,0.2767857142857143,0.14922145006067283,0.1240205240733411,0.9788556444547002,0.44551691327282306,0.0,0.10714285714285714,0.015683795217548594
269,111,99.10714285714286,112,0,112,0,0,0.0,0.6873867325101689,0.6812272880346011,0.1465478183743427,0.5428941384825106,0.26718869430780146,0.9339988932256553,9.107142857142858,4.519686177093536,0.30802934936538495,0.0,0.0,0.0,0.0,0.0,0,0,0,0,0,0.0,0.25892857142857145,0.1547441571553026,0.12278815154033478,0.9787068471106602,0.452666873298642,0.0,0.10714285714285715,0.01570548932917338
270,111,99.10714285714286,112,0,112,0,0,0.0,0.6879224018864301,0.6816871135057017,0.15052558169784766,0.5430051217413815,0.2641027858136452,0.922020497738331,9.107142857142858,4.519686177093536,0.3122436824528265,0.0,0.0,0.0,0.0,0.0,0,0,0,0,0,0.0,0.26785714285714285,0.15851026629813683,0.12322461487553946,0.9856212357886414,0.45769254358551364,0.0,0.10714285714285715,0.015710675723559723
271,112,100.0,112,0,112,0,0,0.0,0.6859356401544608,0.6798804370254213,0.15117781727813046,0.5430457640195272,0.26612470747509764,0.925387181950887,9.107142857142858,4.519686177093536,0.3101829144900725,0.0,0.0,0.0,0.0,0.0,0,0,0,0,0,0.0,0.25892857142857145,0.15735514688976343,0.11589555521170368,0.9782897161197338,0.4572102091344846,0.0,0.14285714285714285,0.015701660366613582
272,112,100.0,112,0,112,0,0,0.0,0.6829936028284835,0.6773058049917238,0.14257477261240784,0.5429914771637352,0.2726519414375131,0.9401369721403435,9.107142857142858,4.519686177093536,0.3039370740821865,0.0,0.0,0.0,0.0,0.0,0,0,0,0,0,0.0,0.24107142857142858,0.15051012541687717,0.10450281140907411,0.976588332660156,0.4510440828152681,0.0,0.10714285714285714,0.01568572338222509
273,112,100.0,112,0,112,0,0,0.0,0.6891600050709761,0.6830022254339875,0.14864866153797543,0.5431456121653148,0.26969974545947223,0.936846338097644,9.107142857142858,4.519686177093536,0.3069040136095622,0.0,0.0,0.0,0.0,0.0,0,0,0,0,0,0.0,0.2767857142857143,0.15408180012576206,0.11824560520083563,0.9807431061165784,0.4513489129713112,0.0,0.10714285714285714,0.01572003860261778
274,112,100.0,112,0,112,0,0,0.0,0.6945085740028197,0.6884796658495039,0.15231563651543317,0.5434908312423887,0.2679703147594756,0.9287422119414374,9.107142857142858,4.519686177093536,0.3086427597648753,0.0,0.0,0.0,0.0,0.0,0,0,0,0,0,0.0,0.24107142857142858,0.1554709353728981,0.12128821826185512,0.9837947639586355,0.4544841400255244,0.0,0.14285714285714285,0.0157545828567306
275,112,100.0,112,0,112,0,0,0.0,0.6944863092539199,0.6883672997170424,0.15789076342566274,0.5438163846233104,0.26227101151778215,0.9138294207623423,9.107142857142858,4.519686177093536,0.3109852449946868,0.0,0.0,0.0,0.0,0.0,0,0,0,0,0,0.0,0.26785714285714285,0.15885578286924526,0.10967931264719878,0.9793299190479137,0.46220107829094764,0.0,0.10714285714285714,0.01576182852856439
276,112,100.0,112,0,112,0,0,0.0,0.6972529316742541,0.691182412516365,0.16190070754695365,0.5442290114243239,0.2582966431219872,0.9056288228631121,9.107142857142858,4.519686177093536,0.31119777275878047,0.0,0.0,0.0,0.0,0.0,0,0,0,0,0,0.0,0.25892857142857145,0.1597192470222481,0.09837855466603719,0.9833040332481289,0.4679918704963257,0.0,0.14285714285714285,0.015784986358910257
277,112,100.0,112,0,112,0,0,0.0,0.7050101073282529,0.6988236517827302,0.16483541717039565,0.5448992768167534,0.2509559489900512,0.9056688517884253,9.107142857142858,4.519686177093536,0.3105535608369463,0.0,0.0,0.0,0.0,0.0,0,0,0,0,0,0.0,0.24107142857142858,0.15891912015432078,0.08665576074434134,0.9890224191454081,0.4698577355164704,0.0,0.10714285714285714,0.015838919183325986
278,112,100.0,112,0,112,0,0,0.0,0.7048779253072208,0.6987496433113921,0.1636440982361997,0.5455365723563722,0.25081642620107764,0.9077448668422579,9.107142857142858,4.519686177093536,0.3103260933051146,0.0,0.0,0.0,0.0,0.0,0,0,0,0,0,0.0,0.25,0.15841322420132095,0.09692951251440592,0.9838193727079296,0.46659511314367536,0.0,0.10714285714285714,0.01585266015242652
279,112,100.0,112,0,112,0,0,0.0,0.7113405760631896,0.7049512024283681,0.16964792436771073,0.546369296945719,0.24650887250524353,0.8926064162604176,9.107142857142858,4.519686177093536,0.3123728957202747,0.0,0.0,0.0,0.0,0.0,0,0,0,0,0,0.0,0.24107142857142858,0.16061712530182123,0.09543861132146308,0.9810506470258082,0.4693590928286951,0.0,0.14285714285714285,0.015903791675285345
280,112,100.0,112,0,112,0,0,0.0,0.7163763816006563,0.7100448471167028,0.17952411561271625,0.5473485584008191,0.2423252326179861,0.8872963641436887,9.107142857142858,4.519686177093536,0.3154869713656294,0.0,0.0,0.0,0.0,0.0,0,0,0,0,0,0.0,0.24107142857142858,0.1650328272917895,0.09823621482619778,0.9859461051541025,0.4753123699319427,0.0,0.10714285714285712,0.01595110047528456
281,112,100.0,112,0,112,0,0,0.0,0.7125478870350171,0.7062273781292384,0.17604099323999386,0.5481455302167824,0.2430857391943842,0.8859776062684984,9.107142857142858,4.519686177093536,0.31391611349330417,0.0,0.0,0.0,0.0,0.0,0,0,0,0,0,0.0,0.24107142857142858,0.16358425823758513,0.1054651479251293,0.9755194621648934,0.4720942847561589,0.0,0.12499999999999999,0.015949968314957076
282,112,100.0,112,0,112,0,0,0.0,0.716814832551936,0.7106005467470519,0.18111482587698474,0.5490646042057604,0.23627655129495748,0.8732343510392369,9.107142857142858,4.519686177093536,0.3156252697469124,0.0,0.0,0.0,0.0,0.0,0,0,0,0,0,0.0,0.24107142857142858,0.16528915913074474,0.0992232956130898,0.976965653352582,0.47464359831372505,0.0,0.14285714285714285,0.015992072672560226
283,111,99.10714285714286,112,1,111,0,0,0.008928571428571428,0.7190078423840465,0.7147544990512895,0.18478295187338528,0.5500246649044167,0.24132114806411872,0.8548037143128197,9.107142857142858,4.519686177093536,0.31402014688559654,0.7343207649123007,0.15329249559811964,1.0,0.2656792350876993,0.01567046349800838,1,0,0,0,0,0.0,0.24107142857142858,0.16501177632002145,0.10411918302273752,0.9710064038008968,0.4732507225413129,0.008928571428571428,0.12499999999999999,0.016024733587065215
284,110,98.21428571428571,112,1,107,1,3,0.008928571428571428,0.7262062352030056,0.7211796601501129,0.1937714392556656,0.5512721725662932,0.23803596146121056,0.8545335168206675,9.107142857142858,4.519686177093536,0.31598245329528174,0.9274178234752963,0.1985630982416478,1.0,0.07258217652470375,-0.00017736129336030083,0,4,0,1,0,0.6,0.24107142857142858,0.16828234168333742,0.10416970315840367,0.9695571903548958,0.47500349394808794,0.008928571428571428,0.14285714285714285,0.01608891726683602
285,109,97.32142857142857,112,1,111,0,0,0.008928571428571428,0.7265886501424169,0.721148476870588,0.1832058144450303,0.5524362637977582,0.23903131104934558,0.8882333726236787,9.107142857142858,4.519686177093536,0.3167691766516969,0.5666477970221545,0.22577439155363027,1.0,0.4333522029778455,-0.014571399995333523,0,1,0,0,0,0.0,0.25,0.16537257994058147,0.11154314479894299,0.9623884641128867,0.4729492379864218,0.008928571428571428,0.125,0.016117135976771717
286,109,97.32142857142857,112,0,112,0,0,0.0,0.7246655871510261,0.7193508255597483,0.1767765766744583,0.5534777982077447,0.24200305192534222,0.8562097442594337,9.107142857142858,4.519686177093536,0.3129346431137132,0.0,0.0,0.0,0.0,0.0,0,0,0,0,0,0.0,0.24107142857142858,0.16110608718629965,0.11324668573069559,0.9685280392969562,0.4679302811925587,0.0,0.10714285714285712,0.01613105770519368
287,108,96.42857142857143,112,1,110,0,1,0.008928571428571428,0.7227451375206817,0.7165045213126979,0.17818822274602217,0.5544148931669445,0.24776667007392744,0.8774391240410154,9.107142857142858,4.519686177093536,0.3112759044278177,0.9998684721628623,0.2155840676685543,1.0,0.00013152783713765714,0.00633298570946525,0,2,0,0,0,1.0,0.25892857142857145,0.16109498324210844,0.0916129557028048,0.9702967243613055,0.4722947897108056,0.008928571428571428,0.07142857142857142,0.01614263233271055
288,108,96.42857142857143,112,1,111,0,0,0.008928571428571428,0.7224853250062525,0.7178622830951771,0.16947644084404292,0.5552567914787285,0.25619730308303124,0.871538521672292,9.107142857142858,4.519686177093536,0.3081217702187362,0.8606898714940792,0.19611865308011883,1.0,0.13931012850592084,0.0014635372192885743,0,1,0,0,0,0.0,0.22321428571428573,0.15652637119503474,0.11211673808519587,0.9638081481951141,0.4609714203729591,0.008928571428571428,0.12499999999999999,0.01616035885094985
289,109,97.32142857142857,112,0,112,0,0,0.0,0.7313238121070367,0.7266526987618627,0.17648018847057453,0.556434864292025,0.2486561943458283,0.8946900131974695,9.107142857142858,4.519686177093536,0.31217028106948597,0.0,0.0,0.0,0.0,0.0,0,0,0,0,0,0.0,0.24107142857142858,0.15970230342161168,0.10332264707620478,0.9571255565115987,0.46904564444899094,0.0,0.1607142857142857,0.0162311738835031
290,109,97.32142857142857,112,1,110,0,1,0.008928571428571428,0.7331393397105359,0.7277033030932523,0.17393900164068732,0.5576328634917755,0.251824987677597,0.8710334121802786,9.107142857142858,4.519686177093536,0.31040379599379153,0.8762561182434541,0.21025811107800685,1.0,0.12374388175654588,0.007215627803029784,0,2,0,0,0,0.5,0.26785714285714285,0.15731144840928005,0.09481330948608979,0.9565899418820891,0.465418054270157,0.008928571428571428,0.17857142857142855,0.016267324423637004
291,107,95.53571428571429,112,2,108,0,2,0.017857142857142856,0.7355453848803143,0.7333947039953442,0.16865605472352424,0.5588279482733456,0.26271081406339203,0.8817321030211884,9.107142857142858,4.519686177093536,0.3072531788579551,0.8653809825216631,0.1982416213802478,1.0,0.1346190174783369,0.0041582475058960094,0,4,0,0,0,0.25,0.25892857142857145,0.15343607423342145,0.11011386779895917,0.9654526216634487,0.45386491327341955,0.017857142857142856,0.12499999999999999,0.01630636169032448
292,106,94.64285714285714,112,2,110,0,0,0.017857142857142856,0.7376654558492638,0.7333977554784683,0.16750476259308136,0.5601638554936775,0.2691198235255345,0.9040132053464409,9.107142857142858,4.519686177093536,0.30792810266861337,0.7906601473073575,0.22605011348420162,1.0,0.20933985269264255,0.002401865554496674,1,1,0,0,0,0.5,0.23214285714285715,0.15372767609467666,0.14010554101530842,0.9574738196204164,0.44184713525655855,0.017857142857142856,0.10714285714285714,0.0163471514521573
293,107,95.53571428571429,112,0,112,0,0,0.0,0.7377247530463874,0.7335549406560136,0.17845056633437145,0.5613697121512288,0.25696443693491344,0.8905141147551642,9.107142857142858,4.519686177093536,0.3111391707453943,0.0,0.0,0.0,0.0,0.0,0,0,0,0,0,0.0,0.24107142857142858,0.1587253679842215,0.11681555481300356,0.9605662298818072,0.45089931972894004,0.0,0.10714285714285714,0.016374698406476366
294,107,95.53571428571429,112,0,112,0,0,0.0,0.7423050121267584,0.7382215669276446,0.18694831243622193,0.5626898013621415,0.254596060597332,0.8871154992502958,9.107142857142858,4.519686177093536,0.31295758930559625,0.0,0.0,0.0,0.0,0.0,0,0,0,0,0,0.0,0.21428571428571427,0.1616940757593647,0.10539791603067482,0.9629698550971542,0.45700952581076304,0.0,0.10714285714285714,0.016427431646673686
295,108,96.42857142857143,112,0,112,0,0,0.0,0.7476386627119693,0.7434472714569051,0.19757855980817568,0.5641391750396753,0.24953119979000263,0.8852410462440183,9.107142857142858,4.519686177093536,0.31715662201823935,0.0,0.0,0.0,0.0,0.0,0,0,0,0,0,0.0,0.21428571428571427,0.16700369681792182,0.10655502320250222,0.9638208755674373,0.4614980967422686,0.0,0.10714285714285714,0.0164868534704787
296,109,97.32142857142857,112,1,111,0,0,0.008928571428571428,0.7520391495679567,0.7474722148686989,0.19589165790778515,0.5656805082263259,0.24863287868048042,0.8715218010794469,9.107142857142858,4.519686177093536,0.31757333870427673,0.7436691047703553,0.2079848836700796,1.0,0.2563308952296447,-0.0015952763379897816,0,1,0,0,0,0.0,0.22321428571428573,0.16631315638980468,0.11126112942995285,0.9568882288452167,0.4620227956966776,0.008928571428571428,0.10714285714285714,0.01654368761624864
297,109,97.32142857142857,112,2,109,0,1,0.017857142857142856,0.7579336954350923,0.7563982673710928,0.19726994619475455,0.5673499547374967,0.2522371632793648,0.8782169712201708,9.107142857142858,4.519686177093536,0.3170141443858612,0.8272947457773157,0.18259163934448996,1.0,0.17270525422268426,0.006920063297067823,0,3,0,0,0,0.3333333333333333,0.20535714285714285,0.16595967966920247,0.13222825362614588,0.9662229833078453,0.4508940604514615,0.017857142857142856,0.10714285714285715,0.016610887217183998
298,108,96.42857142857143,112,1,108,0,3,0.008928571428571428,0.7527629856179799,0.7497837227619786,0.18931277877834363,0.5688710381482501,0.26635787143711553,0.9387972137742366,9.107142857142858,4.519686177093536,0.31528486519376586,0.9324304884491765,0.23666061749106843,1.0,0.06756951155082347,-0.002096794069920721,2,2,0,0,0,0.75,0.21428571428571427,0.16395805124215523,0.15125899212498492,0.9464642522290448,0.44361844935428846,0.008928571428571428,0.14285714285714288,0.01661940776642738
299,107,95.53571428571429,112,1,111,0,0,0.008928571428571428,0.7561476768197269,0.7530408705364973,0.20009633627693593,0.5703918209008367,0.2612525146012916,0.9327981633599567,9.107142857142858,4.519686177093536,0.31902609190010356,0.7830402506348428,0.23000092550296802,1.0,0.21695974936515716,-0.013785358870600284,0,1,0,0,0,0.0,0.19642857142857142,0.16844377018816376,0.14095900420817675,0.9536894857289948,0.4489172912241582,0.008928571428571428,0.10714285714285714,0.016670698526362254
300,107,95.53571428571429,112,0,112,0,0,0.0,0.759194344338315,0.7561100045622366,0.20630541122328025,0.571950940104166,0.26191204453016037,0.9320494775526538,9.107142857142858,4.519686177093536,0.31876556929845346,0.0,0.0,0.0,0.0,0.0,0,0,0,0,0,0.0,0.19642857142857142,0.169651981224033,0.13403561587453158,0.949862489062008,0.4515640887186869,0.0,0.10714285714285714,0.016721165511513834
301,108,96.42857142857143,112,0,112,0,0,0.0,0.7559093859444866,0.7527368928457484,0.2091574867433305,0.5733176287611877,0.2572774580063116,0.9236753406739232,9.107142857142858,4.519686177093536,0.3212853445780588,0.0,0.0,0.0,0.0,0.0,0,0,0,0,0,0.0,0.22321428571428573,0.17246264539080577,0.12706102989698975,0.9278699888730326,0.4565307362853643,0.0,0.14285714285714285,0.016735625738702353
302,109,97.32142857142857,112,1,111,0,0,0.008928571428571428,0.7594541435957574,0.755541948744701,0.22139648448846333,0.5747534543897671,0.25351891185259184,0.9105825291871223,9.107142857142858,4.519686177093536,0.3236634082928207,0.7791686546740826,0.18621367344949344,1.0,0.22083134532591742,0.01621580055423716,0,1,0,0,0,0.0,0.19642857142857142,0.17660054432577102,0.10654343865363455,0.9237642543259612,0.46798636016667194,0.008928571428571428,0.14285714285714285,0.01678579693318974
303,110,98.21428571428571,112,0,112,0,0,0.0,0.7620397254412197,0.7582175330545019,0.23120294273608064,0.5761916443863564,0.24583618148147832,0.8936011070205624,9.107142857142858,4.519686177093536,0.3273437789878,0.0,0.0,0.0,0.0,0.0,0,0,0,0,0,0.0,0.22321428571428573,0.18102549628824566,0.09765426279749258,0.9580938750097325,0.47487853864998053,0.0,0.14285714285714285,0.016831225679655146
304,111,99.10714285714286,112,0,112,0,0,0.0,0.7599393709909253,0.7560090406766296,0.23608595788092315,0.5774849791686897,0.24117573616560226,0.906085427166826,9.107142857142858,4.519686177093536,0.33122364862427034,0.0,0.0,0.0,0.0,0.0,0,0,0,0,0,0.0,0.21428571428571427,0.18552153599354443,0.10623892647852903,0.9580938750097325,0.48070659942903715,0.0,0.14285714285714285,0.016849951244094004
305,111,99.10714285714286,112,0,112,0,0,0.0,0.7587126270356013,0.7549189350365615,0.2293145543176216,0.5786804437944983,0.2470634057846913,0.8977968574046423,9.107142857142858,4.519686177093536,0.3261958947847685,0.0,0.0,0.0,0.0,0.0,0,0,0,0,0,0.0,0.22321428571428573,0.18016328877886809,0.10733077269811583,0.9491806951788471,0.4737500984730715,0.0,0.14285714285714285,0.016870833149039744
306,111,99.10714285714286,112,0,112,0,0,0.0,0.7570805964053834,0.7531886825020738,0.22241211782406703,0.5797593155831582,0.24527488166315242,0.8957401291985462,9.107142857142858,4.519686177093536,0.32625856207903725,0.0,0.0,0.0,0.0,0.0,0,0,0,0,0,0.0,0.23214285714285715,0.1787668375128088,0.1106784700286261,0.9687457773513856,0.47572329684571557,0.0,0.14285714285714285,0.016887053805438965
307,112,100.0,112,0,112,0,0,0.0,0.7596366627290979,0.7557613775411806,0.21873046907566776,0.5808824479463663,0.25065658842722416,0.9047016739391618,9.107142857142858,4.519686177093536,0.32363904006223665,0.0,0.0,0.0,0.0,0.0,0,0,0,0,0,0.0,0.23214285714285715,0.17546350130758714,0.11183152019177463,0.9706607652852549,0.47149989983122226,0.0,0.14285714285714285,0.01692521516614273
308,112,100.0,112,0,112,0,0,0.0,0.7606010109871032,0.7566625154940282,0.2223143664947587,0.5819874011373973,0.25628758105387645,0.9210157778631124,9.107142857142858,4.519686177093536,0.32555491367751754,0.0,0.0,0.0,0.0,0.0,0,0,0,0,0,0.0,0.24107142857142858,0.17767293283039878,0.11238047305509585,0.9691331000087223,0.4699789646885701,0.0,0.10714285714285712,0.016955007115751944
309,112,100.0,112,0,112,0,0,0.0,0.7579777725590775,0.7539786109860618,0.22528735193600094,0.5829453706629475,0.25574960768558996,0.9134170832372482,9.107142857142858,4.519686177093536,0.3287718958796677,0.0,0.0,0.0,0.0,0.0,0,0,0,0,0,0.0,0.23214285714285715,0.181210499921904,0.12189966463102933,0.9666334395091838,0.4736594038262033,0.0,0.14285714285714285,0.016963539531725347
310,111,99.10714285714286,112,1,111,0,0,0.008928571428571428,0.7557529764071577,0.7506798041910471,0.2147906098718346,0.5837774943781453,0.2667470377075897,0.9314783747909099,9.107142857142858,4.519686177093536,0.3251066295967364,0.8265908484368107,0.2092169039275224,1.0,0.17340915156318926,0.01097682190247562,0,1,0,0,0,0.0,0.23214285714285715,0.1767673111420465,0.1328197119310137,0.9533947668232041,0.46616102900099765,0.008928571428571428,0.17857142857142858,0.0169712202412318
311,111,99.10714285714286,112,0,112,0,0,0.0,0.7579223635490303,0.752863095252114,0.2095764749161033,0.5846142230585919,0.2722279769772519,0.934340980929129,9.107142857142858,4.519686177093536,0.3220579251226934,0.0,0.0,0.0,0.0,0.0,0,0,0,0,0,0.0,0.21428571428571427,0.17316236288654618,0.14219746605525446,0.9622972045203622,0.4594068277225235,0.0,0.14285714285714285,0.017000975932196127
312,110,98.21428571428571,112,1,111,0,0,0.008928571428571428,0.7520072748698665,0.7464301880825385,0.21334360023804833,0.5851985178892448,0.27100995420870916,0.9322875211943467,9.107142857142858,4.519686177093536,0.3246396348930236,0.99965423717426,0.2024220586107249,1.0,0.0003457628257399481,0.007374603073675434,0,1,0,0,0,1.0,0.24107142857142858,0.17678271904832893,0.13293395583047152,0.9702849831500756,0.4669429765719181,0.008928571428571428,0.125,0.016984604635147553
313,110,98.21428571428571,112,0,112,0,0,0.0,0.7415839448178566,0.7360085277399091,0.18833989208119417,0.5853616019200404,0.2952794919125945,0.9721820714135448,9.107142857142858,4.519686177093536,0.31694962341092103,0.0,0.0,0.0,0.0,0.0,0,0,0,0,0,0.0,0.24107142857142858,0.16611950952395885,0.16090824062016518,0.9640183966637949,0.4488890283506352,0.0,0.08928571428571429,0.01693617342808596
314,110,98.21428571428571,112,0,112,0,0,0.0,0.7410925368801858,0.7354743999387499,0.19236469783297427,0.5854980023441219,0.28637674911766925,0.9514813621769023,9.107142857142858,4.519686177093536,0.3194905019550427,0.0,0.0,0.0,0.0,0.0,0,0,0,0,0,0.0,0.25,0.16905118705042158,0.1609622569000569,0.975156550539168,0.4529925197777486,0.0,0.08928571428571429,0.01693679882395396
315,111,99.10714285714286,112,0,112,0,0,0.0,0.7405800337618633,0.7349926572526084,0.2047983781685916,0.5856108192910147,0.27734926095344065,0.9345950931648169,9.107142857142858,4.519686177093536,0.32479130813856827,0.0,0.0,0.0,0.0,0.0,0,0,0,0,0,0.0,0.24107142857142858,0.17619257517850015,0.14835208387021015,0.9696176569711383,0.46298261708293886,0.0,0.1607142857142857,0.016936785794339416
316,110,98.21428571428571,112,1,111,0,0,0.008928571428571428,0.7421820321628658,0.7358759988141905,0.20186911595060864,0.5857827478071929,0.2859417540305139,0.9204149479062266,9.107142857142858,4.519686177093536,0.32447905210829875,0.9999999999152409,0.13435018332599616,1.0,8.475908863658788e-11,0.016911244640634177,0,1,0,0,0,1.0,0.25892857142857145,0.1746637208025077,0.14000139625609365,0.9650265689328094,0.4600288897110687,0.008928571428571428,0.1607142857142857,0.01694868110103452
317,111,99.10714285714286,112,0,112,0,0,0.0,0.7446873132441991,0.7384057357562309,0.19970009870850922,0.5860061035026246,0.28770783623326845,0.9149373810312544,9.107142857142858,4.519686177093536,0.3214702833178593,0.0,0.0,0.0,0.0,0.0,0,0,0,0,0,0.0,0.25,0.1716915736738758,0.13401053018323564,0.9677112905305572,0.458706461885861,0.0,0.1607142857142857,0.016966254994687277
318,111,99.10714285714286,112,0,112,0,0,0.0,0.7444004079189267,0.7381881261666282,0.20943698639460157,0.5862114960051312,0.28011788599999327,0.9078598587737327,9.107142857142858,4.519686177093536,0.3242269857738973,0.0,0.0,0.0,0.0,0.0,0,0,0,0,0,0.0,0.26785714285714285,0.17613739114945723,0.12339213997641577,0.9864250919792945,0.4667392825345085,0.0,0.12499999999999999,0.016969462016333203
319,111,99.10714285714286,112,0,112,0,0,0.0,0.7495222327309451,0.743317074015934,0.2169873516148029,0.5865930552886736,0.2759809944901127,0.8975100465061773,9.107142857142858,4.519686177093536,0.32543039066747004,0.0,0.0,0.0,0.0,0.0,0,0,0,0,0,0.0,0.25892857142857145,0.17844815665833055,0.1189043950661124,0.9754643422188765,0.47206171608960756,0.0,0.08928571428571427,0.017003693781491136
320,111,99.10714285714286,112,0,111,1,0,0.0,0.7541543976302459,0.7478406431781079,0.2151801962926532,0.5871209301941273,0.27441832317398424,0.8917457841890132,9.107142857142858,4.519686177093536,0.32546757847580876,0.7905627012084733,0.24209020198327752,1.0,0.20943729879152673,0.008109476068656585,0,0,1,0,0,0.0,0.2767857142857143,0.17725120675209954,0.1325266101344193,0.9894253704108467,0.4712899642518762,0.0,0.08928571428571429,0.01703878375055471
321,111,99.10714285714286,112,1,111,0,0,0.008928571428571428,0.7556842525800791,0.7486459307819155,0.20726639356525597,0.587687489939472,0.2807599181773726,0.8982246401850232,9.107142857142858,4.519686177093536,0.3222327332020878,0.8151365986643682,0.24276731932726822,1.0,0.18486340133563184,0.008295758956203714,0,1,0,0,0,0.0,0.25892857142857145,0.17249208662328167,0.12446696366559101,0.9742981008942777,0.46764416819156834,0.008928571428571428,0.07142857142857144,0.017059236386551536
322,111,99.10714285714286,112,0,112,0,0,0.0,0.754388729296682,0.7471698094115028,0.21950329890156128,0.5881416441684799,0.2779789845659983,0.9064249778454189,9.107142857142858,4.519686177093536,0.32634324274285365,0.0,0.0,0.0,0.0,0.0,0,0,0,0,0,0.0,0.25,0.17906316286593588,0.11870580217040087,0.9743299368079971,0.4737535183762978,0.0,0.07142857142857144,0.01706302194309013
323,110,98.21428571428571,112,1,111,0,0,0.008928571428571428,0.7482234952104256,0.7420467625431831,0.21311321432197775,0.5883589505433763,0.28515846785283827,0.9128337864385417,9.107142857142858,4.519686177093536,0.322201594314222,0.9472321919318546,0.24094280683203512,1.0,0.052767808068145405,0.004855420517498599,0,1,0,0,0,0.0,0.25,0.1752475805569716,0.11609916768041476,0.9758223285355048,0.47150299168201126,0.008928571428571428,0.10714285714285714,0.017037106555752916
324,109,97.32142857142857,112,1,108,0,3,0.008928571428571428,0.7597452447338507,0.75259536407071,0.21718956525203564,0.5890084464257448,0.28362725627761726,0.9154033553631302,9.107142857142858,4.519686177093536,0.3220334158990512,0.8981490168749522,0.18378687775764363,1.0,0.10185098312504781,0.004947929867859253,1,3,0,0,0,0.75,0.22321428571428573,0.17493575219346266,0.125981196821853,0.9797604318398812,0.4641519107698307,0.008928571428571428,0.053571428571428575,0.01710939289117814
325,108,96.42857142857143,112,1,111,0,0,0.008928571428571428,0.7567902669781669,0.7500648714997774,0.20398468676991977,0.5894976180288323,0.29297865217283797,0.9246963014606921,9.107142857142858,4.519686177093536,0.31952243154462945,0.9530242018366734,0.2398724890108221,1.0,0.04697579816332664,-0.012661837089705641,0,1,0,0,0,1.0,0.25892857142857145,0.16963658348763952,0.13722129565627958,0.9742249330885294,0.4604493926761187,0.008928571428571428,0.10714285714285715,0.017105672513063226
326,108,96.42857142857143,112,2,110,0,0,0.017857142857142856,0.7521270994448301,0.7444712584723001,0.19713916835514722,0.5898129029792222,0.2939305716342435,0.9220754183320897,9.107142857142858,4.519686177093536,0.3184710632064922,0.9420154112767116,0.21322270552663458,1.0,0.05798458872328832,0.006651662376867026,0,2,0,0,0,0.5,0.26785714285714285,0.16777841721466066,0.1317461701390426,0.9649530885406876,0.45639574414924067,0.017857142857142856,0.07142857142857144,0.017089481620557158
327,108,96.42857142857143,112,0,112,0,0,0.0,0.750115228836807,0.7423624233537192,0.19427915856226075,0.5899971721983599,0.29732248690868784,0.9288458957161634,9.107142857142858,4.519686177093536,0.31964088552695125,0.0,0.0,0.0,0.0,0.0,0,0,0,0,0,0.0,0.2767857142857143,0.16824576890564227,0.13511366264486369,0.9667677356226868,0.45863082845826975,0.0,0.07142857142857144,0.017083586462730047
328,108,96.42857142857143,112,0,112,0,0,0.0,0.748949383831495,0.7413616378197657,0.1882026851765857,0.5901369271347193,0.30071164957960234,0.9429026019651677,9.107142857142858,4.519686177093536,0.31512531999716087,0.0,0.0,0.0,0.0,0.0,0,0,0,0,0,0.0,0.26785714285714285,0.16329338114648237,0.12581777079122602,0.9649530885406876,0.4543452217976235,0.0,0.07142857142857144,0.017080915479973705
329,109,97.32142857142857,112,0,112,0,0,0.0,0.7557301648622187,0.7482039357963627,0.19301121186514472,0.5905177659032131,0.29024103034081616,0.9198147209730373,9.107142857142858,4.519686177093536,0.3172717644439882,0.0,0.0,0.0,0.0,0.0,0,0,0,0,0,0.0,0.25,0.1649194684181024,0.12480861890096621,0.9815823764117226,0.45832772650413517,0.0,0.10714285714285714,0.01712342574371564
330,110,98.21428571428571,112,0,112,0,0,0.0,0.7521776714700703,0.7448316537623333,0.1928023702302379,0.5907594587025748,0.28945459020528197,0.9262171410916311,9.107142857142858,4.519686177093536,0.3159776930756979,0.0,0.0,0.0,0.0,0.0,0,0,0,0,0,0.0,0.25892857142857145,0.16472369449783017,0.12539738086910757,0.9727704681237397,0.45968762528959023,0.0,0.10714285714285714,0.01711112515477679
331,112,100.0,112,0,112,0,0,0.0,0.7570842198372656,0.7496996720264797,0.19055298335338375,0.5911662430647591,0.2868094955118351,0.9250696466317715,9.107142857142858,4.519686177093536,0.31538899959153577,0.0,0.0,0.0,0.0,0.0,0,0,0,0,0,0.0,0.23214285714285715,0.16283257867857537,0.12900716941758722,0.9677829180479263,0.4562554929842519,0.0,0.14285714285714285,0.017144850584906876
332,112,100.0,112,0,112,0,0,0.0,0.7602717974021208,0.7526468721739169,0.19395418095043046,0.5916612054084951,0.2807685433803136,0.9130468077101709,9.107142857142858,4.519686177093536,0.31751054524666644,0.0,0.0,0.0,0.0,0.0,0,0,0,0,0,0.0,0.25,0.16499128250417996,0.13268914329260598,0.9739760005344513,0.46143978331349905,0.0,0.14285714285714285,0.017171973845046977
333,112,100.0,112,0,112,0,0,0.0,0.7518413854477861,0.7441976298965097,0.18121948031652238,0.5918282936193745,0.2890953338039462,0.9235203170072331,9.107142857142858,4.519686177093536,0.3145862024325443,0.0,0.0,0.0,0.0,0.0,0,0,0,0,0,0.0,0.2857142857142857,0.16087326546789346,0.13961780285206787,0.970215073623445,0.45311189776305794,0.0,0.14285714285714285,0.01713359771666064
334,112,100.0,112,0,112,0,0,0.0,0.7557442187432487,0.7482205132805719,0.18387235042818276,0.5921332873308673,0.2927157660879781,0.9242976170685601,9.107142857142858,4.519686177093536,0.3147244672749019,0.0,0.0,0.0,0.0,0.0,0,0,0,0,0,0.0,0.23214285714285715,0.1611892957336958,0.14527734109442753,0.9644800819968797,0.4522865885906014,0.0,0.14285714285714285,0.017160004262447626
335,112,100.0,112,0,112,0,0,0.0,0.7522010281248749,0.7448495348462127,0.18009143817229936,0.5923026101666765,0.28955291067668903,0.917412283435565,9.107142857142858,4.519686177093536,0.3137920356458508,0.0,0.0,0.0,0.0,0.0,0,0,0,0,0,0.0,0.25,0.15972541368667195,0.1463179559527561,0.9508939954318154,0.4500922258577375,0.0,0.14285714285714285,0.01714611473975812
336,112,100.0,112,0,112,0,0,0.0,0.7544382156371936,0.7470259632401227,0.18562310093772172,0.5925429743282999,0.28559921100175084,0.9158226412829832,9.107142857142858,4.519686177093536,0.3158931598854411,0.0,0.0,0.0,0.0,0.0,0,0,0,0,0,0.0,0.25,0.1624890355999291,0.14282725891052447,0.9658298307219692,0.45402324369875824,0.0,0.14285714285714285,0.017162732530213505
337,111,99.10714285714286,112,1,111,0,0,0.008928571428571428,0.7477177361993882,0.7390444549347288,0.19206345789709742,0.5925263795935217,0.28676903259758457,0.9267563015696142,9.107142857142858,4.519686177093536,0.3198026614640974,0.9999999999412512,0.19893333831133908,1.0,5.874878361566971e-11,0.008619533303390658,0,1,0,0,0,1.0,0.26785714285714285,0.16809185037842375,0.12406203028755931,0.958437706249411,0.4637585915125211,0.008928571428571428,0.17857142857142855,0.017128755118057528
338,111,99.10714285714286,112,0,112,0,0,0.0,0.7555420917984975,0.7465282488504632,0.20112380250970419,0.5927386339765148,0.2881874082658159,0.9347612175826786,9.107142857142858,4.519686177093536,0.3218192286382462,0.0,0.0,0.0,0.0,0.0,0,0,0,0,0,0.0,0.2857142857142857,0.17126877728859055,0.11777841650504471,0.9456915690721424,0.4673942335875746,0.0,0.17857142857142855,0.01717267351205728
339,111,99.10714285714286,112,0,112,0,0,0.0,0.7521859016804721,0.7432097408212138,0.20512168721987747,0.5928213062085526,0.2791110176566495,0.9117558899176679,9.107142857142858,4.519686177093536,0.3274115376722242,0.0,0.0,0.0,0.0,0.0,0,0,0,0,0,0.0,0.29464285714285715,0.17656046624119523,0.12180492984815548,0.9613682988406191,0.4749318625311916,0.0,0.17857142857142855,0.01715776082418901
340,111,99.10714285714286,112,0,112,0,0,0.0,0.7491707450121886,0.7403891750982334,0.19671623820056086,0.5927982573398687,0.28693450960514905,0.9330936167505615,9.107142857142858,4.519686177093536,0.32269293072293315,0.0,0.0,0.0,0.0,0.0,0,0,0,0,0,0.0,0.26785714285714285,0.17119118956123133,0.12055313186925733,0.9549058131748861,0.4672418189545676,0.0,0.17857142857142855,0.01714216417258165
341,110,98.21428571428571,112,1,111,0,0,0.008928571428571428,0.7550143054636076,0.7482303992340258,0.20357840605304553,0.5929838526640725,0.27712580292675665,0.9142866223464692,9.107142857142858,4.519686177093536,0.32494690764484413,0.7055053310099815,0.21434116278441878,1.0,0.2944946689900185,-3.927908460665819e-05,0,1,0,0,0,0.0,0.26785714285714285,0.17331805535558345,0.1332061222580676,0.9649523967627279,0.46273185519560983,0.008928571428571428,0.1607142857142857,0.01717557613794543
342,110,98.21428571428571,112,1,110,0,1,0.008928571428571428,0.7454853770191568,0.7377082696111862,0.2003344830100619,0.5928960051059156,0.2798133209800315,0.9351547023132779,9.107142857142858,4.519686177093536,0.3259882718006133,0.75492161987105,0.2153595396627466,1.0,0.24507838012895,-0.009949222072981628,0,2,0,0,0,0.0,0.2767857142857143,0.1747618699669408,0.11806206682379013,0.9674751185923447,0.4693649637058096,0.008928571428571428,0.1607142857142857,0.017125946278751712
343,110,98.21428571428571,112,0,112,0,0,0.0,0.7484628437092969,0.7406267306871588,0.19651110752018275,0.5928781694951855,0.28527847416456814,0.9207121285296532,9.107142857142858,4.519686177093536,0.32438536336695534,0.0,0.0,0.0,0.0,0.0,0,0,0,0,0,0.0,0.25892857142857145,0.17224417281067533,0.12148717963983517,0.9674751185923447,0.46629830222692864,0.0,0.1607142857142857,0.017140430555386027
344,110,98.21428571428571,112,0,112,0,0,0.0,0.7516863953797189,0.7439172012422043,0.20026643459225932,0.5929801151523584,0.2764884673398219,0.8948869788287033,9.107142857142858,4.519686177093536,0.3272363854605054,0.0,0.0,0.0,0.0,0.0,0,0,0,0,0,0.0,0.26785714285714285,0.17475379288074397,0.12204488571267627,0.9521285443384131,0.47200178110619156,0.0,0.1607142857142857,0.01715885212562583
345,110,98.21428571428571,112,0,112,0,0,0.0,0.7470603882696439,0.7392880926417158,0.19017025864377013,0.5929100762405248,0.2883828149155302,0.9129646836742747,9.107142857142858,4.519686177093536,0.3225975826476024,0.0,0.0,0.0,0.0,0.0,0,0,0,0,0,0.0,0.25892857142857145,0.16937260287375516,0.13520601604206509,0.9671431394023249,0.4616830887390496,0.0,0.12499999999999999,0.017134139320567093
346,111,99.10714285714286,112,0,112,0,0,0.0,0.7485943294809243,0.7408751786700912,0.19127058924784157,0.5929005879139824,0.28599204170908926,0.9093748282708187,9.107142857142858,4.519686177093536,0.3214564907799742,0.0,0.0,0.0,0.0,0.0,0,0,0,0,0,0.0,0.26785714285714285,0.16826303984325433,0.1298444132371017,0.9654723826656675,0.4609169494755903,0.0,0.12499999999999999,0.017141594605331906
347,112,100.0,112,0,112,0,0,0.0,0.7514022393987033,0.7436579994861906,0.19176200641743477,0.59299214824423,0.2852028910776691,0.9202483439332341,9.107142857142858,4.519686177093536,0.3208953440876492,0.0,0.0,0.0,0.0,0.0,0,0,0,0,0,0.0,0.2767857142857143,0.16784074531514423,0.12557995548868903,0.9677895130415166,0.45986481599071954,0.0,0.125,0.017157703274715753
348,112,100.0,112,0,112,0,0,0.0,0.7528997316634473,0.7452319148650883,0.19150678502915544,0.5931364791635431,0.277943010394199,0.9141102862202691,9.107142857142858,4.519686177093536,0.31982770550663386,0.0,0.0,0.0,0.0,0.0,0,0,0,0,0,0.0,0.2857142857142857,0.16681743206583569,0.12980587873016508,0.9661364346882504,0.45749433844225484,0.0,0.14285714285714285,0.017168452388344205
349,112,100.0,112,0,112,0,0,0.0,0.752475975777286,0.7448807429459697,0.18595206853010549,0.5932615892832976,0.2847720032621309,0.9539785688304666,9.107142857142858,4.519686177093536,0.31845811695020987,0.0,0.0,0.0,0.0,0.0,0,0,0,0,0,0.0,0.26785714285714285,0.16444326329174824,0.14947849237369387,0.9574150305869186,0.4492596014101136,0.0,0.10714285714285714,0.017169160901307746
350,112,100.0,112,0,112,0,0,0.0,0.758423204573737,0.7507045733232616,0.1851656047561734,0.5935916199034954,0.28487753311130054,0.9574277543309905,9.107142857142858,4.519686177093536,0.3175943297095176,0.0,0.0,0.0,0.0,0.0,0,0,0,0,0,0.0,0.26785714285714285,0.1631106022443361,0.1589007300727922,0.971088062466338,0.4468949016281642,0.0,0.1607142857142857,0.017206355219450627
351,112,100.0,112,0,112,0,0,0.0,0.7578958546161013,0.750002410886333,0.186524512338175,0.5938813457444898,0.2832263539871002,0.9389910807268395,9.107142857142858,4.519686177093536,0.31964878836083166,0.0,0.0,0.0,0.0,0.0,0,0,0,0,0,0.0,0.30357142857142855,0.16495726895133664,0.174296884389509,0.967693857046724,0.4501678164444648,0.0,0.08928571428571429,0.017210265819055895
352,112,100.0,112,0,112,0,0,0.0,0.7665223292901076,0.7584869346509309,0.19912935990230704,0.5944647559649219,0.2708265637684772,0.9177721265832951,9.107142857142858,4.519686177093536,0.3243631479477618,0.0,0.0,0.0,0.0,0.0,0,0,0,0,0,0.0,0.2857142857142857,0.1704464633399506,0.1696400128756345,0.9744188120230134,0.4618176736102881,0.0,0.1607142857142857,0.017266582347970235
353,111,99.10714285714286,112,1,111,0,0,0.008928571428571428,0.7647741725467123,0.759007987880539,0.19893885323153357,0.5949622185113176,0.27581854450019183,0.9316110306934908,9.107142857142858,4.519686177093536,0.3247021858534136,0.7732983342663777,0.17433359132370546,1.0,0.22670166573362227,0.00733409358434825,0,1,0,0,0,0.0,0.26785714285714285,0.17102599050478692,0.18562368337461757,0.9741716391078303,0.4569520086544672,0.008928571428571428,0.17857142857142855,0.017269083437226093
354,110,98.21428571428571,112,1,111,0,0,0.008928571428571428,0.7693171891748652,0.7627545930846004,0.2083991920325637,0.5956800305858494,0.2696854805792099,0.915316382445791,9.107142857142858,4.519686177093536,0.33006139620867603,0.7401130029093532,0.21503798441018912,1.0,0.2598869970906468,0.004831573160063329,0,1,0,0,0,0.0,0.25,0.17643051614135152,0.1728206621549753,0.9591978994164557,0.4670409701815622,0.008928571428571428,0.1964285714285714,0.017308019946921917
355,110,98.21428571428571,112,0,112,0,0,0.0,0.7716677896018588,0.764868235026423,0.20662216024617236,0.5964128776969291,0.2712137111596737,0.9103154370698979,9.107142857142858,4.519686177093536,0.3290548918309151,0.0,0.0,0.0,0.0,0.0,0,0,0,0,0,0.0,0.26785714285714285,0.1751061589380456,0.1710401179753026,0.9734466684496129,0.4659591980231476,0.0,0.1607142857142857,0.017336334143846235
356,110,98.21428571428571,112,0,112,0,0,0.0,0.7730589566607536,0.7662017929534701,0.20347017058531808,0.5971608205250638,0.2701560876929812,0.8678751769579421,9.107142857142858,4.519686177093536,0.328912760715278,0.0,0.0,0.0,0.0,0.0,0,0,0,0,0,0.0,0.2767857142857143,0.17385987635527642,0.18278919101263627,0.9756417156099324,0.4644445471763163,0.0,0.17857142857142855,0.017360192313448593
357,110,98.21428571428571,112,0,112,0,0,0.0,0.7708324988122792,0.7641794759303349,0.20528708475179056,0.5978018367782215,0.2684500771568802,0.9098932143867691,9.107142857142858,4.519686177093536,0.33125546068753264,0.0,0.0,0.0,0.0,0.0,0,0,0,0,0,0.0,0.26785714285714285,0.17622534842864118,0.1851410193323867,0.9734962761920314,0.4674495683967474,0.0,0.17857142857142855,0.017363545985699665
358,111,99.10714285714286,112,0,111,1,0,0.0,0.7734619659651806,0.766710491076897,0.20874152211598748,0.5985053962617678,0.26428592216745483,0.9025463328053485,9.107142857142858,4.519686177093536,0.33433787983013397,0.9320736237058223,0.24871050113325566,1.0,0.06792637629417775,-0.0046039817717080656,0,0,0,1,0,0.0,0.29464285714285715,0.17919259723560613,0.2040831351418879,0.974418196737402,0.47185216861152807,0.0,0.1964285714285714,0.017392592661826908
359,112,100.0,112,0,111,1,0,0.0,0.7844393845385371,0.777580301029657,0.22456197964265942,0.5995701821029176,0.25747446978787797,0.8934126832828397,9.107142857142858,4.519686177093536,0.34065734324167285,0.9518881806638686,0.24778478816295926,1.0,0.0481118193361314,-0.009988178468760489,0,0,0,1,0,1.0,0.29464285714285715,0.1865022928530275,0.20805801492080497,0.9623690549567505,0.48019540676121053,0.0,0.21428571428571425,0.01747154224393274
360,111,99.10714285714286,112,1,111,0,0,0.008928571428571428,0.7848198997204826,0.7775530669354367,0.22432827157049678,0.6005945207234256,0.26113360878560454,0.8942258254596555,9.107142857142858,4.519686177093536,0.3414537844400125,0.9300699307698197,0.24687384983102406,1.0,0.0699300692301803,-0.014385307239276224,1,0,0,0,0,0.0,0.30357142857142855,0.18744770838724792,0.22770904611038395,0.9540906484515868,0.476932369001352,0.008928571428571428,0.2321428571428571,0.017496593265361335
361,111,99.10714285714286,112,0,112,0,0,0.0,0.778560364023631,0.7714662405392197,0.21545666595399213,0.6013438156175832,0.2669287145221891,0.840715816324108,9.107142857142858,4.519686177093536,0.3387050862776648,0.0,0.0,0.0,0.0,0.0,0,0,0,0,0,0.0,0.29464285714285715,0.18367403093565918,0.23255305379671928,0.9603474799148585,0.47078715478434807,0.0,0.2321428571428571,0.017482228475755528
362,111,99.10714285714286,112,0,112,0,0,0.0,0.7797361918303835,0.7726892850694123,0.22105463622202512,0.6021034669536405,0.26206643034320104,0.8920942360678487,9.107142857142858,4.519686177093536,0.34004577793464197,0.0,0.0,0.0,0.0,0.0,0,0,0,0,0,0.0,0.2857142857142857,0.18598624163518004,0.2203284676245237,0.9700753132023223,0.4784056222149053,0.0,0.21428571428571425,0.017505274543004233
363,111,99.10714285714286,112,0,112,0,0,0.0,0.7727246023326433,0.7657056974180326,0.21100271706188176,0.6025762754366724,0.2712997425369101,0.9156091073336422,9.107142857142858,4.519686177093536,0.33733470012610156,0.0,0.0,0.0,0.0,0.0,0,0,0,0,0,0.0,0.2857142857142857,0.18251908785932328,0.22313967112539473,0.9699133470927057,0.47525818951738985,0.0,0.23214285714285715,0.017480901325341393
364,111,99.10714285714286,112,0,112,0,0,0.0,0.7789842781733454,0.7719468690232283,0.21754012958037672,0.6032533795563152,0.26650593648203796,0.913170249022161,9.107142857142858,4.519686177093536,0.3400871233964753,0.0,0.0,0.0,0.0,0.0,0,0,0,0,0,0.0,0.29464285714285715,0.18539090257370408,0.2316800952411765,0.959212737510744,0.4758620074406647,0.0,0.2321428571428571,0.017527501195194917
365,112,100.0,112,0,112,0,0,0.0,0.7802683854256498,0.7730558366157123,0.2275196120165954,0.603939978178647,0.26245243433223425,0.9073800934320635,9.107142857142858,4.519686177093536,0.345068297410853,0.0,0.0,0.0,0.0,0.0,0,0,0,0,0,0.0,0.3125,0.19144281813343253,0.22915085138176552,0.9723742741058843,0.4838103539707274,0.0,0.1964285714285714,0.017549437782969263
366,111,99.10714285714286,112,1,111,0,0,0.008928571428571428,0.7815512034279105,0.7763746619961872,0.22730623441516634,0.6046421056907506,0.26950260625230116,0.9213723991677186,9.107142857142858,4.519686177093536,0.3441908512937981,0.877240306716712,0.2013937454726097,1.0,0.12275969328328795,0.002538924805527143,0,1,0,0,0,0.0,0.3125,0.1905228926850467,0.24379975587473512,0.9698098190045241,0.477056944526201,0.008928571428571428,0.23214285714285715,0.017571718853035625
367,110,98.21428571428571,112,1,110,0,1,0.008928571428571428,0.7859373713817117,0.7812802504033569,0.23732285384369364,0.6055478438791897,0.2637604737009068,0.8953029984750648,9.107142857142858,4.519686177093536,0.3478966499797007,0.7203755691144087,0.1477082438902675,1.0,0.27962443088559125,0.003005996263030858,0,2,0,0,0,0.0,0.29464285714285715,0.19496921999178604,0.23045734820104538,0.9603670728550994,0.4874932143977307,0.008928571428571428,0.2678571428571429,0.0176141179546564
368,110,98.21428571428571,112,0,112,0,0,0.0,0.7838379425946085,0.7791385493475504,0.23916928830591153,0.6063506755359087,0.25815172208806464,0.8889610844724015,9.107142857142858,4.519686177093536,0.34941429658060574,0.0,0.0,0.0,0.0,0.0,0,0,0,0,0,0.0,0.3125,0.1970654612648198,0.22225990616485022,0.9664708489798182,0.4901778064699771,0.0,0.2678571428571429,0.017621763546427915
369,110,98.21428571428571,112,0,112,0,0,0.0,0.7812344104316847,0.7765652211006907,0.22811255951431889,0.6070241766323619,0.26692352820465054,0.9006040696170212,9.107142857142858,4.519686177093536,0.3469750347434326,0.0,0.0,0.0,0.0,0.0,0,0,0,0,0,0.0,0.3125,0.19318786613313024,0.23929709057710716,0.9642008614508255,0.48324955275649356,0.0,0.26785714285714285,0.01762396595359278
370,109,97.32142857142857,112,1,111,0,0,0.008928571428571428,0.7792236605279784,0.7747596493400184,0.21957206881603106,0.6075976588671212,0.27074485318116975,0.9043326973435973,9.107142857142858,4.519686177093536,0.3434806374558508,0.48664272605154657,0.25544641577725385,0.0,0.48664272605154657,-0.02190540344515135,0,1,0,0,0,0.0,0.30357142857142855,0.1886099051462756,0.25184918883921353,0.9576374254817983,0.471879967830893,0.008928571428571428,0.2321428571428571,0.0176268720027205
371,110,98.21428571428571,112,0,112,0,0,0.0,0.7754048251807093,0.7711828567509048,0.21570918225420044,0.6080201874483085,0.2766602207112735,0.9077885136109717,9.107142857142858,4.519686177093536,0.3424678195338011,0.0,0.0,0.0,0.0,0.0,0,0,0,0,0,0.0,0.3392857142857143,0.1872067663389932,0.24854586967297138,0.9590961572712854,0.4747818959759006,0.0,0.1964285714285714,0.01761732630892325
372,111,99.10714285714286,112,0,112,0,0,0.0,0.7730480197757793,0.768760329854252,0.207209516434089,0.6083360265729901,0.28018367849483944,0.8704826052834911,9.107142857142858,4.519686177093536,0.3402298650027975,0.0,0.0,0.0,0.0,0.0,0,0,0,0,0,0.0,0.3125,0.18422478890396432,0.24733363482098397,0.9561760199116753,0.4723766915085215,0.0,0.1964285714285714,0.017612679750528645
373,111,99.10714285714286,112,0,112,0,0,0.0,0.7640781714954044,0.759918678898335,0.19525096660326213,0.6083178988595467,0.2873449732524741,0.8786249904829501,9.107142857142858,4.519686177093536,0.334091043765244,0.0,0.0,0.0,0.0,0.0,0,0,0,0,0,0.0,0.33035714285714285,0.17747669380978964,0.2392680008829201,0.9534112802168192,0.4631926309903231,0.0,0.1964285714285714,0.017567420851247406
374,110,98.21428571428571,112,1,111,0,0,0.008928571428571428,0.7637500346138987,0.7576970504470726,0.18446468741841807,0.608282040812952,0.299403104599745,0.9063346112139198,9.107142857142858,4.519686177093536,0.3315137280176308,0.8983864535079049,0.23129632519718318,1.0,0.10161354649209509,-0.013741507886184334,1,0,0,0,0,0.0,0.30357142857142855,0.17399132425276848,0.2903752583744167,0.9561839298553828,0.4503593625088452,0.008928571428571428,0.21428571428571425,0.01756496983125222
375,111,99.10714285714286,112,0,112,0,0,0.0,0.7660135087754408,0.7601002807629893,0.1861872070137077,0.6082729193539419,0.2981125791448718,0.938801912852392,9.107142857142858,4.519686177093536,0.3310077213626115,0.0,0.0,0.0,0.0,0.0,0,0,0,0,0,0.0,0.29464285714285715,0.1735520252134104,0.28092529297278185,0.9483726042910245,0.4508578144635934,0.0,0.24999999999999994,0.017576081071398915
376,111,99.10714285714286,112,0,112,0,0,0.0,0.7682130350894771,0.7621054489454846,0.1891639835376658,0.6083367120035909,0.2980674321178311,0.9413119257375726,9.107142857142858,4.519686177093536,0.3333039283989083,0.0,0.0,0.0,0.0,0.0,0,0,0,0,0,0.0,0.29464285714285715,0.17618342571518175,0.2850642522145865,0.9375959969596941,0.4533102782939701,0.0,0.24999999999999994,0.017588520316753193
377,111,99.10714285714286,112,0,112,0,0,0.0,0.7690881802466324,0.7629198298315545,0.19060831567119324,0.6084270673939411,0.2913456028649043,0.8904525991002572,9.107142857142858,4.519686177093536,0.33446872774269787,0.0,0.0,0.0,0.0,0.0,0,0,0,0,0,0.0,0.29464285714285715,0.1775793735077695,0.2914210377530076,0.9311282555547378,0.45299741856959796,0.0,0.28571428571428564,0.01759493793258293
378,111,99.10714285714286,112,0,112,0,0,0.0,0.7751164642226994,0.7686253225949149,0.21072734790247327,0.6087196352984119,0.27955622716164336,0.8668077657168649,9.107142857142858,4.519686177093536,0.34266212255446704,0.0,0.0,0.0,0.0,0.0,0,0,0,0,0,0.0,0.2767857142857143,0.18789857431579854,0.28924455174915986,0.9333592830947175,0.46281469933962527,0.0,0.24999999999999994,0.01763169092803175
379,112,100.0,112,0,112,0,0,0.0,0.7744715463579094,0.7679849341466286,0.21607321239055544,0.6089758252132044,0.2820777028020437,0.8769790445135021,9.107142857142858,4.519686177093536,0.34377765049518283,0.0,0.0,0.0,0.0,0.0,0,0,0,0,0,0.0,0.2767857142857143,0.1900963244469687,0.27931699427952306,0.9517750512466776,0.46830376349177927,0.0,0.2321428571428571,0.01763425582879079
380,112,100.0,112,0,112,0,0,0.0,0.7724992404115375,0.7660044858281204,0.22066811554527663,0.6091488281087137,0.2793343415618291,0.8895156548428199,9.107142857142858,4.519686177093536,0.3458059602978676,0.0,0.0,0.0,0.0,0.0,0,0,0,0,0,0.0,0.2857142857142857,0.19285793972274082,0.27240526027029305,0.9366250310700179,0.4689370410535844,0.0,0.28571428571428564,0.017628303893036087
381,112,100.0,112,0,112,0,0,0.0,0.7718258022458419,0.7654588022009156,0.22051189461301288,0.6092942812662934,0.2921871154117115,0.868178576326205,9.107142857142858,4.519686177093536,0.3424251163928025,0.0,0.0,0.0,0.0,0.0,0,0,0,0,0,0.0,0.2767857142857143,0.19037828952975966,0.28040892904517073,0.9379833726537531,0.45759245406342103,0.0,0.21428571428571425,0.017628223715336244
382,112,100.0,112,0,112,0,0,0.0,0.7740461879746158,0.7676790510461688,0.2151213115243277,0.6095134390217404,0.2948451265135103,0.8535863596386302,9.107142857142858,4.519686177093536,0.3411925612543687,0.0,0.0,0.0,0.0,0.0,0,0,0,0,0,0.0,0.2767857142857143,0.188131749544406,0.28986370637715825,0.9331866860520712,0.4565454540941735,0.0,0.17857142857142855,0.017644278265369597
383,112,100.0,112,0,112,0,0,0.0,0.7783654162765552,0.7718699369428781,0.22698864636081098,0.6098742234468658,0.2797657852258336,0.8361680978810151,9.107142857142858,4.519686177093536,0.3461377793466882,0.0,0.0,0.0,0.0,0.0,0,0,0,0,0,0.0,0.25892857142857145,0.1940639987560528,0.2905106580218301,0.9379279193895127,0.4642762141762554,0.0,0.21428571428571427,0.017674027568775046
384,112,100.0,112,0,112,0,0,0.0,0.7838497444880821,0.7775126270448492,0.2406286091627663,0.6104227270558436,0.2719315067467836,0.8274911714492225,9.107142857142858,4.519686177093536,0.34913187522511135,0.0,0.0,0.0,0.0,0.0,0,0,0,0,0,0.0,0.25892857142857145,0.19839479989441558,0.2754358306863605,0.9507315172842202,0.468672102207264,0.0,0.21428571428571425,0.017713844530730594
385,112,100.0,112,0,112,0,0,0.0,0.7839707014886778,0.7776059996505144,0.2397275148451129,0.6109498161420267,0.2718719320529755,0.8189551079773124,9.107142857142858,4.519686177093536,0.3489418972637175,0.0,0.0,0.0,0.0,0.0,0,0,0,0,0,0.0,0.26785714285714285,0.19846483673392967,0.2761357498877078,0.9380179964624243,0.47209881522423813,0.0,0.28571428571428564,0.017726360702018166
386,112,100.0,112,0,112,0,0,0.0,0.785705451809387,0.7790810674796568,0.2497283260788668,0.6115064172050617,0.2601803722347763,0.8183394072697993,9.107142857142858,4.519686177093536,0.3541972097893704,0.0,0.0,0.0,0.0,0.0,0,0,0,0,0,0.0,0.26785714285714285,0.20487163098328606,0.2764042844345706,0.9492109783889366,0.480423452918063,0.0,0.21428571428571425,0.017747612764275486
387,112,100.0,112,0,111,1,0,0.0,0.7829659025999313,0.7766386212679735,0.26321794242374835,0.6119495489237393,0.2521662613969893,0.8399528523279542,9.107142857142858,4.519686177093536,0.3599134669224253,0.5371505856758384,0.23124578456267228,1.0,0.4628494143241616,-0.006731211354191191,0,0,0,1,0,0.0,0.2767857142857143,0.21251638621744548,0.2501597354029162,0.9475377486316416,0.4933248506158638,0.0,0.21428571428571425,0.017743929099745905
388,112,100.0,112,0,111,1,0,0.0,0.7790909036620529,0.7729048345226609,0.2543050706017819,0.6122376481246535,0.26111813329676714,0.8618948746055788,9.107142857142858,4.519686177093536,0.35425688128910093,0.5221886301586356,0.23122615026713392,1.0,0.4778113698413644,-0.009791121480698994,0,0,0,1,0,0.0,0.25,0.2062523550755289,0.24998698186249985,0.9334623014367112,0.4836837816322052,0.0,0.21428571428571425,0.01773106469493653
389,111,99.10714285714286,112,1,111,0,0,0.008928571428571428,0.7873583932171433,0.7807769221397474,0.26792076970211065,0.6128054888633032,0.25338203260973247,0.8537066964266347,9.107142857142858,4.519686177093536,0.35787254488652454,0.5275058348293313,0.2275089851877771,1.0,0.47249416517066867,-0.010375893788575896,0,1,0,0,0,0.0,0.25,0.2112091088052034,0.2566486896178727,0.9375333783710719,0.4872428592777274,0.008928571428571428,0.25,0.01778523445239831
390,111,99.10714285714286,112,0,112,0,0,0.0,0.7888780538274102,0.7823910582798802,0.27016608800216557,0.6133979003001911,0.25496304469605624,0.8564498445833372,9.107142857142858,4.519686177093536,0.3551307436842803,0.0,0.0,0.0,0.0,0.0,0,0,0,0,0,0.0,0.25892857142857145,0.20950888101776902,0.24714407062952576,0.9420680906167984,0.48215764257499394,0.0,0.21428571428571427,0.017806220324361917
391,111,99.10714285714286,112,0,112,0,0,0.0,0.7915820327550718,0.7851329392559812,0.2746778406596874,0.6140626761316301,0.2459027894959974,0.8146599545303829,9.107142857142858,4.519686177093536,0.3565103458989767,0.0,0.0,0.0,0.0,0.0,0,0,0,0,0,0.0,0.29464285714285715,0.21085819257491462,0.24240289360139755,0.9262085112243793,0.4888903323819118,0.0,0.21428571428571427,0.017834763109681327
392,110,98.21428571428571,112,1,111,0,0,0.008928571428571428,0.7967696946768876,0.7924395991072748,0.29456514566026887,0.6148773315357525,0.24533943339422862,0.8134750542966215,9.107142857142858,4.519686177093536,0.3631839490478421,0.9991678967664124,0.1339651706518829,1.0,0.0008321032335876222,0.014937744250161852,0,1,0,0,0,1.0,0.2857142857142857,0.22000208560201603,0.2503377998164321,0.9124151174010231,0.49648626502762333,0.008928571428571428,0.2678571428571429,0.01787911135313594
393,110,98.21428571428571,112,1,111,0,0,0.008928571428571428,0.8083136349068243,0.8038287568947877,0.3199440535674878,0.6161685893261386,0.24133443509504135,0.8141281173240247,9.107142857142858,4.519686177093536,0.36395724052764433,0.5807876731365051,0.20129150449240224,1.0,0.41921232686349486,-0.004270791343490676,1,0,0,0,0,0.0,0.26785714285714285,0.2244373407454623,0.2240795833214019,0.9296260482826495,0.49959041070225446,0.008928571428571428,0.26785714285714285,0.017966011454216984
394,110,98.21428571428571,112,0,112,0,0,0.0,0.8078258965270664,0.8030793673868842,0.3150409621026847,0.6173570364938731,0.24996416805898836,0.8326310492696326,9.107142857142858,4.519686177093536,0.36239617200969376,0.0,0.0,0.0,0.0,0.0,0,0,0,0,0,0.0,0.25892857142857145,0.22248897559857667,0.2397113398423456,0.9070308207201498,0.4965885596296523,0.0,0.26785714285714285,0.01799042980349927
395,110,98.21428571428571,112,0,112,0,0,0.0,0.8084584298488294,0.803534623929962,0.3181231638165774,0.6185082305128836,0.24355669355800647,0.8182758852596115,9.107142857142858,4.519686177093536,0.3647055024159165,0.0,0.0,0.0,0.0,0.0,0,0,0,0,0,0.0,0.26785714285714285,0.22535720188349245,0.24299976606646376,0.9207770494197246,0.5004409508070724,0.0,0.23214285714285715,0.01801960764858246
396,110,98.21428571428571,112,0,112,0,0,0.0,0.8167325256650075,0.8118556168799136,0.332082900964156,0.61990826038947,0.23496657676150473,0.8069784282759157,9.107142857142858,4.519686177093536,0.36759817332802003,0.0,0.0,0.0,0.0,0.0,0,0,0,0,0,0.0,0.2767857142857143,0.22905785393978742,0.23244543040650967,0.9288229842657101,0.5056625059354876,0.0,0.23214285714285715,0.01809261660606698
397,111,99.10714285714286,112,0,112,0,0,0.0,0.8161417036456378,0.8113526351255411,0.3333249672474169,0.6212268267517886,0.23948227752731582,0.8181375360390096,9.107142857142858,4.519686177093536,0.365371262910406,0.0,0.0,0.0,0.0,0.0,0,0,0,0,0,0.0,0.2767857142857143,0.22767306178045388,0.23207025747039475,0.9070308207201498,0.5028533633799829,0.0,0.26785714285714285,0.01811946002677689
398,112,100.0,112,0,112,0,0,0.0,0.8138796169158455,0.8091877645119719,0.31907359772078736,0.6224075217661953,0.24895268316240618,0.8356281170050498,9.107142857142858,4.519686177093536,0.3591245743021041,0.0,0.0,0.0,0.0,0.0,0,0,0,0,0,0.0,0.2767857142857143,0.22020961898581293,0.22756607765193293,0.8988139917319233,0.5000530479124816,0.0,0.26785714285714285,0.018134831447807812
399,112,100.0,112,0,112,0,0,0.0,0.8059678864556589,0.8015135915987137,0.3117159804899109,0.6232573742453485,0.2504147794840113,0.8380105950506825,9.107142857142858,4.519686177093536,0.35887306367233496,0.0,0.0,0.0,0.0,0.0,0,0,0,0,0,0.0,0.26785714285714285,0.2194321969529578,0.2284740054318755,0.9239492601152353,0.5021361119386895,0.0,0.30357142857142855,0.01811447812801987
400,112,100.0,112,0,112,0,0,0.0,0.8073968778647226,0.8031217084534854,0.31320459839824843,0.6241269615276329,0.25450967370923133,0.8787336558791586,9.107142857142858,4.519686177093536,0.3556810146924716,0.0,0.0,0.0,0.0,0.0,0,0,0,0,0,0.0,0.25,0.21666027802251225,0.221376790765897,0.9302314980666554,0.4949414929448383,0.0,0.2678571428571428,0.018141274393162772
401,112,100.0,112,0,112,0,0,0.0,0.8142984259281418,0.809959268427787,0.34039869084885943,0.6252044751961296,0.24496915201283384,0.8277389360484352,9.107142857142858,4.519686177093536,0.361783726471673,0.0,0.0,0.0,0.0,0.0,0,0,0,0,0,0.0,0.25892857142857145,0.22603820986532927,0.21134343629397093,0.9381914212764605,0.5037086490895799,0.0,0.2321428571428571,0.01820013225164554
402,112,100.0,112,0,112,0,0,0.0,0.8184798678772726,0.8141113576970731,0.3276195928593646,0.6263834177521064,0.2575359740710012,0.820898395296244,9.107142857142858,4.519686177093536,0.35620813564878495,0.0,0.0,0.0,0.0,0.0,0,0,0,0,0,0.0,0.26785714285714285,0.2182374861233302,0.22606403037275824,0.9510720643716879,0.49636785270032846,0.0,0.1964285714285714,0.01824768171326037
403,112,100.0,112,0,112,0,0,0.0,0.8264959173957624,0.8220889769322234,0.35130310073188076,0.6277975264874108,0.24499650816438923,0.8087027937450273,9.107142857142858,4.519686177093536,0.3611168770717321,0.0,0.0,0.0,0.0,0.0,0,0,0,0,0,0.0,0.26785714285714285,0.22547409026651924,0.21749324503890946,0.919055260648169,0.5017430349460904,0.0,0.30357142857142855,0.018319718599372134
404,111,99.10714285714286,112,1,110,0,1,0.008928571428571428,0.8277462137387273,0.8266201018130007,0.35338352576940735,0.6291991009789267,0.25572413778642633,0.8524110951390912,9.107142857142858,4.519686177093536,0.35887093811425075,0.9684453391968525,0.19121766033299464,1.0,0.031554660803147505,0.010113060448043693,0,2,0,0,0,0.5,0.2767857142857143,0.22386310421234515,0.21664588593773143,0.9301352787040519,0.4971845403866403,0.008928571428571428,0.30357142857142855,0.018357643465364313
405,110,98.21428571428571,112,1,105,0,6,0.008928571428571428,0.8244255666948785,0.8231692332643564,0.3311750741635483,0.6305299404255268,0.2659395480568724,0.8905867201730354,9.107142857142858,4.519686177093536,0.3573822072354629,0.9191090534596226,0.2348361372064753,1.0,0.08089094654037722,0.010810010405224986,1,6,0,0,0,0.5714285714285714,0.2857142857142857,0.21905458477262477,0.24198128797733623,0.9004891318887464,0.4923571443806258,0.008928571428571428,0.3392857142857143,0.018371115113398714
406,109,97.32142857142857,112,1,107,2,2,0.008928571428571428,0.8256538931537323,0.8234489877742874,0.3236796381594148,0.6318437446323957,0.2720693634246058,0.9033392213025275,9.107142857142858,4.519686177093536,0.3547072436198746,0.9128846600327076,0.2640336027224244,1.0,0.08711533996729248,-0.003696045555621319,1,2,1,1,0,0.6,0.26785714285714285,0.21575243829984764,0.2435467551523734,0.9165017015693697,0.48696806498787876,0.008928571428571428,0.2678571428571428,0.018406946659258946
407,109,97.32142857142857,112,0,112,0,0,0.0,0.8331533445236692,0.8309640104800227,0.32545145423253763,0.6333319626600453,0.2716741757130702,0.9006431527730717,9.107142857142858,4.519686177093536,0.3575514932465844,0.0,0.0,0.0,0.0,0.0,0,0,0,0,0,0.0,0.26785714285714285,0.21739691798839017,0.2629904697297382,0.906687317126073,0.48884777074455027,0.0,0.30357142857142855,0.01847807530834898
408,108,96.42857142857143,112,1,111,0,0,0.008928571428571428,0.8345813376957533,0.8323283821444067,0.33598379740316636,0.6348060092744753,0.27010504402938207,0.9063078844967019,9.107142857142858,4.519686177093536,0.3587484544254256,0.5502418941227101,0.2360511648526829,1.0,0.4497581058772899,-0.008712557090087947,0,1,0,0,0,0.0,0.25892857142857145,0.21973619238384207,0.24658864404763553,0.9067927292828071,0.49585647820557793,0.008928571428571428,0.3214285714285714,0.018518526414747553
409,109,97.32142857142857,112,0,112,0,0,0.0,0.8315797578961706,0.8293510510138878,0.31541024608758167,0.6361020216717415,0.27514477657285247,0.8970092242856137,9.107142857142858,4.519686177093536,0.3555013958511686,0.0,0.0,0.0,0.0,0.0,0,0,0,0,0,0.0,0.25892857142857145,0.21344929417919087,0.2547352307782138,0.9241307357183423,0.4918963771613766,0.0,0.2857142857142857,0.01853280636233597
410,110,98.21428571428571,112,0,112,0,0,0.0,0.8297869173739058,0.8277045060475408,0.3089537691496574,0.6372799234436402,0.26960402891871255,0.830529071143653,9.107142857142858,4.519686177093536,0.3549136475640582,0.0,0.0,0.0,0.0,0.0,0,0,0,0,0,0.0,0.2767857142857143,0.21137044158733315,0.2557233521550862,0.9189942272385198,0.4878004746480854,0.0,0.2857142857142857,0.018550460891506765
411,111,99.10714285714286,112,0,112,0,0,0.0,0.8355146410811758,0.8334536769155599,0.3275541417626484,0.6386124633367899,0.2534161414568693,0.8227192225041383,9.107142857142858,4.519686177093536,0.36000744714918187,0.0,0.0,0.0,0.0,0.0,0,0,0,0,0,0.0,0.2857142857142857,0.21823951804037733,0.23898824360481047,0.9213983376319386,0.4983949056963396,0.0,0.25,0.01860921282072059
412,111,99.10714285714286,112,0,112,0,0,0.0,0.8412294460323813,0.8390187497754088,0.32699219774646937,0.6400859956716182,0.25350786326706737,0.8470664591978504,9.107142857142858,4.519686177093536,0.35738987691371893,0.0,0.0,0.0,0.0,0.0,0,0,0,0,0,0.0,0.2767857142857143,0.21539049612133723,0.2409738424600746,0.9343221530478373,0.49328389334554795,0.0,0.21428571428571425,0.018671086364102734
413,112,100.0,112,0,112,0,0,0.0,0.8461573159191066,0.8438302141059254,0.34176799666007907,0.641666899439804,0.25064741625579506,0.8106579912737658,9.107142857142858,4.519686177093536,0.3619964823561166,0.0,0.0,0.0,0.0,0.0,0,0,0,0,0,0.0,0.2767857142857143,0.2213340107304191,0.24850792675764313,0.9310191055164163,0.5003127166524204,0.0,0.21428571428571425,0.018731451658078286
414,112,100.0,112,0,112,0,0,0.0,0.843877184324306,0.8415116610656492,0.32098551686741555,0.6430925182618901,0.2629910635961552,0.8261916091965029,9.107142857142858,4.519686177093536,0.3567688252409831,0.0,0.0,0.0,0.0,0.0,0,0,0,0,0,0.0,0.2857142857142857,0.2134204603136046,0.2644450857536165,0.9385714299357443,0.4890528605339209,0.0,0.21428571428571425,0.018752267748524214
415,112,100.0,112,0,112,0,0,0.0,0.8429981235848955,0.8406781768829077,0.3341297838114578,0.6444235668916197,0.2598108060976831,0.8586000678819724,9.107142857142858,4.519686177093536,0.35676320285757934,0.0,0.0,0.0,0.0,0.0,0,0,0,0,0,0.0,0.24107142857142858,0.21598949031951506,0.24388729577430143,0.9369811950856299,0.4920690538337578,0.0,0.25,0.018777952055291307
416,112,100.0,112,0,112,0,0,0.0,0.8460156459333611,0.8436399726268499,0.33865860159065264,0.6458015473986871,0.2605969768563596,0.8350550885444942,9.107142857142858,4.519686177093536,0.3569741218324789,0.0,0.0,0.0,0.0,0.0,0,0,0,0,0,0.0,0.25892857142857145,0.21677507678695182,0.23955064040900548,0.9459282694831241,0.49689499006802557,0.0,0.21428571428571425,0.018824179864284116
417,111,99.10714285714286,112,1,111,0,0,0.008928571428571428,0.8529401415297937,0.8491928977072336,0.36969513310836744,0.6473628479754185,0.25464931675202157,0.8352126934806601,9.107142857142858,4.519686177093536,0.3613058127498192,0.9999999999417908,0.2342735106346419,1.0,5.820921522570188e-11,0.006620586218396285,0,1,0,0,0,1.0,0.24107142857142858,0.22549471532602267,0.21706054303841077,0.9487969371293531,0.5068984070563508,0.008928571428571428,0.26785714285714285,0.018894085285440988
418,111,99.10714285714286,112,0,112,0,0,0.0,0.8540902273471064,0.8502974195647821,0.3911777992378561,0.6488486987688363,0.24584097005109792,0.8357246989664446,9.107142857142858,4.519686177093536,0.36685715386254714,0.0,0.0,0.0,0.0,0.0,0,0,0,0,0,0.0,0.24107142857142858,0.23402132300041156,0.2148375041803339,0.9525241304161204,0.51547862474385,0.0,0.23214285714285715,0.01893341361098872
419,110,98.21428571428571,112,1,111,0,0,0.008928571428571428,0.8592357282541633,0.8555582048722113,0.3878462960806158,0.6504575550342966,0.2489557363721719,0.8116381384722314,9.107142857142858,4.519686177093536,0.36747223561132736,0.9670844540806762,0.1590843015472833,1.0,0.032915545919323774,0.01866604971795413,0,1,0,0,0,1.0,0.26785714285714285,0.23271563446197222,0.21646107594017783,0.9399322589430374,0.5153756693134083,0.008928571428571428,0.2857142857142857,0.018995498742643658
420,109,97.32142857142857,112,1,111,0,0,0.008928571428571428,0.8572141390623792,0.8560365802597614,0.3938103233402169,0.6519257844108255,0.2509380306920653,0.8178974958423334,9.107142857142858,4.519686177093536,0.3675690778637719,0.9896316212070899,0.2267792092332405,1.0,0.010368378792910082,0.009955315257315023,0,1,0,0,0,1.0,0.25892857142857145,0.23409914661668105,0.2054507865411226,0.9439383612147019,0.5185559325604453,0.008928571428571428,0.2857142857142857,0.01901857047677424
421,108,96.42857142857143,112,1,107,0,4,0.008928571428571428,0.8541606470287039,0.8509614592794367,0.38262759170493293,0.6533036908571228,0.2610674521956776,0.869888578332593,9.107142857142858,4.519686177093536,0.36702063008747543,0.9900505456564476,0.24295393664167567,1.0,0.009949454343552344,0.0069552761995462006,2,3,0,0,0,1.0,0.25892857142857145,0.23208987537381218,0.2254197907146551,0.9422593883674851,0.5124732728649649,0.008928571428571428,0.2857142857142857,0.019034441540199155
422,109,97.32142857142857,112,0,112,0,0,0.0,0.8512166611600457,0.8480163991200296,0.3932148591486591,0.654438558223423,0.2572563393665788,0.8646912876598728,9.107142857142858,4.519686177093536,0.368818873377315,0.0,0.0,0.0,0.0,0.0,0,0,0,0,0,0.0,0.26785714285714285,0.23589736536933253,0.21214743250836224,0.9422593883674851,0.5157808023586423,0.0,0.2857142857142857,0.01904536783259737
423,108,96.42857142857143,112,1,111,0,0,0.008928571428571428,0.8474997770417281,0.8436035809055655,0.40004388187799406,0.6553896448896647,0.2558358279412433,0.8661545187625618,9.107142857142858,4.519686177093536,0.36831587872316107,0.8002132145844236,0.19312159446426846,1.0,0.19978678541557637,0.012989457358652479,0,1,0,0,0,0.0,0.25,0.23814466021218497,0.20256899665902955,0.9432545350624976,0.5208908610801413,0.008928571428571428,0.2857142857142857,0.019048276478298935
424,109,97.32142857142857,112,0,112,0,0,0.0,0.8409294371509113,0.8371373940340189,0.37877227291073184,0.6560368761686334,0.2596954266999457,0.8844422110220471,9.107142857142858,4.519686177093536,0.3619781133796982,0.0,0.0,0.0,0.0,0.0,0,0,0,0,0,0.0,0.25,0.22973548556407877,0.19586491534273637,0.9356457574454268,0.5204099524189607,0.0,0.3214285714285714,0.01903005119016954
425,110,98.21428571428571,112,0,112,0,0,0.0,0.8311761509121519,0.827310057506729,0.3555327976703222,0.6562995228084724,0.2668328800263902,0.8712875598079063,9.107142857142858,4.519686177093536,0.36058783836320996,0.0,0.0,0.0,0.0,0.0,0,0,0,0,0,0.0,0.29464285714285715,0.22573074459367254,0.20739018903078404,0.9448985322877463,0.5162686306378944,0.0,0.2857142857142857,0.01898722016091344
426,111,99.10714285714286,112,0,112,0,0,0.0,0.8371877644964553,0.8335344122118382,0.3629922702285968,0.6567753556838121,0.2585377736245214,0.8327700768630522,9.107142857142858,4.519686177093536,0.36183160357184474,0.0,0.0,0.0,0.0,0.0,0,0,0,0,0,0.0,0.29464285714285715,0.22722594109719926,0.20358783281210946,0.9507202705441935,0.5202803536669266,0.0,0.21428571428571425,0.019028031305181357
427,111,99.10714285714286,112,0,112,0,0,0.0,0.8515501177868592,0.8479151349154955,0.3987647286008096,0.6577496532354216,0.2378621559909875,0.8356877122463947,9.107142857142858,4.519686177093536,0.36506820898936554,0.0,0.0,0.0,0.0,0.0,0,0,0,0,0,0.0,0.26785714285714285,0.23452530567307026,0.18176698939758587,0.9492592955838888,0.5289294866278372,0.0,0.21428571428571425,0.019121860667515304
428,111,99.10714285714286,112,1,111,0,0,0.008928571428571428,0.85616312670376,0.8528918919948201,0.4050850188567093,0.658843547802626,0.2338240612830684,0.8281746030861336,9.107142857142858,4.519686177093536,0.3694255261313819,0.9352442701880155,0.1961006738616279,1.0,0.06475572981198452,0.008833225871706929,0,1,0,0,0,0.0,0.2857142857142857,0.23856820548974425,0.18567958830609224,0.9509628255089774,0.5337575516034939,0.008928571428571428,0.23214285714285715,0.019169646012872764
429,111,99.10714285714286,112,0,112,0,0,0.0,0.8551864177744258,0.8518413399484549,0.4100412638098063,0.659866331277853,0.235315155645231,0.8270758159221093,9.107142857142858,4.519686177093536,0.37113126076150627,0.0,0.0,0.0,0.0,0.0,0,0,0,0,0,0.0,0.30357142857142855,0.24081612566753532,0.18057965853113922,0.9513560918641021,0.5363649542428649,0.0,0.23214285714285715,0.01918787576990181
430,110,98.21428571428571,112,1,111,0,0,0.008928571428571428,0.8608487669339523,0.8563019478678527,0.4162210463163446,0.6610465233135647,0.23508960757806469,0.7949415968221761,9.107142857142858,4.519686177093536,0.37241652679588544,0.7499470993191557,0.24696820933058394,1.0,0.2500529006808443,-0.00881130843004374,0,1,0,0,0,0.0,0.29464285714285715,0.24258484865552818,0.19947660916102292,0.9533542519795158,0.5288476830718409,0.008928571428571428,0.25,0.019242858003850054
431,109,97.32142857142857,112,1,111,0,0,0.008928571428571428,0.8617109896425047,0.8557258944708219,0.41165173839830826,0.6621654630899839,0.23995727132567782,0.8030629817929371,9.107142857142858,4.519686177093536,0.3699316119186571,0.8147418162237845,0.219103967048479,1.0,0.1852581837762155,0.009768317386839587,1,0,0,0,0,0.0,0.26785714285714285,0.239332137585506,0.19578774981677965,0.947169564472086,0.5274785883264649,0.008928571428571428,0.26785714285714285,0.019272455400595224
432,109,97.32142857142857,112,0,112,0,0,0.0,0.874583731162656,0.8685367088905471,0.4604736203275654,0.6636417690449858,0.22147754588093913,0.7884896728330116,9.107142857142858,4.519686177093536,0.3769116636570682,0.0,0.0,0.0,0.0,0.0,0,0,0,0,0,0.0,0.25892857142857145,0.25164386357716567,0.18015289595867703,0.9332315542110823,0.5394173442469937,0.0,0.30357142857142855,0.0193701813062859
433,109,97.32142857142857,112,1,111,0,0,0.008928571428571428,0.8771393725425599,0.8712169569865212,0.47987478997123906,0.6651406955014839,0.21987227767811945,0.7865626322069349,9.107142857142858,4.519686177093536,0.3792507884926508,0.44483061760233433,0.22486596428030048,0.0,0.44483061760233433,-0.014400696254233014,1,0,0,0,0,0.0,0.2767857142857143,0.2566755563211913,0.15853581633735753,0.9463482620638883,0.5439540578355666,0.008928571428571428,0.2678571428571428,0.01941683289911499
434,108,96.42857142857143,112,1,111,0,0,0.008928571428571428,0.8857506695788128,0.8827720617852558,0.5054312621443011,0.6668853981158556,0.21632480094988465,0.7907018647468868,9.107142857142858,4.519686177093536,0.38334051176032036,0.8978684892505029,0.14231714431122522,1.0,0.10213151074949711,0.016775656605991465,1,0,0,0,0,0.0,0.25892857142857145,0.26322637524644155,0.15810914180048233,0.9285144239085505,0.5474121926294113,0.008928571428571428,0.3214285714285714,0.019499316925742825
435,109,97.32142857142857,112,1,109,1,1,0.008928571428571428,0.8877378109483697,0.8834606566734139,0.5169739527697871,0.6687394627145883,0.21967008951708086,0.8295011118598641,9.107142857142858,4.519686177093536,0.3836659588404854,0.8688776679198589,0.13612505604079375,1.0,0.13112233208014112,0.019137371629575805,0,2,0,1,0,0.6666666666666666,0.23214285714285715,0.2660505061591047,0.1639593571156355,0.9257595319531869,0.5388572002540102,0.008928571428571428,0.32142857142857145,0.019551151583282262
436,110,98.21428571428571,112,0,112,0,0,0.0,0.8897230276671514,0.8853780542516104,0.49834564954130445,0.6705275852839312,0.22909385647312996,0.8439591140112207,9.107142857142858,4.519686177093536,0.3811497255562726,0.0,0.0,0.0,0.0,0.0,0,0,0,0,0,0.0,0.25,0.2602420659063761,0.17462049389372714,0.9344555369283998,0.534635198985305,0.0,0.2857142857142857,0.019601486431174212
437,110,98.21428571428571,112,0,112,0,0,0.0,0.8937180481234941,0.8892803269600611,0.5356847825023153,0.6723759867088354,0.21837732594469048,0.8247508528666204,9.107142857142858,4.519686177093536,0.3868183128472775,0.0,0.0,0.0,0.0,0.0,0,0,0,0,0,0.0,0.25892857142857145,0.2700652104188866,0.15776206990536412,0.9258401027119837,0.5424576194583631,0.0,0.2857142857142857,0.019663232505305224
438,110,98.21428571428571,112,0,112,0,0,0.0,0.8958506283504478,0.8914106488840611,0.531059283401674,0.674217873282462,0.22206583662021648,0.8321789389531801,9.107142857142858,4.519686177093536,0.385737767776662,0.0,0.0,0.0,0.0,0.0,0,0,0,0,0,0.0,0.2767857142857143,0.2684505760159517,0.16453362309329134,0.892485952622778,0.5387475924852935,0.0,0.35714285714285715,0.019715519152872965
439,111,99.10714285714286,112,0,112,0,0,0.0,0.9029567272363188,0.8985126151674788,0.5483137899638759,0.6762333016339533,0.21772827811415582,0.8289382126264716,9.107142857142858,4.519686177093536,0.38626147538961275,0.0,0.0,0.0,0.0,0.0,0,0,0,0,0,0.0,0.26785714285714285,0.2702297641008594,0.163147203976842,0.9019966878566588,0.5388000813548247,0.0,0.3214285714285714,0.019796595165608107
440,112,100.0,112,0,112,0,0,0.0,0.9128701822337764,0.9084420555500725,0.5706168952295407,0.6785166625843813,0.21563494796572844,0.8286411785433667,9.107142857142858,4.519686177093536,0.3896037762995248,0.0,0.0,0.0,0.0,0.0,0,0,0,0,0,0.0,0.2767857142857143,0.2748013380479958,0.16864506828886144,0.9398590046283176,0.5438461223556729,0.0,0.2857142857142857,0.019897762815220217
441,112,100.0,112,0,112,0,0,0.0,0.9189879835484563,0.9146360234315841,0.5933087383038825,0.6809207811136827,0.21035355587473722,0.8206550489679667,9.107142857142858,4.519686177093536,0.3916017381400487,0.0,0.0,0.0,0.0,0.0,0,0,0,0,0,0.0,0.25892857142857145,0.27915699850919634,0.1676710583697122,0.9294728509531727,0.5454907277452616,0.0,0.32142857142857145,0.019982681128218507
442,111,99.10714285714286,112,1,110,0,1,0.008928571428571428,0.9119933913727719,0.9086724165975453,0.5623350529007286,0.6829667216586172,0.22467050073171538,0.8168891644441044,9.107142857142858,4.519686177093536,0.3882393277826024,0.944742010849657,0.0035813533863453375,1.0,0.05525798915034297,0.01188017967150682,0,2,0,0,0,0.5,0.25892857142857145,0.2724906469425989,0.16618361810645513,0.9160951770726784,0.5372557141939733,0.008928571428571428,0.3571428571428572,0.01999394321334056
443,111,99.10714285714286,112,0,112,0,0,0.0,0.9078448780912959,0.9045070364542079,0.5451906214290678,0.6848034727436311,0.23028296158561826,0.817217751665801,9.107142857142858,4.519686177093536,0.38670870404026814,0.0,0.0,0.0,0.0,0.0,0,0,0,0,0,0.0,0.25892857142857145,0.26942642527441024,0.16893325937369333,0.9100599537401229,0.538585698699255,0.0,0.3214285714285714,0.020014708339381675
444,111,99.10714285714286,112,0,112,0,0,0.0,0.9130322282219453,0.9094567549798482,0.5578948495753995,0.6867361778389548,0.22185032772283514,0.810728471409074,9.107142857142858,4.519686177093536,0.3903128825307507,0.0,0.0,0.0,0.0,0.0,0,0,0,0,0,0.0,0.25892857142857145,0.2736442264247524,0.1757825028300754,0.9202764664996927,0.5393220394751952,0.0,0.3571428571428572,0.020084321192553586
445,110,98.21428571428571,112,1,111,0,0,0.008928571428571428,0.9199820785348936,0.9163342524791752,0.5525034571231939,0.6888346167914519,0.22530757304385524,0.8201803056096206,9.107142857142858,4.519686177093536,0.39152991540192494,0.8158405697573032,0.22361906767034131,1.0,0.18415943024269676,-0.01323237670568167,0,1,0,0,0,0.0,0.24107142857142858,0.27340997536277467,0.19263416912547474,0.9306958197555115,0.5404156475512774,0.008928571428571428,0.3214285714285714,0.02016649187175371
446,109,97.32142857142857,112,1,111,0,0,0.008928571428571428,0.9187191476965602,0.9165680341732684,0.5686688940885494,0.6907843174115768,0.23048195523326084,0.8405965919124928,9.107142857142858,4.519686177093536,0.3946291621423652,0.9999999998042928,0.20754936021627185,1.0,1.9570722820105857e-10,0.004233062856449754,1,0,0,0,0,1.0,0.24107142857142858,0.2782800598908771,0.19812593623804686,0.9048924387552413,0.5404311445820934,0.008928571428571428,0.375,0.020204237392273287
447,110,98.21428571428571,112,0,112,0,0,0.0,0.9215036761629763,0.9193842338612394,0.5551131783254315,0.6928056598097588,0.24127558025941012,0.8533875482278247,9.107142857142858,4.519686177093536,0.39191571452406126,0.0,0.0,0.0,0.0,0.0,0,0,0,0,0,0.0,0.25,0.27318742554855235,0.2032967155516256,0.9215623657335255,0.5379158944477476,0.0,0.3035714285714286,0.02026383920108655
448,110,98.21428571428571,112,1,111,0,0,0.008928571428571428,0.9202329132736473,0.9181896412160654,0.5434713687217608,0.6946837457826892,0.250683975808946,0.8679037466741738,9.107142857142858,4.519686177093536,0.39272996254915604,0.9999999999417892,0.08247167858578598,1.0,5.821076953793636e-11,0.012341396184753562,0,1,0,0,0,1.0,0.23214285714285715,0.27223695377598006,0.20620329514068467,0.9215623657335255,0.5381297766242689,0.008928571428571428,0.3035714285714286,0.02029992718269614
449,110,98.21428571428571,112,0,112,0,0,0.0,0.9339773542513947,0.9317991927692304,0.5806920947219207,0.6969777400011213,0.25326157762147555,0.8736924190841308,9.107142857142858,4.519686177093536,0.3984937148119143,0.0,0.0,0.0,0.0,0.0,0,0,0,0,0,0.0,0.25892857142857145,0.28118236015760373,0.2121880003489703,0.918855612382062,0.5443611561668543,0.0,0.3392857142857143,0.020420490057381776
450,110,98.21428571428571,112,0,112,0,0,0.0,0.9296357942483789,0.9275394712228133,0.5701621168666556,0.6990140320432269,0.2616776394841126,0.8856035327465647,9.107142857142858,4.519686177093536,0.39762420019573774,0.0,0.0,0.0,0.0,0.0,0,0,0,0,0,0.0,0.26785714285714285,0.27966210534496355,0.21150643614821235,0.9428913432676883,0.544956337580498,0.0,0.23214285714285715,0.02044479926234285
451,111,99.10714285714286,112,0,112,0,0,0.0,0.9353529056464239,0.9330394885304473,0.5971308074984158,0.7011571568929729,0.2555288410054317,0.8633178109632362,9.107142857142858,4.519686177093536,0.3989799063775503,0.0,0.0,0.0,0.0,0.0,0,0,0,0,0,0.0,0.25,0.2841790953709508,0.21058499654707316,0.9377970424026898,0.5440793627958274,0.0,0.26785714285714285,0.020521816078128988
452,111,99.10714285714286,112,0,112,0,0,0.0,0.9326362325911379,0.9303703323486178,0.5602133070170598,0.703106909238731,0.2708429277481343,0.8885138138922327,9.107142857142858,4.519686177093536,0.39549752134126415,0.0,0.0,0.0,0.0,0.0,0,0,0,0,0,0.0,0.25,0.27601643313218965,0.2260346971179552,0.9408512301099541,0.5356001025212469,0.0,0.26785714285714285,0.02055229405648195
453,112,100.0,112,0,112,0,0,0.0,0.9259183542335665,0.9235158997145385,0.5285265203876371,0.7047206998218056,0.27391215896886256,0.8941027338948858,9.107142857142858,4.519686177093536,0.3933474303429787,0.0,0.0,0.0,0.0,0.0,0,0,0,0,0,0.0,0.2767857142857143,0.2698899674958139,0.23107403054581727,0.9408512301099541,0.5330798675607991,0.0,0.26785714285714285,0.020555173799649325
454,112,100.0,112,0,112,0,0,0.0,0.9234565605467663,0.9212597308770917,0.5174656806390574,0.7061799747341073,0.2661629960185967,0.8742482060462914,9.107142857142858,4.519686177093536,0.3941776678240354,0.0,0.0,0.0,0.0,0.0,0,0,0,0,0,0.0,0.29464285714285715,0.2693738677722779,0.2379102502105206,0.9482566840642217,0.5377121277230577,0.0,0.26785714285714285,0.02057584215446387
455,112,100.0,112,0,112,0,0,0.0,0.9239345351954503,0.9217736302028656,0.5022964951530087,0.7075918763093451,0.27793808757268273,0.8852691380298529,9.107142857142858,4.519686177093536,0.39246848315176996,0.0,0.0,0.0,0.0,0.0,0,0,0,0,0,0.0,0.2857142857142857,0.2655361953026884,0.24795407678608847,0.9417393731988739,0.5342451249730604,0.0,0.26785714285714285,0.020610138787872382
456,111,99.10714285714286,112,1,111,0,0,0.008928571428571428,0.9193806832797101,0.9160440450917299,0.5234252631220528,0.7087725961614689,0.2817914201802393,0.8973555426396324,9.107142857142858,4.519686177093536,0.3928548781550061,0.9999999998347058,0.22568312349380676,1.0,1.6529422275368688e-10,0.0029373183093491795,0,1,0,0,0,1.0,0.30357142857142855,0.26988485647679145,0.22346442736470365,0.9476721657545131,0.5398463452208414,0.008928571428571428,0.26785714285714285,0.020614051944267003
457,111,99.10714285714286,112,0,112,0,0,0.0,0.9192929819937764,0.9158429191440346,0.5450117559485521,0.7098528797620863,0.27700815205720053,0.8889086773504532,9.107142857142858,4.519686177093536,0.3978869121426398,0.0,0.0,0.0,0.0,0.0,0,0,0,0,0,0.0,0.2857142857142857,0.278287698283605,0.22131720794181253,0.9420748681182756,0.5437143435515609,0.0,0.30357142857142855,0.020638026152122593
458,111,99.10714285714286,112,0,112,0,0,0.0,0.9212876754052693,0.9179462435224406,0.5629302323838224,0.7109603888630854,0.2633944236950017,0.8712061264197309,9.107142857142858,4.519686177093536,0.39906673763231737,0.0,0.0,0.0,0.0,0.0,0,0,0,0,0,0.0,0.30357142857142855,0.2812021287565361,0.2064389183875841,0.9297788243686833,0.5506397079401502,0.0,0.3392857142857143,0.020673027587054006
459,110,98.21428571428571,112,1,111,0,0,0.008928571428571428,0.9211013970543428,0.9161017991524951,0.5460891967801286,0.7120091890745348,0.2703899494056793,0.8773427249429558,9.107142857142858,4.519686177093536,0.3983211136138891,0.660560061585425,0.21603064416168516,1.0,0.339439938414575,0.016272481582572662,0,1,0,0,0,0.0,0.30357142857142855,0.2782833859256622,0.21699135705297296,0.9336659963908126,0.5468540399109907,0.008928571428571428,0.3214285714285714,0.02069579743439048
460,110,98.21428571428571,112,0,112,0,0,0.0,0.9166884968397324,0.9117043943183275,0.5287854319571605,0.712793550165065,0.2722743073620447,0.8689729216647943,9.107142857142858,4.519686177093536,0.3965837839966595,0.0,0.0,0.0,0.0,0.0,0,0,0,0,0,0.0,0.29464285714285715,0.27538970488489956,0.219741496241617,0.9240752897028794,0.5468556677114972,0.0,0.32142857142857145,0.020691458263211025
461,111,99.10714285714286,112,0,111,1,0,0.0,0.9187546846901912,0.9137826547959133,0.5432049654322321,0.7136176052770317,0.2630954669410994,0.8675689482308424,9.107142857142858,4.519686177093536,0.3973446749745637,0.8100853411256843,0.1819303506463621,1.0,0.1899146588743157,0.015110691323308056,0,0,0,1,0,0.0,0.2857142857142857,0.2779209015946961,0.20350231707279962,0.9245072065772096,0.5539981477494628,0.0,0.32142857142857145,0.020720411554956915
462,110,98.21428571428571,112,1,111,0,0,0.008928571428571428,0.9246005013958569,0.9188152599404378,0.5581888863324014,0.7146117399276692,0.2685248716580849,0.8719768631040916,9.107142857142858,4.519686177093536,0.3980014062754851,0.8189019010697706,0.23778615241095377,1.0,0.18109809893022943,0.013292219468232502,0,1,0,0,0,0.0,0.29464285714285715,0.27977396449225345,0.20008765121665983,0.9149774294646751,0.5616461698874916,0.008928571428571428,0.35714285714285715,0.020772106521678525
463,109,97.32142857142857,112,1,110,1,0,0.008928571428571428,0.9332929708469534,0.9287226384242583,0.6025886910174933,0.7158474610780524,0.26464632459873566,0.8890551304215462,9.107142857142858,4.519686177093536,0.4024358699702999,0.9257293557810542,0.19130702043156667,1.0,0.0742706442189458,0.011019615882695705,0,1,0,1,0,0.5,0.3125,0.28816911698755054,0.1888232107478575,0.9149774294646751,0.569726618395474,0.008928571428571428,0.35714285714285715,0.020843494227944653
464,109,97.32142857142857,112,1,111,0,0,0.008928571428571428,0.9306144335939646,0.9249117301424633,0.6176660541519634,0.7169777510868931,0.2735137349953845,0.9316656600049706,9.107142857142858,4.519686177093536,0.40332376799341363,0.8504252342577296,0.2139166433044676,1.0,0.14957476574227035,0.009480907798698257,0,1,0,0,0,0.0,0.33035714285714285,0.2915053960943418,0.18872292962689285,0.8926490748506231,0.5706229526657578,0.008928571428571428,0.4285714285714286,0.020855644322325027
465,109,97.32142857142857,112,0,112,0,0,0.0,0.9278853445679454,0.9223823013586695,0.6268751143218004,0.7179236350777547,0.2704680365985363,0.9060769428296261,9.107142857142858,4.519686177093536,0.40183578844925516,0.0,0.0,0.0,0.0,0.0,0,0,0,0,0,0.0,0.3392857142857143,0.29167050000870753,0.17752138628769673,0.8968271988947144,0.5721460339116303,0.0,0.4285714285714286,0.020863374371188088
466,108,96.42857142857143,112,1,111,0,0,0.008928571428571428,0.9343228199731924,0.9311421544763687,0.6341047185586787,0.7190527955254419,0.2703514603922149,0.8966867254404113,9.107142857142858,4.519686177093536,0.4041088613235577,0.9999935602191516,0.21070387375611385,1.0,6.43978084835517e-06,0.013004948037283914,0,1,0,0,0,1.0,0.3392857142857143,0.2935516884658054,0.18404138493364544,0.9069291117872476,0.567972671335836,0.008928571428571428,0.41071428571428575,0.020921079002549983
467,107,95.53571428571429,112,2,108,1,1,0.017857142857142856,0.9327814463570991,0.9291243005126489,0.6221529239562736,0.720157559803888,0.28792775982494895,0.955707171930505,9.107142857142858,4.519686177093536,0.40514228136967434,0.8533612997797514,0.18573668197823104,1.0,0.1466387002202486,0.010729773993665814,1,2,0,1,0,0.5,0.32142857142857145,0.29319971332223843,0.21164181398621182,0.9218927540778439,0.5623930998460208,0.017857142857142856,0.3392857142857143,0.020938338073660717
468,108,96.42857142857143,112,0,112,0,0,0.0,0.9300132212179751,0.9263469495876765,0.5824306065120969,0.7211030781460908,0.29760578013465294,0.9558700551256066,9.107142857142858,4.519686177093536,0.4009010107677773,0.0,0.0,0.0,0.0,0.0,0,0,0,0,0,0.0,0.32142857142857145,0.2845266537462932,0.23003154996850553,0.9242918022080454,0.5567483723671222,0.0,0.3035714285714286,0.020945864178872307
469,109,97.32142857142857,112,0,112,0,0,0.0,0.9337715502003514,0.9300334290858917,0.6063662364701622,0.7221391558699212,0.28954131401503924,0.9429533257939858,9.107142857142858,4.519686177093536,0.4046408878706085,0.0,0.0,0.0,0.0,0.0,0,0,0,0,0,0.0,0.3125,0.291073830077965,0.22671407321999085,0.9236265145503202,0.5612382567392731,0.0,0.3392857142857143,0.02098806955461814
470,109,97.32142857142857,112,0,112,0,0,0.0,0.9456617418313884,0.9419697321909584,0.6570099942161151,0.7235599928852803,0.2848109069040691,0.9472471612676667,9.107142857142858,4.519686177093536,0.40823817341493496,0.0,0.0,0.0,0.0,0.0,0,0,0,0,0,0.0,0.32142857142857145,0.29974688294545065,0.22202642122337693,0.9177492202558611,0.5670258035864127,0.0,0.375,0.021079629199864437
471,109,97.32142857142857,112,1,111,0,0,0.008928571428571428,0.9464996278503781,0.9420262609368011,0.6582009799743633,0.7249457726937614,0.27701119957232667,0.9435259200152022,9.107142857142858,4.519686177093536,0.412386362718016,0.999998362044532,0.18857724320660868,1.0,1.6379554680368003e-06,0.017667653698986846,0,1,0,0,0,1.0,0.33035714285714285,0.30373792482426815,0.22258988163826973,0.928788687194733,0.5772710907632207,0.008928571428571428,0.3392857142857143,0.02111513507918382
472,111,99.10714285714286,112,0,112,0,0,0.0,0.9493166546919731,0.944912195531611,0.6509425274887248,0.7263461515235882,0.2717752404661479,0.9286646565528329,9.107142857142858,4.519686177093536,0.41154072227752025,0.0,0.0,0.0,0.0,0.0,0,0,0,0,0,0.0,0.3392857142857143,0.30136803170657106,0.22744741791389617,0.928788687194733,0.5755646940111626,0.0,0.3392857142857143,0.021160866577591107
473,111,99.10714285714286,112,0,112,0,0,0.0,0.9408246856161472,0.9365180450074654,0.62936520117062,0.7273797262162768,0.2774681731687284,0.9337799008400296,9.107142857142858,4.519686177093536,0.40863267424698946,0.0,0.0,0.0,0.0,0.0,0,0,0,0,0,0.0,0.33035714285714285,0.2968987937793691,0.23327061063358595,0.9187269872252597,0.568203446208815,0.0,0.3392857142857143,0.02114176389846967
474,111,99.10714285714286,112,0,112,0,0,0.0,0.9398152297371715,0.9355046797945216,0.6248085240953034,0.728329945834488,0.28046170264581616,0.9281088650724593,9.107142857142858,4.519686177093536,0.4088337160026825,0.0,0.0,0.0,0.0,0.0,0,0,0,0,0,0.0,0.35714285714285715,0.29682639770429053,0.24187785536116976,0.9263144879159722,0.5656395042670083,0.0,0.30357142857142855,0.021158190091442954
475,111,99.10714285714286,112,0,112,0,0,0.0,0.9415966448688933,0.9373518043344073,0.6385422437361727,0.729304005893965,0.28935044353680806,0.9642440542675804,9.107142857142858,4.519686177093536,0.40735840333646034,0.0,0.0,0.0,0.0,0.0,0,0,0,0,0,0.0,0.3392857142857143,0.2970058907464254,0.2312973334418934,0.9201857675574683,0.5631278885572637,0.0,0.30357142857142855,0.02118910939603395
476,112,100.0,112,0,112,0,0,0.0,0.943729633014744,0.9395307703722953,0.6367171382832111,0.7303128274370316,0.28703469537637333,0.9481800111145047,9.107142857142858,4.519686177093536,0.40775663102602433,0.0,0.0,0.0,0.0,0.0,0,0,0,0,0,0.0,0.33035714285714285,0.2967269675936032,0.23439465555504949,0.917969243384437,0.5655118857090347,0.0,0.3392857142857143,0.021222572120679965
477,112,100.0,112,0,112,0,0,0.0,0.9493970792399831,0.9449476218871126,0.6448856017318275,0.7314719131635838,0.28449292018610306,0.9109003622401934,9.107142857142858,4.519686177093536,0.4081791558152603,0.0,0.0,0.0,0.0,0.0,0,0,0,0,0,0.0,0.3482142857142857,0.29683864412459576,0.23058678694857848,0.917325481745404,0.5656299014555445,0.0,0.3392857142857143,0.021277102870487983
478,111,99.10714285714286,112,1,111,0,0,0.008928571428571428,0.9501694849747572,0.9440436127467536,0.6490203783173472,0.732601323150987,0.2943092440898441,0.960326555807091,9.107142857142858,4.519686177093536,0.40791589275742157,0.9999999729242439,0.24339160035327648,1.0,2.7075756081629265e-08,0.013439530213590456,1,0,0,0,0,1.0,0.32142857142857145,0.2971415512181798,0.22197048135443512,0.8985939470693406,0.564990876520448,0.008928571428571428,0.35714285714285715,0.02130648779270354
479,111,99.10714285714286,112,0,112,0,0,0.0,0.9621752246842422,0.9559643559155546,0.6947847937739041,0.7340553134971327,0.28139135845691315,0.9490734027841679,9.107142857142858,4.519686177093536,0.4133485329857094,0.0,0.0,0.0,0.0,0.0,0,0,0,0,0,0.0,0.33035714285714285,0.3058584846890173,0.2072937987554625,0.9128688027649661,0.5785450215156182,0.0,0.3928571428571429,0.021399374391596476
480,111,99.10714285714286,112,0,112,0,0,0.0,0.9747183477917548,0.9683189598806599,0.744105385476796,0.7358902995047039,0.26680536669828225,0.9269176978414596,9.107142857142858,4.519686177093536,0.4191697484761976,0.0,0.0,0.0,0.0,0.0,0,0,0,0,0,0.0,0.33035714285714285,0.3158567911778641,0.19723992422310757,0.9128688027649661,0.5918875278796233,0.0,0.3928571428571429,0.021503557811601938
481,111,99.10714285714286,112,0,112,0,0,0.0,0.9719847510494543,0.9655691935083531,0.7004903557145471,0.737542925254834,0.2704523073664616,0.9310471980462678,9.107142857142858,4.519686177093536,0.41726054939956136,0.0,0.0,0.0,0.0,0.0,0,0,0,0,0,0.0,0.32142857142857145,0.3086159631302105,0.20999013943854733,0.9186274767536186,0.5848435232513426,0.0,0.3571428571428572,0.021527236576684296
482,110,98.21428571428571,112,1,111,0,0,0.008928571428571428,0.9742470879859518,0.9691971438164692,0.7015271190581633,0.7392052599700952,0.2803564779312465,0.9423661868045309,9.107142857142858,4.519686177093536,0.4152131777056729,0.9910014636744249,0.22905930068420638,1.0,0.008998536325575124,0.013136103618744122,0,1,0,0,0,1.0,0.3125,0.30601928189488536,0.20918982475123873,0.8976196350428988,0.5839624416710368,0.008928571428571428,0.3928571428571429,0.021576114417538123
483,110,98.21428571428571,112,1,111,0,0,0.008928571428571428,0.9756320503037859,0.9741117551186644,0.7185477922107296,0.7408844194065296,0.27842022913716225,0.9419653344493432,9.107142857142858,4.519686177093536,0.41546789843750886,0.9958078750559662,0.21886214722234834,1.0,0.004192124944033759,0.008615762205382738,0,1,0,0,0,1.0,0.3125,0.30865532468866,0.20553404350526797,0.8967567322878902,0.5789890579044498,0.008928571428571428,0.375,0.02162098559759724
484,110,98.21428571428571,112,0,112,0,0,0.0,0.9756664084434072,0.9741966503217424,0.710678792310214,0.7426232737882131,0.2775378863380553,0.9364069913524123,9.107142857142858,4.519686177093536,0.41430010030284037,0.0,0.0,0.0,0.0,0.0,0,0,0,0,0,0.0,0.33035714285714285,0.3063708633200614,0.20363855167038825,0.9007786194966156,0.5777335973228609,0.0,0.375,0.021660452768859716
485,110,98.21428571428571,112,0,112,0,0,0.0,0.9752669115867025,0.9737123282239065,0.7121887869935583,0.744266025537641,0.27474129298068417,0.9333544274601409,9.107142857142858,4.519686177093536,0.41621835942905316,0.0,0.0,0.0,0.0,0.0,0,0,0,0,0,0.0,0.32142857142857145,0.3087470807498858,0.2023853237983553,0.8948806517236125,0.5804802340430426,0.0,0.375,0.021695578896447618
486,109,97.32142857142857,112,1,111,0,0,0.008928571428571428,0.9662744751005486,0.965611582722776,0.7222191409273468,0.7455099166022034,0.2744044588155377,0.9124042390205267,9.107142857142858,4.519686177093536,0.4154582987141118,0.7961027646124323,0.19308082702239898,1.0,0.20389723538756765,-0.008698241749903496,0,1,0,0,0,0.0,0.3125,0.31080037001051286,0.1735801938567597,0.8938202309124563,0.5796702805742677,0.008928571428571428,0.35714285714285715,0.021678726700268415
487,110,98.21428571428571,112,0,112,0,0,0.0,0.9647141892355212,0.9639729906513499,0.7245122276171787,0.7466700511601794,0.27421339308181175,0.8990629138796785,9.107142857142858,4.519686177093536,0.4154789931919578,0.0,0.0,0.0,0.0,0.0,0,0,0,0,0,0.0,0.30357142857142855,0.3112510561717635,0.17463638215739974,0.8879960587154092,0.5790032172110612,0.0,0.4285714285714286,0.021697142491569538
488,110,98.21428571428571,112,1,111,0,0,0.008928571428571428,0.9705660590148574,0.9681031107212068,0.7611930211298896,0.7479858315278771,0.2668695819025328,0.8811150523868202,9.107142857142858,4.519686177093536,0.42083532679396995,0.8370138611097588,0.2518313421351087,1.0,0.16298613889024116,-0.009287502542397463,0,1,0,0,0,0.0,0.33035714285714285,0.32037750379412877,0.16084724801490133,0.9083377154396615,0.5956403612590571,0.008928571428571428,0.39285714285714285,0.021756136412166092
489,110,98.21428571428571,112,1,111,0,0,0.008928571428571428,0.9757622152824892,0.9731298071077216,0.7968219381542504,0.7493676373719617,0.25304988374721116,0.8713370327191227,9.107142857142858,4.519686177093536,0.42556841445748517,0.6031797697995229,0.2657177976965962,1.0,0.3968202302004771,-0.01892739459267745,1,0,0,0,0,0.0,0.3392857142857143,0.32933776672706555,0.15655690537718836,0.9127653485324123,0.6042486931590706,0.008928571428571428,0.3392857142857143,0.02181334383736893
490,110,98.21428571428571,112,0,112,0,0,0.0,0.9784420722530207,0.9756398017555666,0.8271685880852419,0.7507752576565841,0.25468823354046305,0.8794714750439702,9.107142857142858,4.519686177093536,0.42579555081579024,0.0,0.0,0.0,0.0,0.0,0,0,0,0,0,0.0,0.33035714285714285,0.3327025713350978,0.1482077242534221,0.9105761319518029,0.6053589058242395,0.0,0.3392857142857143,0.02185855313193661
491,111,99.10714285714286,112,0,112,0,0,0.0,0.9784794202016044,0.9758570761464506,0.8476291770618066,0.7521271140182654,0.26131277530548147,0.9078999084650671,9.107142857142858,4.519686177093536,0.42737132385113674,0.0,0.0,0.0,0.0,0.0,0,0,0,0,0,0.0,0.3392857142857143,0.336067239940639,0.1485480019091034,0.9127653485324123,0.6068210034029089,0.0,0.3392857142857143,0.02188928970423606
492,110,98.21428571428571,112,1,111,0,0,0.008928571428571428,0.9795683972759279,0.9794486531565018,0.8500546196419032,0.7534571783608229,0.2740517736497581,0.9134928662885606,9.107142857142858,4.519686177093536,0.426891787285824,0.6937151925677223,0.15359477820688205,1.0,0.3062848074322777,0.01917421951335367,0,1,0,0,0,0.0,0.3482142857142857,0.3351961529454203,0.15530946206779142,0.926764103171343,0.5976318812513707,0.008928571428571428,0.3571428571428572,0.02192479195672619
493,109,97.32142857142857,112,1,111,0,0,0.008928571428571428,0.9914159603068134,0.9905097280346766,0.9144708390440706,0.7552370970436435,0.27159191367741325,0.9104634195105908,9.107142857142858,4.519686177093536,0.42962301772403766,0.9163093894575254,0.13226904730524253,1.0,0.08369061054247462,0.03053268942873258,0,1,0,0,0,0.0,0.3482142857142857,0.3427003574870218,0.15037741643990518,0.9139391239703771,0.5938848497434207,0.008928571428571428,0.375,0.022024253141216095
494,110,98.21428571428571,112,0,112,0,0,0.0,0.9858153366646124,0.9843317624398218,0.8980955063114908,0.7566937156472665,0.27189572685069857,0.9060216526643642,9.107142857142858,4.519686177093536,0.43012885124771594,0.0,0.0,0.0,0.0,0.0,0,0,0,0,0,0.0,0.35714285714285715,0.3435119691387998,0.16081281710183423,0.9215833107155695,0.5916507076342891,0.0,0.375,0.022029167317845547
495,109,97.32142857142857,112,1,111,0,0,0.008928571428571428,0.987999787495854,0.9860361190997083,0.9355418395185007,0.7581656995867792,0.27682724437702977,0.9154442373114241,9.107142857142858,4.519686177093536,0.4290335204921214,0.9957042170228281,0.20945940668892563,1.0,0.004295782977171925,0.012598459064504575,0,1,0,0,0,1.0,0.3125,0.3450485994142151,0.1464296299041639,0.9166682647506832,0.5971759351150068,0.008928571428571428,0.375,0.02207335409932335
496,109,97.32142857142857,112,0,112,0,0,0.0,0.9874075282824293,0.985090411772816,0.9241642509052441,0.759517385401307,0.2823347935354601,0.9209077207716565,9.107142857142858,4.519686177093536,0.42976504995413634,0.0,0.0,0.0,0.0,0.0,0,0,0,0,0,0.0,0.33035714285714285,0.34487390102026694,0.15645696732622696,0.9136937265355516,0.5918038349773118,0.0,0.4107142857142857,0.022100938781714704
497,110,98.21428571428571,112,0,112,0,0,0.0,0.9887379117591293,0.9863455949279911,0.8553231825312406,0.760853363530567,0.2796219034540238,0.9136263283559636,9.107142857142858,4.519686177093536,0.42711354883213315,0.0,0.0,0.0,0.0,0.0,0,0,0,0,0,0.0,0.33035714285714285,0.3345876990841851,0.17229024089923528,0.9150903641128623,0.5868055894413556,0.0,0.375,0.022137781708516782
498,110,98.21428571428571,112,1,111,0,0,0.008928571428571428,0.9803626513659429,0.9737257725116111,0.8190112350963008,0.7618202027929057,0.30237852199745024,1.005384521197051,9.107142857142858,4.519686177093536,0.42512688455954706,0.9999999999417921,0.25415088475047376,1.0,5.820788295807233e-11,-0.013226739733900095,0,1,0,0,0,1.0,0.3392857142857143,0.33142923298689697,0.18816155858055003,0.8875714488600286,0.5662193625022193,0.008928571428571428,0.35714285714285715,0.02211775445679817
499,109,97.32142857142857,112,1,111,0,0,0.008928571428571428,0.9741565291044673,0.9657491835059446,0.7745658885842299,0.7623852142060411,0.29875180733868684,0.9497937452112686,9.107142857142858,4.519686177093536,0.4251085032965347,0.7372161808178774,0.25881713274228707,1.0,0.26278381918212257,-0.01517825313759108,0,1,0,0,0,0.0,0.3482142857142857,0.32791435549239417,0.18848651878595435,0.883809865809192,0.5690716770641484,0.008928571428571428,0.3392857142857143,0.022099492216860032
500,110,98.21428571428571,112,0,112,0,0,0.0,0.9647136834751248,0.9563598716509462,0.7686655118057986,0.7625073670011877,0.3084045586296961,1.010668088857781,9.107142857142858,4.519686177093536,0.4272721886625197,0.0,0.0,0.0,0.0,0.0,0,0,0,0,0,0.0,0.375,0.3322104421969259,0.19357960567199928,0.8883714391282973,0.5703618203869996,0.0,0.3392857142857143,0.022055038450211905
501,110,98.21428571428571,112,0,112,0,0,0.0,0.9620176732275861,0.9534633227039305,0.7574969142558102,0.76251926693544,0.32083202380585923,1.0157417844275123,9.107142857142858,4.519686177093536,0.42399396256064636,0.0,0.0,0.0,0.0,0.0,0,0,0,0,0,0.0,0.375,0.32754369791815907,0.19312184205269278,0.8882850073095253,0.5660682143996341,0.0,0.3035714285714286,0.022041827318815953
502,110,98.21428571428571,112,0,112,0,0,0.0,0.9549898793168955,0.9465579587881188,0.7115556850256767,0.7622809484073044,0.3397776367474862,1.04588300476826,9.107142857142858,4.519686177093536,0.4162743520921286,0.0,0.0,0.0,0.0,0.0,0,0,0,0,0,0.0,0.36607142857142855,0.31540797164813783,0.20460408699857338,0.8839742386254452,0.5518112913546613,0.0,0.3035714285714286,0.022001302724475702
503,111,99.10714285714286,112,0,112,0,0,0.0,0.9551295923464984,0.9467008527089189,0.6797741037280164,0.7620585678141711,0.3433337362203673,1.0479299307569845,9.107142857142858,4.519686177093536,0.4154913509144502,0.0,0.0,0.0,0.0,0.0,0,0,0,0,0,0.0,0.36607142857142855,0.3104637450175837,0.21768858154099463,0.8647841472402309,0.5476307697648712,0.0,0.375,0.021996975837159524
504,112,100.0,112,0,112,0,0,0.0,0.9607470204504381,0.9523027556756761,0.6782236000565471,0.7620487888732007,0.3328519232045691,1.0408898474892823,9.107142857142858,4.519686177093536,0.41513075532872157,0.0,0.0,0.0,0.0,0.0,0,0,0,0,0,0.0,0.3482142857142857,0.30915946060012667,0.2190609152637769,0.8624210158358494,0.5478594036696244,0.0,0.375,0.022024841988957572
505,112,100.0,112,0,112,0,0,0.0,0.9681349366930746,0.9597050898581276,0.7108157409179863,0.7623071017295346,0.31762164540843024,1.0079509769143298,9.107142857142858,4.519686177093536,0.4203509618016841,0.0,0.0,0.0,0.0,0.0,0,0,0,0,0,0.0,0.32142857142857145,0.3168568608029282,0.2161030289980476,0.8723235803688845,0.5568618239743267,0.0,0.375,0.022067619035401442
506,112,100.0,112,0,112,0,0,0.0,0.9774848669466969,0.9689031124520345,0.7416094774815123,0.7628863170600015,0.30481289182246213,0.9923131938888099,9.107142857142858,4.519686177093536,0.4252450616560557,0.0,0.0,0.0,0.0,0.0,0,0,0,0,0,0.0,0.3392857142857143,0.32388350263952786,0.2177389617036575,0.8515299305295778,0.5635354350901776,0.0,0.4107142857142857,0.022127458044282913
507,111,99.10714285714286,112,1,111,0,0,0.008928571428571428,0.9769214204965188,0.9658758408708658,0.7661720950190501,0.7634175572901744,0.30906406593351815,1.0042804981714128,9.107142857142858,4.519686177093536,0.4264498567883881,0.7780663466280098,0.2388174721213453,1.0,0.22193365337199022,0.013898753026449384,0,1,0,0,0,0.0,0.32142857142857145,0.3290863397095092,0.2060820630968479,0.8350585545953608,0.5715757201208598,0.008928571428571428,0.39285714285714285,0.022136646007657163
508,111,99.10714285714286,112,0,112,0,0,0.0,0.978501534709758,0.9676377843593327,0.7915004676190158,0.7639008324270435,0.30999389414653084,1.0070997285481627,9.107142857142858,4.519686177093536,0.42845336863807093,0.0,0.0,0.0,0.0,0.0,0,0,0,0,0,0.0,0.3482142857142857,0.33261468847396125,0.19131195456820133,0.871369326253536,0.5783261497933655,0.0,0.35714285714285715,0.022155467838502564
509,111,99.10714285714286,112,0,112,0,0,0.0,0.9796930409075145,0.9688179321201397,0.7412396624753623,0.764404936224526,0.3103813098295164,0.997992919134127,9.107142857142858,4.519686177093536,0.4258916915480768,0.0,0.0,0.0,0.0,0.0,0,0,0,0,0,0.0,0.3482142857142857,0.3237228950425502,0.20235786433804692,0.840534869861686,0.5774068765533384,0.0,0.39285714285714285,0.022172817324317855
510,111,99.10714285714286,112,0,112,0,0,0.0,0.9894213805662275,0.9785587243741465,0.8128872848337505,0.7652384587051904,0.30655931365992917,1.0055656866334426,9.107142857142858,4.519686177093536,0.4295191853527276,0.0,0.0,0.0,0.0,0.0,0,0,0,0,0,0.0,0.3482142857142857,0.3334601592679487,0.18492393721447808,0.8257214884205402,0.5823543191764067,0.0,0.3392857142857143,0.022240295322782197
511,110,98.21428571428571,112,1,111,0,0,0.008928571428571428,0.9924530395705767,0.9827698515010175,0.8301740987052858,0.7661416135148732,0.3142133178255901,1.0121680092753076,9.107142857142858,4.519686177093536,0.4294586458920775,0.9538144004172588,0.24886401980389108,1.0,0.046185599582741155,-0.0004325196108539986,0,1,0,0,0,1.0,0.3392857142857143,0.33411654266008484,0.18586864794200533,0.8316746578970082,0.5778019810731143,0.008928571428571428,0.3392857142857143,0.022275863499349437
512,111,99.10714285714286,112,0,112,0,0,0.0,0.9969958312616519,0.9872481168208014,0.871726057007325,0.7672108302475329,0.30916613318576663,1.0089619274932928,9.107142857142858,4.519686177093536,0.43112482475282365,0.0,0.0,0.0,0.0,0.0,0,0,0,0,0,0.0,0.4017857142857143,0.3392736611213997,0.17905801884219905,0.8347438019085108,0.5818871271821954,0.0,0.3571428571428571,0.02232274007823941
513,111,99.10714285714286,112,0,112,0,0,0.0,0.9901685640777486,0.9803368155316822,0.8381486511191801,0.7679818264361061,0.30689019517096766,0.9984336530069088,9.107142857142858,4.519686177093536,0.4301320171507439,0.0,0.0,0.0,0.0,0.0,0,0,0,0,0,0.0,0.39285714285714285,0.3359928079858289,0.17956735143526448,0.8275548419342578,0.5795024250523466,0.0,0.3571428571428571,0.022306027046400324
514,111,99.10714285714286,112,0,112,0,0,0.0,0.9896279174940091,0.9797611892067306,0.8753076822285943,0.768697162813766,0.3036109927845369,0.9972073128696763,9.107142857142858,4.519686177093536,0.4310933674915738,0.0,0.0,0.0,0.0,0.0,0,0,0,0,0,0.0,0.39285714285714285,0.34102439306311044,0.16567615621631396,0.832692575069982,0.5811022123489222,0.0,0.3571428571428571,0.022319489293172033
515,110,98.21428571428571,112,1,111,0,0,0.008928571428571428,0.994508853695117,0.9855942181107893,0.9090062396734307,0.7695451167931747,0.3020274975459446,0.9941446612162199,9.107142857142858,4.519686177093536,0.4305230603115975,0.9999734279776258,0.14268610632726073,1.0,2.6572022374216075e-05,0.017937627645264492,0,1,0,0,0,1.0,0.35714285714285715,0.3426425346303488,0.16002992724011553,0.8566859152465423,0.5811860340624756,0.008928571428571428,0.3392857142857143,0.022363056403575297
516,111,99.10714285714286,112,0,112,0,0,0.0,0.9966267760686633,0.9875534776755496,0.8729183576015275,0.770471546940502,0.30426495931644915,0.997619432229488,9.107142857142858,4.519686177093536,0.4320286196400773,0.0,0.0,0.0,0.0,0.0,0,0,0,0,0,0.0,0.36607142857142855,0.34002540087672567,0.17706612210068975,0.8435517415898501,0.576969405380377,0.0,0.3392857142857143,0.02239458188309762
517,111,99.10714285714286,112,0,112,0,0,0.0,0.9926023751594647,0.9837325275711756,0.8154359163410628,0.7712179493895592,0.3004150849875956,0.9888625899700786,9.107142857142858,4.519686177093536,0.43085354850172797,0.0,0.0,0.0,0.0,0.0,0,0,0,0,0,0.0,0.3482142857142857,0.3337836617172414,0.18722803953299513,0.8578142827466358,0.5768116456402959,0.0,0.3392857142857143,0.02239132740270939
518,111,99.10714285714286,112,0,112,0,0,0.0,0.9948561690942656,0.9863318948649339,0.8281035020017794,0.7720246033857152,0.3018999185655134,0.9918978374830639,9.107142857142858,4.519686177093536,0.4292932873941573,0.0,0.0,0.0,0.0,0.0,0,0,0,0,0,0.0,0.375,0.33255218339426246,0.178108717024822,0.8609235325356412,0.5763107774739835,0.0,0.3214285714285714,0.02242082548696401
519,111,99.10714285714286,112,0,112,0,0,0.0,0.993061380636991,0.9843618686072759,0.7688276092932661,0.7727235679491481,0.30899828196365636,0.9815135661213131,9.107142857142858,4.519686177093536,0.42765058635093056,0.0,0.0,0.0,0.0,0.0,0,0,0,0,0,0.0,0.3482142857142857,0.3245744553334004,0.1991027658073297,0.8570862186065424,0.5743702299892289,0.0,0.3214285714285714,0.022427647047055764
520,112,100.0,112,0,112,0,0,0.0,0.9954158756890349,0.986907981748597,0.807168526366674,0.7734830025667857,0.29226738931865137,0.9796156294565329,9.107142857142858,4.519686177093536,0.4331949917407272,0.0,0.0,0.0,0.0,0.0,0,0,0,0,0,0.0,0.38392857142857145,0.33475035319957946,0.18789927591530003,0.8570862186065424,0.5894376942398141,0.0,0.3214285714285714,0.0224565815530347
521,111,99.10714285714286,112,1,110,1,0,0.008928571428571428,1.0143416208227816,1.0101482393203474,0.888970294323746,0.7748850901275153,0.27803753926994207,0.9536452128973391,9.107142857142858,4.519686177093536,0.4357447833188943,0.8786570492499587,0.22995229894913422,1.0,0.12134295075004131,-0.0001490966735632343,0,1,0,1,0,0.5,0.36607142857142855,0.34235190774999896,0.18049160381664484,0.874691281814121,0.5893289070961795,0.008928571428571428,0.3035714285714286,0.022582895257539953
522,109,97.32142857142857,112,2,109,0,1,0.017857142857142856,1.0130350537923314,1.0083036147809412,0.89750268428859,0.7763538636297819,0.2814381321217039,0.962180403134235,9.107142857142858,4.519686177093536,0.43456613547487,0.9094983564086739,0.25558551562977,1.0,0.0905016435913261,0.001605874427509461,1,2,0,0,0,0.3333333333333333,0.32142857142857145,0.34076775588019875,0.17008024157899432,0.8852301107725621,0.587027834253613,0.017857142857142856,0.32142857142857145,0.022609554398865084
523,109,97.32142857142857,112,1,111,0,0,0.008928571428571428,1.011046096548083,1.0036786321266766,0.9105167854171756,0.7776440275388485,0.28221009007871956,0.9646492489650387,9.107142857142858,4.519686177093536,0.43851749606024604,0.9856769035542612,0.24609779780203275,1.0,0.014323096445738814,-0.001501432223763255,0,1,0,0,0,1.0,0.3392857142857143,0.34737875439627997,0.1691510326886132,0.8753814363645427,0.5995422687449697,0.008928571428571428,0.3214285714285714,0.022628765292573808
524,108,96.42857142857143,112,1,111,0,0,0.008928571428571428,1.0102104846228817,1.003717167291392,0.9177227750460439,0.7787654637196716,0.2923417109709589,0.9849010533429621,9.107142857142858,4.519686177093536,0.43843038195643347,0.9980145492886883,0.09805563676695864,1.0,0.0019854507113117315,0.033517888763596806,0,1,0,0,0,1.0,0.36607142857142855,0.3480375999602662,0.1644920672355533,0.884682744104482,0.5968095529893216,0.008928571428571428,0.32142857142857145,0.022649929930972597
525,107,95.53571428571429,112,1,111,0,0,0.008928571428571428,1.019396859506466,1.0119800319888226,0.950124822054295,0.7801846288201132,0.2780611505643464,0.9762872781823029,9.107142857142858,4.519686177093536,0.44266615823107625,0.9999999999416445,0.09093974258571436,1.0,5.835554262034748e-11,0.010135752138745159,0,1,0,0,0,1.0,0.35714285714285715,0.3544786271128802,0.17329911028092346,0.8936373963552976,0.6013844040448906,0.008928571428571428,0.3214285714285714,0.022727932709827914
526,107,95.53571428571429,112,0,112,0,0,0.0,1.003376947714471,0.9965054471284988,0.9355784201960627,0.7809538671538026,0.2913548539674831,0.9904069349419188,9.107142857142858,4.519686177093536,0.4404004431730666,0.0,0.0,0.0,0.0,0.0,0,0,0,0,0,0.0,0.3482142857142857,0.3534845560097343,0.17362281630424592,0.8866663644093611,0.5924631798457171,0.0,0.3214285714285714,0.02266521673018627
527,109,97.32142857142857,112,1,111,0,0,0.008928571428571428,1.0063613197106123,0.9987357472130932,0.9814719455948048,0.781819263049635,0.287040898399443,0.9973016066918144,9.107142857142858,4.519686177093536,0.4411232058205239,0.9999999999417923,0.11805747262789065,1.0,5.820766091346741e-11,0.02149682803804088,1,0,0,0,0,1.0,0.3482142857142857,0.3581726684284707,0.1580056496317334,0.8932121450152788,0.5975431578359265,0.008928571428571428,0.3214285714285714,0.022699695179507515
528,109,97.32142857142857,112,1,111,0,0,0.008928571428571428,1.004075420553462,0.9975915585002424,0.9627268189580351,0.7825181997819165,0.2989130508085865,1.018754694202579,9.107142857142858,4.519686177093536,0.4391023830056324,0.9999322798805119,0.02770410846069157,1.0,6.772011948807943e-05,0.04403663694391491,0,1,0,0,0,1.0,0.32142857142857145,0.35424673312411165,0.15512108992799428,0.8848028280492432,0.5913947344556575,0.008928571428571428,0.32142857142857145,0.022704060557159542
529,109,97.32142857142857,112,1,111,0,0,0.008928571428571428,1.0082894366628266,1.0030310693584155,0.990331612102702,0.7833778651897116,0.3005819344041961,1.0235560529133936,9.107142857142858,4.519686177093536,0.4372243636963693,0.7291390465556395,0.2668879585134981,1.0,0.27086095344436045,0.0011037844104333505,1,0,0,0,0,0.0,0.3125,0.35349236855317123,0.14762580557508717,0.8891723540434897,0.5896944327711778,0.008928571428571428,0.35714285714285715,0.02274455772700905
530,109,97.32142857142857,112,0,112,0,0,0.0,1.0184594467934214,1.0133554767484396,1.080025752472215,0.7846120340282573,0.281411925730555,1.0052989465929438,9.107142857142858,4.519686177093536,0.4418433699114581,0.0,0.0,0.0,0.0,0.0,0,0,0,0,0,0.0,0.32142857142857145,0.3653669423718637,0.1262995572062804,0.8969101200392084,0.6021785899047893,0.0,0.35714285714285715,0.022823298056860897
531,109,97.32142857142857,112,0,112,0,0,0.0,1.0187321088781343,1.013827471682085,1.101976957479111,0.7858074884602234,0.28560065202316737,1.0071568277990255,9.107142857142858,4.519686177093536,0.4411198074098579,0.0,0.0,0.0,0.0,0.0,0,0,0,0,0,0.0,0.3125,0.36645211334281436,0.12520050576086209,0.8932121450152788,0.6007724841712686,0.0,0.35714285714285715,0.022851676761641973
532,110,98.21428571428571,112,0,112,0,0,0.0,1.0279350060442904,1.0232680177928577,1.2445026898293863,0.787290258549563,0.2739999392772704,1.0043923094614937,9.107142857142858,4.519686177093536,0.44659581432232054,0.0,0.0,0.0,0.0,0.0,0,0,0,0,0,0.0,0.32142857142857145,0.3838758420306817,0.11185022139857534,0.8760068729159993,0.6062613488395842,0.0,0.39285714285714285,0.022931199524855735
533,111,99.10714285714286,112,0,112,0,0,0.0,1.0353940383075229,1.0307375007752653,1.2740647721496836,0.7889760898360217,0.2723087167736962,1.0029203024976356,9.107142857142858,4.519686177093536,0.4453454450913399,0.0,0.0,0.0,0.0,0.0,0,0,0,0,0,0.0,0.30357142857142855,0.3836473951223019,0.1097835296957124,0.8710842784605112,0.6028119792103563,0.0,0.42857142857142855,0.023006591827983494
534,112,100.0,112,0,112,0,0,0.0,1.0377993878635012,1.033230857840184,1.354545899659455,0.7906758803705443,0.2754436379381401,1.0149705749917957,9.107142857142858,4.519686177093536,0.4463798320442087,0.0,0.0,0.0,0.0,0.0,0,0,0,0,0,0.0,0.29464285714285715,0.3910777909436682,0.10596869221996498,0.8787256317489723,0.600889942327397,0.0,0.39285714285714285,0.023057031174677563
535,112,100.0,112,0,112,0,0,0.0,1.040070050559145,1.035876825640915,1.3483174043029997,0.7923945172599904,0.27780110474455666,1.0194071751497387,9.107142857142858,4.519686177093536,0.4423514340893431,0.0,0.0,0.0,0.0,0.0,0,0,0,0,0,0.0,0.2767857142857143,0.3851474601648871,0.1097842415771937,0.8748064910692952,0.5965580018265041,0.0,0.39285714285714285,0.023107222985119146
536,111,99.10714285714286,112,1,111,0,0,0.008928571428571428,1.041273928782772,1.0359022196872254,1.3934523253550442,0.7940711833723849,0.2715889141759709,1.0103129288040174,9.107142857142858,4.519686177093536,0.4446333673588696,0.9765359312511082,0.24668004383328462,1.0,0.023464068748891842,0.0012904163635081844,0,1,0,0,0,1.0,0.32142857142857145,0.39286673652307824,0.10508653234664618,0.8768279576901121,0.6014347443934346,0.008928571428571428,0.39285714285714285,0.023151132399496233
537,111,99.10714285714286,112,0,112,0,0,0.0,1.0479238967910172,1.0429006248831085,1.4933959996065989,0.7958903261681514,0.2696270427730122,1.020780546534698,9.107142857142858,4.519686177093536,0.4466821031470829,0.0,0.0,0.0,0.0,0.0,0,0,0,0,0,0.0,0.32142857142857145,0.40244971552021547,0.09466048394786594,0.875450718598646,0.6038860635341005,0.0,0.39285714285714285,0.023225492012278384
538,111,99.10714285714286,112,0,112,0,0,0.0,1.0477059878683401,1.042733357669947,1.4721927420531475,0.7976212014559464,0.2696085687187815,0.9941737144863446,9.107142857142858,4.519686177093536,0.44566518045833203,0.0,0.0,0.0,0.0,0.0,0,0,0,0,0,0.0,0.33035714285714285,0.4004616832047142,0.09298437978408071,0.8944625910846705,0.6051328379608211,0.0,0.35714285714285715,0.0232635175332276
539,110,98.21428571428571,112,1,111,0,0,0.008928571428571428,1.0512153166287168,1.047418772341866,1.5059337543948534,0.7994109936411727,0.26748391799460175,0.9898860220199456,9.107142857142858,4.519686177093536,0.4446813231085347,0.9999999999260967,0.1616909314536341,1.0,7.39033279018031e-11,0.014493587960589138,0,1,0,0,0,1.0,0.3392857142857143,0.4021444864013132,0.08586146663134767,0.8849100212741325,0.6090881794130769,0.008928571428571428,0.375,0.02332151067202667
540,110,98.21428571428571,112,0,112,0,0,0.0,1.051169602510212,1.0471073487144278,1.5025037905336092,0.8011408983427479,0.25885319178495003,0.9771064731112789,9.107142857142858,4.519686177093536,0.4446953271237082,0.0,0.0,0.0,0.0,0.0,0,0,0,0,0,0.0,0.3482142857142857,0.4023779264407151,0.08465386138604,0.882511254920745,0.6112017923976559,0.0,0.375,0.02336037523327114
541,111,99.10714285714286,112,0,112,0,0,0.0,1.0509890616028696,1.047367500830898,1.6231158883188868,0.8028020232280471,0.25388186097447796,0.9765268003982663,9.107142857142858,4.519686177093536,0.44486750302712696,0.0,0.0,0.0,0.0,0.0,0,0,0,0,0,0.0,0.33035714285714285,0.4120032898101048,0.07386426806037133,0.8946950980522715,0.6073842196414639,0.0,0.3392857142857143,0.023397011344646987
542,111,99.10714285714286,112,0,112,0,0,0.0,1.052003875535761,1.048529894907123,1.5921204334504133,0.8044300997330304,0.24579770527695224,0.9717828943178823,9.107142857142858,4.519686177093536,0.44410081369053,0.0,0.0,0.0,0.0,0.0,0,0,0,0,0,0.0,0.33035714285714285,0.40825718597392574,0.07441474819970598,0.8743462503029439,0.6079071553137899,0.0,0.375,0.023438877388685567
543,111,99.10714285714286,112,0,112,0,0,0.0,1.0506158797857863,1.0471886060607607,1.5954100152407993,0.805936094651998,0.24505786001853438,0.9698490769990744,9.107142857142858,4.519686177093536,0.4452843170317293,0.0,0.0,0.0,0.0,0.0,0,0,0,0,0,0.0,0.32142857142857145,0.40998754206258603,0.07439326146902477,0.8866823424869222,0.609142599946888,0.0,0.3392857142857143,0.02346597053202585
544,112,100.0,112,0,112,0,0,0.0,1.0549161275924053,1.051726013053405,1.7132155031905516,0.8075380845721016,0.23798976371347377,0.9693260997990534,9.107142857142858,4.519686177093536,0.4502131346974714,0.0,0.0,0.0,0.0,0.0,0,0,0,0,0,0.0,0.33035714285714285,0.4232007117785992,0.07369971567886834,0.8846362514267122,0.611832329563003,0.0,0.3392857142857143,0.02352367422954762
545,112,100.0,112,0,112,0,0,0.0,1.0520354174910242,1.048762895014622,1.5831403610241641,0.8089605306661001,0.2374692029147643,0.9581604953334566,9.107142857142858,4.519686177093536,0.4478151373779746,0.0,0.0,0.0,0.0,0.0,0,0,0,0,0,0.0,0.33035714285714285,0.4111020551519794,0.07960796150661224,0.8666607525064461,0.6119726097856901,0.0,0.375,0.02354141572878424
546,112,100.0,112,0,112,0,0,0.0,1.058817631558122,1.0554240219964455,1.6188379707425748,0.8105595362889603,0.22844439481012513,0.9759266183788754,9.107142857142858,4.519686177093536,0.4503336564458984,0.0,0.0,0.0,0.0,0.0,0,0,0,0,0,0.0,0.33035714285714285,0.4149745082666842,0.08345562567130513,0.8793760997727733,0.6158247864608845,0.0,0.3392857142857143,0.02361146181717341
547,112,100.0,112,0,112,0,0,0.0,1.0493901299941284,1.045730585959095,1.5265308193882732,0.8117357815647803,0.23907731561670117,0.947093387044576,9.107142857142858,4.519686177093536,0.4493102075184765,0.0,0.0,0.0,0.0,0.0,0,0,0,0,0,0.0,0.3482142857142857,0.4093754734693099,0.08408819930099158,0.8898824165190313,0.6188453993729072,0.0,0.3392857142857143,0.023590905606923424
548,112,100.0,112,0,112,0,0,0.0,1.0495008458813897,1.0454863899526696,1.4701760678286018,0.8128500347309429,0.23878004531841973,0.9438110622645774,9.107142857142858,4.519686177093536,0.44956761470071105,0.0,0.0,0.0,0.0,0.0,0,0,0,0,0,0.0,0.3482142857142857,0.405207062428692,0.09531853913371667,0.8937889357290714,0.621089908228018,0.0,0.3035714285714286,0.023616639559524165
549,112,100.0,112,0,112,0,0,0.0,1.0514763644565284,1.0476789749343471,1.5030798054594319,0.813993205519047,0.24564235590750433,0.9480721541556074,9.107142857142858,4.519686177093536,0.4492924297003882,0.0,0.0,0.0,0.0,0.0,0,0,0,0,0,0.0,0.3482142857142857,0.40643723475698806,0.08670913079704212,0.8917692017806671,0.6200130971058944,0.0,0.3035714285714286,0.023652351018445116
550,112,100.0,112,0,110,2,0,0.0,1.0552719289948198,1.0511845149127754,1.466811161480668,0.8152114600997302,0.2528234810525062,0.9513741046623528,9.107142857142858,4.519686177093536,0.4494928581925479,0.6294472656570522,0.1968527269026662,1.0,0.3705527343429477,0.006780944997400409,0,0,1,1,0,0.0,0.3392857142857143,0.40299981104895555,0.09362162780253849,0.8701413841742197,0.6164985320739008,0.0,0.3392857142857143,0.023698859483079048
551,110,98.21428571428571,112,2,110,0,0,0.017857142857142856,1.0587614616319017,1.0627731526450486,1.5962910489811188,0.8164755101328136,0.2501333839461703,0.9509555164269367,9.107142857142858,4.519686177093536,0.45239439612570176,0.6587446777324367,0.23702535059174037,1.0,0.3412553222675633,-0.0007082675067732469,2,0,0,0,0,0.0,0.32142857142857145,0.41340182140189496,0.09407193834197096,0.8738161678820535,0.6036775505971413,0.017857142857142856,0.3392857142857143,0.023744872693572866
552,110,98.21428571428571,112,0,112,0,0,0.0,1.0667977833438222,1.0704797329813691,1.5754469161674516,0.8182792389781044,0.24943937178957862,0.9351554393876338,9.107142857142858,4.519686177093536,0.45145493458217234,0.0,0.0,0.0,0.0,0.0,0,0,0,0,0,0.0,0.32142857142857145,0.4080354649289849,0.0941768039727442,0.8566896468086959,0.5989461983944164,0.0,0.375,0.023825815743778896
553,110,98.21428571428571,112,0,112,0,0,0.0,1.059363085994778,1.0625688243571565,1.482801603559669,0.8197154063452453,0.2503244523567963,0.9359927984608286,9.107142857142858,4.519686177093536,0.45113473836920126,0.0,0.0,0.0,0.0,0.0,0,0,0,0,0,0.0,0.32142857142857145,0.40225297557338824,0.10248071766359282,0.8701660227696854,0.5987319657927176,0.0,0.375,0.023821097386019972
554,110,98.21428571428571,112,0,112,0,0,0.0,1.0556509793567173,1.0588346276306377,1.3835851968118331,0.8209516442757946,0.25670111479434754,0.929951609696172,9.107142857142858,4.519686177093536,0.4478514066699746,0.0,0.0,0.0,0.0,0.0,0,0,0,0,0,0.0,0.32142857142857145,0.3904875390025704,0.11078731807229979,0.8941520317217447,0.5975558354957398,0.0,0.3392857142857143,0.023830473890261182
555,110,98.21428571428571,112,0,112,0,0,0.0,1.0624593981283887,1.0660618821037906,1.3951218674228951,0.8223933275086059,0.2422416360919387,0.9181251256859492,9.107142857142858,4.519686177093536,0.4520258491546427,0.0,0.0,0.0,0.0,0.0,0,0,0,0,0,0.0,0.32142857142857145,0.39456392186518485,0.10915601025759533,0.8899339004002652,0.6066426103616757,0.0,0.3392857142857143,0.023897095763014964
556,112,100.0,112,0,112,0,0,0.0,1.067695758984794,1.0707658955648354,1.3957860911422546,0.8239399365005605,0.23975160575164559,0.9088669647996469,9.107142857142858,4.519686177093536,0.45470888700223333,0.0,0.0,0.0,0.0,0.0,0,0,0,0,0,0.0,0.32142857142857145,0.3967524446960606,0.11875327764687041,0.8841705441627772,0.6080660025824424,0.0,0.35714285714285715,0.023958228503708517
557,112,100.0,112,0,111,1,0,0.0,1.0655781814792094,1.068658067214132,1.3540656364699903,0.8253404298384089,0.2518360189214957,0.9072079987116236,9.107142857142858,4.519686177093536,0.4538809730683513,0.6253505630695768,0.1403059438125961,1.0,0.3746494369304232,0.004745077787950122,0,0,0,1,0,0.0,0.3392857142857143,0.3922705644612492,0.12842133113337817,0.8802619649963039,0.6071644972419389,0.0,0.375,0.02397928956808152
558,112,100.0,112,0,111,1,0,0.0,1.0576373693204402,1.0609674746304676,1.3284007672202864,0.8263995527525033,0.25899710344942,0.9348478855285297,9.107142857142858,4.519686177093536,0.4497266433764522,0.6241365990237883,0.15201289134868629,1.0,0.37586340097621174,0.0030579752881562117,0,0,0,1,0,0.0,0.3392857142857143,0.38724491724881244,0.12594545468805346,0.8854024293361892,0.6002808586688537,0.0,0.375,0.02396352002326105
559,111,99.10714285714286,112,1,111,0,0,0.008928571428571428,1.06987379239081,1.0732706372401506,1.3851763244153112,0.8278455100935895,0.2502356911934971,0.9870781509236147,9.107142857142858,4.519686177093536,0.4524697034361105,0.6542284039346942,0.13312535575859757,1.0,0.34577159606530583,0.003819360629175386,0,1,0,0,0,0.0,0.30357142857142855,0.39366486296664677,0.1232801660028494,0.8931790463411009,0.6030580971543034,0.008928571428571428,0.3392857142857143,0.02405737850564877
560,111,99.10714285714286,112,0,111,1,0,0.0,1.0798726848508486,1.0832323541338076,1.4107110750880523,0.8295964533866724,0.2414942385987921,0.9751238743264086,9.107142857142858,4.519686177093536,0.45375190336361415,0.846651036240863,0.13916698556509757,1.0,0.15334896375913698,0.05302605013635059,0,0,0,1,0,0.0,0.32142857142857145,0.3953919960267277,0.12703371687887005,0.8970682492188966,0.6051749566175987,0.0,0.3392857142857143,0.02414694153894207
561,111,99.10714285714286,112,0,112,0,0,0.0,1.082211451187902,1.0854087737176323,1.4510745183091787,0.8313469534058379,0.24445908499710947,0.9568561249412293,9.107142857142858,4.519686177093536,0.4525439703449532,0.0,0.0,0.0,0.0,0.0,0,0,0,0,0,0.0,0.30357142857142855,0.3980347443431305,0.126639402817793,0.888124254644301,0.6014077283381126,0.0,0.3392857142857143,0.024198193924325456
562,111,99.10714285714286,112,0,112,0,0,0.0,1.0776271914670554,1.080848228124494,1.3848779498642354,0.8328534384385884,0.25161617475544756,0.9608573563906317,9.107142857142858,4.519686177093536,0.4506830547148122,0.0,0.0,0.0,0.0,0.0,0,0,0,0,0,0.0,0.32142857142857145,0.39101504651802915,0.1331683430153069,0.8786623221158595,0.6011524791970742,0.0,0.3392857142857143,0.02420931682361383
563,111,99.10714285714286,112,0,112,0,0,0.0,1.0971829443204242,1.100763390228814,1.5454597717804184,0.8350119173385737,0.2286360462213127,0.9259028791331072,9.107142857142858,4.519686177093536,0.45795999101670604,0.0,0.0,0.0,0.0,0.0,0,0,0,0,0,0.0,0.32142857142857145,0.40893385170054997,0.12354461116602146,0.8873732647539209,0.6111350161517385,0.0,0.375,0.02435587382411973
564,112,100.0,112,0,112,0,0,0.0,1.0967406775267736,1.1000822889234576,1.6689109452450968,0.8370482128528407,0.22800152227115114,0.9438549616285486,9.107142857142858,4.519686177093536,0.45796322946213985,0.0,0.0,0.0,0.0,0.0,0,0,0,0,0,0.0,0.33035714285714285,0.41932925457007025,0.10819319920322465,0.8842761995693307,0.6107172090853721,0.0,0.3392857142857143,0.02439967957359303
565,111,99.10714285714286,112,1,111,0,0,0.008928571428571428,1.0953507163140226,1.1008637203993443,1.691535582719466,0.8389559562027704,0.23203383561451188,0.95734464079279,9.107142857142858,4.519686177093536,0.4599590705167209,0.9999489566637627,0.24719731641920017,1.0,5.104333623728863e-05,0.0005958500933694322,0,1,0,0,0,1.0,0.3482142857142857,0.42254831861979497,0.11002232477208032,0.8964514868742894,0.6076820466156229,0.008928571428571428,0.3392857142857143,0.02443584177376987
566,111,99.10714285714286,112,0,112,0,0,0.0,1.0909555513945366,1.096494626826924,1.580889708557201,0.8406842726833867,0.23219804029352328,0.9481394467237687,9.107142857142858,4.519686177093536,0.4551148481632914,0.0,0.0,0.0,0.0,0.0,0,0,0,0,0,0.0,0.36607142857142855,0.40928331251840794,0.11786328336780506,0.8964514868742894,0.6042806783516335,0.0,0.3392857142857143,0.024452923189707865
567,111,99.10714285714286,112,0,112,0,0,0.0,1.095783031807325,1.1013841548072172,1.6513490988480581,0.8425112677391328,0.22573099117218018,0.9614956347799074,9.107142857142858,4.519686177093536,0.45858274874658567,0.0,0.0,0.0,0.0,0.0,0,0,0,0,0,0.0,0.35714285714285715,0.41740841895959047,0.11301998875916267,0.8886784621731249,0.6092855777165587,0.0,0.3392857142857143,0.024518347813267175
568,111,99.10714285714286,112,0,112,0,0,0.0,1.0929241262926825,1.0985866907027018,1.575518438891059,0.8441545390731351,0.23465410354471963,0.9530396545497943,9.107142857142858,4.519686177093536,0.45759698152148864,0.0,0.0,0.0,0.0,0.0,0,0,0,0,0,0.0,0.39285714285714285,0.4103229670171128,0.12213108238763978,0.8886784621731249,0.605318203481799,0.0,0.3392857142857143,0.024541188639361482
569,110,98.21428571428571,112,1,111,0,0,0.008928571428571428,1.0895442880648647,1.0968259203706605,1.567454455739238,0.8456037499181283,0.24781779172503096,0.9955694428098474,9.107142857142858,4.519686177093536,0.45656067051027893,0.9999999954360012,0.04900826362003621,1.0,4.563998845519279e-09,0.05116780123842313,0,1,0,0,0,1.0,0.375,0.4085748673886048,0.12380998712609041,0.8744945056352124,0.6029224148242004,0.008928571428571428,0.375,0.024557039339341443
570,111,99.10714285714286,112,0,112,0,0,0.0,1.0880606380856466,1.0945871720964575,1.4748046621473478,0.8469626382108801,0.25868476766721205,0.99008574083642,9.107142857142858,4.519686177093536,0.45324025379736366,0.0,0.0,0.0,0.0,0.0,0,0,0,0,0,0.0,0.375,0.39661405650538634,0.1405548795387714,0.8802800298559454,0.5970672016125071,0.0,0.3392857142857143,0.024580329832610177
571,111,99.10714285714286,112,0,112,0,0,0.0,1.096381518996074,1.1030945375561967,1.5776031166947997,0.8485677139938772,0.24322845381531216,0.972619736985335,9.107142857142858,4.519686177093536,0.45611630554482474,0.0,0.0,0.0,0.0,0.0,0,0,0,0,0,0.0,0.375,0.4065298153054952,0.12945842129455135,0.8514058592999665,0.6023042785494115,0.0,0.4107142857142857,0.02465820643131031
572,110,98.21428571428571,112,1,111,0,0,0.008928571428571428,1.0961677812666815,1.1003990938717598,1.4911615513624557,0.850068863519748,0.2560223197426243,0.9902492127033801,9.107142857142858,4.519686177093536,0.4536046818371171,0.9999999968804358,0.06503388086674244,1.0,3.1195641625458848e-09,0.025421397226534026,0,1,0,0,0,1.0,0.36607142857142855,0.3987424831078691,0.1414849746685631,0.8863572201868561,0.5990189973674216,0.008928571428571428,0.3392857142857143,0.02469106136647249
573,109,97.32142857142857,112,1,111,0,0,0.008928571428571428,1.1019704628149891,1.1061442999805597,1.6400185059295214,0.8516562826104388,0.2494203047355585,0.9658589314185736,9.107142857142858,4.519686177093536,0.4568649131216811,0.7953200414048429,0.2593516066485726,1.0,0.20467995859515709,0.008691168902978497,0,1,0,0,0,0.0,0.35714285714285715,0.41090097397140496,0.1192195566477654,0.8884152622709125,0.6060127720738839,0.008928571428571428,0.3392857142857143,0.024755947954821278
574,109,97.32142857142857,112,1,111,0,0,0.008928571428571428,1.0940707037113433,1.096418892194327,1.5814229253184828,0.8528776627855662,0.26186535923914406,0.9920015555941143,9.107142857142858,4.519686177093536,0.4542919768195708,0.999999260269735,0.27340761141160597,1.0,7.39730265042482e-07,-0.0005965940774576017,0,1,0,0,0,1.0,0.36607142857142855,0.4056009138204838,0.1161438397132916,0.8790330064929186,0.6009640179646792,0.008928571428571428,0.35714285714285715,0.024744050434775545
575,109,97.32142857142857,112,0,111,1,0,0.0,1.0988321807423718,1.1015204404168835,1.6163465288530416,0.854158482619834,0.26382959837413905,1.0159326241488535,9.107142857142858,4.519686177093536,0.4534992387927943,0.8367654922524458,0.20916308734498118,1.0,0.16323450774755421,0.0050616554386404,0,0,0,1,0,0.0,0.3482142857142857,0.4058617798116711,0.1146114827366228,0.8696310113233241,0.5961362777382094,0.0,0.35714285714285715,0.024796802338432126
576,109,97.32142857142857,112,0,112,0,0,0.0,1.0895615059377426,1.092620419280005,1.5558741554086803,0.8550596109970334,0.2695291163992344,1.0142525717664235,9.107142857142858,4.519686177093536,0.4494174579782084,0.0,0.0,0.0,0.0,0.0,0,0,0,0,0,0.0,0.35714285714285715,0.3989854664580711,0.11674773624431285,0.8650003695250922,0.5909277571984318,0.0,0.35714285714285715,0.024770813051760054
577,109,97.32142857142857,112,1,111,0,0,0.008928571428571428,1.0850520931228196,1.089593617467991,1.5722180313107001,0.8557582523996528,0.27283581508902854,1.010910317423342,9.107142857142858,4.519686177093536,0.4480086295563681,0.8263012570203352,0.20881906098901065,1.0,0.1736987429796648,0.0061829575756694455,1,0,0,0,0,0.0,0.33035714285714285,0.40017793889012093,0.10980454104832996,0.8730604806893442,0.5930755724840834,0.008928571428571428,0.32142857142857145,0.02476405418713626
578,108,96.42857142857143,112,2,110,0,0,0.017857142857142856,1.0993002222846835,1.1106978338040794,1.8297709658767567,0.8570299654738437,0.26465749450682413,1.0024265811956485,9.107142857142858,4.519686177093536,0.4510617192003201,0.9426311717855667,0.1603051118601743,1.0,0.05736882821443334,0.02062577316566036,0,2,0,0,0,0.5,0.32142857142857145,0.4159389638718977,0.09144759726403806,0.8797300365127239,0.5885881226961879,0.017857142857142856,0.35714285714285715,0.024864033552958825
579,107,95.53571428571429,112,2,108,0,2,0.017857142857142856,1.1111606931196143,1.119493392050801,1.8522167835348728,0.8588805094826395,0.30729423041305204,1.04999074596977,9.107142857142858,4.519686177093536,0.4506789673489082,0.9999963820235233,0.22267956366836406,1.0,3.6179764767996225e-06,0.01674273648297575,0,4,0,0,0,1.0,0.33035714285714285,0.41617989978133846,0.11569774855302992,0.856309978814804,0.5747626139868593,0.017857142857142856,0.375,0.02496515529801677
580,107,95.53571428571429,112,0,111,1,0,0.0,1.1037556168472549,1.1110528830971411,1.6067001270581278,0.8602346886798347,0.31840081517931734,1.05113312029799,9.107142857142858,4.519686177093536,0.44361947939464463,0.7153527272541722,0.2636980854702058,1.0,0.2846472727458278,0.0034410886890152703,0,0,1,0,0,0.0,0.32142857142857145,0.39199834047799953,0.12741964263997682,0.8780477501417303,0.5684699426167958,0.0,0.3392857142857143,0.024958732241649323
581,106,94.64285714285714,112,1,111,0,0,0.008928571428571428,1.115121833061618,1.121279089736633,1.650119934402679,0.8619512350662054,0.3105023924117737,1.0620280363042387,9.107142857142858,4.519686177093536,0.444224211254054,0.758375996582964,0.0056814497840752855,1.0,0.24162400341703605,0.02863419931806324,0,1,0,0,0,0.0,0.3125,0.39417976379723635,0.12133266481733783,0.8776871337754256,0.5730518878974371,0.008928571428571428,0.3035714285714286,0.02505435457759524
582,107,95.53571428571429,112,0,112,0,0,0.0,1.1111457191590577,1.1169703832705196,1.4967266055927964,0.8633805890535563,0.31737626739668884,1.0597226456277256,9.107142857142858,4.519686177093536,0.4396560606184672,0.0,0.0,0.0,0.0,0.0,0,0,0,0,0,0.0,0.30357142857142855,0.37858973604251783,0.13156332712991003,0.8748848025333977,0.5705106343839678,0.0,0.3035714285714286,0.025066775165376455
583,107,95.53571428571429,112,2,110,0,0,0.017857142857142856,1.1216510225812857,1.132328355133809,1.703611785188497,0.8651364035469306,0.31552980778219253,1.065505375970909,9.107142857142858,4.519686177093536,0.44289443852580246,0.788339753219905,0.19677410854557692,1.0,0.21166024678009493,0.009775636726531894,0,2,0,0,0,0.5,0.3125,0.39314900429211036,0.11870146797373066,0.875062513589938,0.5723210426004774,0.017857142857142856,0.3035714285714286,0.025158980334963818
584,108,96.42857142857143,112,1,111,0,0,0.008928571428571428,1.133048855631166,1.1443631226711508,1.8790294475224065,0.8674019756986282,0.311619336112979,1.0691399984998677,9.107142857142858,4.519686177093536,0.4475838662524727,0.7776564691989336,0.1104263382551286,1.0,0.2223435308010664,0.03412331709464938,1,0,0,0,0,0.0,0.30357142857142855,0.40866389244647155,0.10698904564769832,0.8823280073470743,0.57801567202619,0.008928571428571428,0.32142857142857145,0.025267167875899395
585,107,95.53571428571429,112,1,111,0,0,0.008928571428571428,1.1402295258422996,1.1486896095117232,1.9848099440611504,0.8698392442671338,0.3224809533167698,1.085236417169037,9.107142857142858,4.519686177093536,0.44927826086707157,0.9999999999417923,0.003800099382349892,1.0,5.820766091346741e-11,0.0604582314339122,0,1,0,0,0,1.0,0.32142857142857145,0.4154273264720451,0.10408985527590567,0.8935100566789143,0.5744975930005044,0.008928571428571428,0.2857142857142857,0.025358149672249763
586,108,96.42857142857143,112,0,112,0,0,0.0,1.1289880940490513,1.1371203771038132,1.827349098276265,0.8716406581817571,0.3288145552023517,1.0887414979727363,9.107142857142858,4.519686177093536,0.4465941341743256,0.0,0.0,0.0,0.0,0.0,0,0,0,0,0,0.0,0.32142857142857145,0.4053031615585025,0.11392002452954214,0.9044233032002487,0.5744657811167576,0.0,0.2857142857142857,0.025342651641129255
587,108,96.42857142857143,112,0,112,0,0,0.0,1.1270755823886869,1.134867881591574,1.7492603856821494,0.8732792092580439,0.32650400692138415,1.073761109336228,9.107142857142858,4.519686177093536,0.44513026953152646,0.0,0.0,0.0,0.0,0.0,0,0,0,0,0,0.0,0.3125,0.39849230833336274,0.10707324540184672,0.8942632674234119,0.5835792912452522,0.0,0.25,0.02537011776607721
588,110,98.21428571428571,112,0,112,0,0,0.0,1.1309256928967788,1.1388900050474857,1.9075022796499157,0.8749891328541212,0.3332171284123068,1.0963214092315783,9.107142857142858,4.519686177093536,0.4459548510593978,0.0,0.0,0.0,0.0,0.0,0,0,0,0,0,0.0,0.3392857142857143,0.4075504959444812,0.10085913149045529,0.886007686164004,0.5805923304448328,0.0,0.25,0.02542800990882305
589,111,99.10714285714286,112,0,112,0,0,0.0,1.1378802649873567,1.1457704654859553,1.9721309253502846,0.8768705534452742,0.3302869024463103,1.0932626304266233,9.107142857142858,4.519686177093536,0.44744731542637406,0.0,0.0,0.0,0.0,0.0,0,0,0,0,0,0.0,0.3125,0.4119271563881179,0.0952537552465971,0.8863137314070356,0.5811404592105942,0.0,0.2857142857142857,0.025505299922471605
590,112,100.0,112,0,112,0,0,0.0,1.1383482262673987,1.1465452800039562,2.13700431285851,0.8786949550777703,0.3257880202027906,1.0899468160488672,9.107142857142858,4.519686177093536,0.44873177993012003,0.0,0.0,0.0,0.0,0.0,0,0,0,0,0,0.0,0.3125,0.422897992666372,0.08193500529194586,0.8726677039154436,0.583524204083629,0.0,0.3214285714285714,0.025548868343071116
591,112,100.0,112,0,112,0,0,0.0,1.134784724221554,1.143033312508558,2.0684014615166,0.8803099155543209,0.3260467636645656,1.068777527938358,9.107142857142858,4.519686177093536,0.4478590595277805,0.0,0.0,0.0,0.0,0.0,0,0,0,0,0,0.0,0.3125,0.4187371165363275,0.08567702580492963,0.866287971772766,0.5829928046495176,0.0,0.2857142857142857,0.025567546405553983
592,112,100.0,112,0,112,0,0,0.0,1.1448113360270398,1.1533824546932419,2.396236995865211,0.8822260838844627,0.3030957297515787,1.0365658747237705,9.107142857142858,4.519686177093536,0.45801420079299104,0.0,0.0,0.0,0.0,0.0,0,0,0,0,0,0.0,0.3125,0.4467976719241768,0.07550960335712828,0.8797537324216823,0.5910454263747724,0.0,0.2857142857142857,0.02566098186215504
593,111,99.10714285714286,112,1,111,0,0,0.008928571428571428,1.155058397536428,1.1687442575667681,2.773442512220127,0.8844376361407996,0.3045548383824454,1.0783667780454986,9.107142857142858,4.519686177093536,0.461611176307539,0.9999985367732338,0.2670473475518549,1.0,1.4632267661962572e-06,0.017672916548904127,0,1,0,0,0,1.0,0.30357142857142855,0.4656048243020832,0.06475169384908777,0.8751559965668194,0.5817173622996832,0.008928571428571428,0.2857142857142857,0.025762194780516414
594,110,98.21428571428571,112,1,110,0,1,0.008928571428571428,1.155964929556611,1.1649818252486048,2.5732438947854823,0.8867515961676508,0.318069802379516,1.0960754422621268,9.107142857142858,4.519686177093536,0.4589227269765943,0.9999662483116004,0.18932418815735066,1.0,3.3751688399585866e-05,0.026070281223639025,0,2,0,0,0,1.0,0.2857142857142857,0.4553588844273044,0.08149556498068877,0.8607365256140856,0.5870330047185186,0.008928571428571428,0.3214285714285714,0.02581901930635586
595,109,97.32142857142857,112,1,111,0,0,0.008928571428571428,1.1620802309251812,1.1718583874584187,2.8227936151358004,0.8890257763904719,0.32737161889409533,1.1363303795007555,9.107142857142858,4.519686177093536,0.4584091793603968,0.9991634035189132,0.2847337197657378,1.0,0.0008365964810868043,0.010117623821481736,1,0,0,0,0,1.0,0.29464285714285715,0.4649914751894072,0.07355197537756267,0.8707796761170277,0.5889611479038884,0.008928571428571428,0.2857142857142857,0.02590098871778523
596,107,95.53571428571429,112,2,109,0,1,0.017857142857142856,1.1648569680732919,1.1693726419170407,2.8591304946565415,0.891320271821378,0.3291141248539882,1.1445788722873522,9.107142857142858,4.519686177093536,0.4597915964817434,0.8956820784415068,0.26888700817916206,1.0,0.10431792155849329,0.006831842872047078,0,3,0,0,0,0.6666666666666666,0.29464285714285715,0.4681795114346805,0.07487708778215411,0.858295720541739,0.5863201388555258,0.017857142857142856,0.3392857142857143,0.025966724399938135
597,106,94.64285714285714,112,1,111,0,0,0.008928571428571428,1.152684868311195,1.155733727765039,2.3578213749848587,0.892842946580637,0.334496027905863,1.0953436592847132,9.107142857142858,4.519686177093536,0.4561829464160385,0.9864215199119148,0.003850688714356203,1.0,0.013578480088085154,0.03151754037126381,0,1,0,0,0,1.0,0.29464285714285715,0.44290088387237125,0.0842512522184008,0.8622770186140216,0.5896904580649718,0.008928571428571428,0.3392857142857143,0.025940273961435813
598,107,95.53571428571429,112,0,112,0,0,0.0,1.1459282687096288,1.14916003660337,2.257757333336553,0.894039989202514,0.3354592882186174,1.1092769717046822,9.107142857142858,4.519686177093536,0.4559290148293802,0.0,0.0,0.0,0.0,0.0,0,0,0,0,0,0.0,0.30357142857142855,0.4392432977837924,0.09126101372845134,0.872104092757177,0.5877303156301935,0.0,0.375,0.02593354224838543
599,108,96.42857142857143,112,0,112,0,0,0.0,1.1566070710061105,1.1601468541783844,2.4568187895318836,0.8955801849946682,0.32879527953466264,1.1030391678385743,9.107142857142858,4.519686177093536,0.45804320574140256,0.0,0.0,0.0,0.0,0.0,0,0,0,0,0,0.0,0.3125,0.44963787901602753,0.07651501285501544,0.8482444687593489,0.5948011473153488,0.0,0.3392857142857143,0.02602174226802692
600,109,97.32142857142857,112,0,112,0,0,0.0,1.1550549245272828,1.1586981269268941,2.3798594874694263,0.8969983864302407,0.32730468353036113,1.1032708905220114,9.107142857142858,4.519686177093536,0.4576116656046241,0.0,0.0,0.0,0.0,0.0,0,0,0,0,0,0.0,0.3392857142857143,0.44555470201363806,0.07939305821757627,0.8453730358615985,0.593936677212666,0.0,0.375,0.02604603066275624
601,110,98.21428571428571,112,1,111,0,0,0.008928571428571428,1.1691637297375095,1.1748214909412749,2.6830848427741874,0.8988726486655808,0.3056614514058594,1.0773894929517793,9.107142857142858,4.519686177093536,0.4625380349923629,0.9999974630456303,0.010066603562664773,1.0,2.536954369691813e-06,0.028761188924082026,0,1,0,0,0,1.0,0.33035714285714285,0.4642177279052117,0.0727420999986777,0.832989026744165,0.6016817378455622,0.008928571428571428,0.39285714285714285,0.02615893007439395
602,109,97.32142857142857,112,2,110,0,0,0.017857142857142856,1.1822796831050684,1.186364164543545,3.0052503381710753,0.9012189576704406,0.30088076529450675,1.094938928300698,9.107142857142858,4.519686177093536,0.4648632919730873,0.9257034508884017,0.19514621641201527,1.0,0.07429654911159839,-0.0006465965518302613,0,2,0,0,0,0.5,0.3125,0.48243840960571166,0.08622984157999916,0.8181785444055283,0.6141440037016691,0.017857142857142856,0.46428571428571425,0.026277532743114018
603,109,97.32142857142857,112,0,112,0,0,0.0,1.175892027072877,1.1800085065787913,2.6889833429615857,0.903152834103559,0.31695771176491566,1.141067424548419,9.107142857142858,4.519686177093536,0.45757574430911596,0.0,0.0,0.0,0.0,0.0,0,0,0,0,0,0.0,0.29464285714285715,0.4590784029100444,0.09741552716800948,0.8441459102194011,0.6068483512047823,0.0,0.39285714285714285,0.026289297035867923
604,109,97.32142857142857,112,0,112,0,0,0.0,1.1750015718194131,1.1792357450568345,2.774388180832407,0.9049713642742956,0.31660351611022486,1.1612690698200197,9.107142857142858,4.519686177093536,0.45638318896003893,0.0,0.0,0.0,0.0,0.0,0,0,0,0,0,0.0,0.2857142857142857,0.462844388461107,0.09527216523135812,0.862299095082386,0.6011627881618914,0.0,0.42857142857142855,0.02632594068797713
605,109,97.32142857142857,112,0,112,0,0,0.0,1.167306548247295,1.1715667433664445,2.57471456765236,0.906430410740822,0.3323575471685828,1.1665295384912877,9.107142857142858,4.519686177093536,0.45295609736354314,0.0,0.0,0.0,0.0,0.0,0,0,0,0,0,0.0,0.29464285714285715,0.44884043645725213,0.09776341560848469,0.8694825163059663,0.5999439197097686,0.0,0.39285714285714285,0.026320437730849022
606,110,98.21428571428571,112,0,112,0,0,0.0,1.168963584649118,1.1733590285456903,2.6306672185947395,0.9078883174182836,0.3382209889171051,1.1842635328596391,9.107142857142858,4.519686177093536,0.4533784989627274,0.0,0.0,0.0,0.0,0.0,0,0,0,0,0,0.0,0.3125,0.4518108125528462,0.09892308002292026,0.8569036590248267,0.5998563648610472,0.0,0.39285714285714285,0.026361669316146214
607,112,100.0,112,0,112,0,0,0.0,1.1740710726667891,1.1784646142459896,2.6774221990391394,0.9094649364500942,0.3238751389986852,1.162852524814314,9.107142857142858,4.519686177093536,0.4550851197554624,0.0,0.0,0.0,0.0,0.0,0,0,0,0,0,0.0,0.3125,0.4550788383550914,0.10128116027193601,0.8622945296574727,0.5981930834871152,0.0,0.39285714285714285,0.026422835872457657
608,112,100.0,112,0,112,0,0,0.0,1.1821881345642957,1.18664628742019,2.675527531870793,0.9112661260106658,0.33155458208915467,1.1753221062003756,9.107142857142858,4.519686177093536,0.45320270498482196,0.0,0.0,0.0,0.0,0.0,0,0,0,0,0,0.0,0.30357142857142855,0.4510316714936192,0.10941894056908603,0.8838563069240473,0.593616546174369,0.0,0.39285714285714285,0.026504125239741393
609,112,100.0,112,0,112,0,0,0.0,1.1903615687523994,1.1950546387797754,2.815603030875441,0.9132899323309418,0.3328279473931029,1.1792878218693938,9.107142857142858,4.519686177093536,0.45590116693086236,0.0,0.0,0.0,0.0,0.0,0,0,0,0,0,0.0,0.29464285714285715,0.4585991447566444,0.11039239711125173,0.8557405686005513,0.5904503547028713,0.0,0.42857142857142855,0.02659072725793624
610,112,100.0,112,0,112,0,0,0.0,1.1861369011440235,1.190925885644382,2.5902114855816563,0.9150729836089115,0.3441938709973038,1.1743143988763118,9.107142857142858,4.519686177093536,0.4530277966937999,0.0,0.0,0.0,0.0,0.0,0,0,0,0,0,0.0,0.30357142857142855,0.4452239804406434,0.12130876308518274,0.8602865054537497,0.5833476375518475,0.0,0.39285714285714285,0.026609898080964804
611,112,100.0,112,0,112,0,0,0.0,1.191358635957659,1.1960302344769411,2.8026672263525336,0.9169600070036332,0.32728992710573157,1.1322445015267515,9.107142857142858,4.519686177093536,0.457162157104956,0.0,0.0,0.0,0.0,0.0,0,0,0,0,0,0.0,0.30357142857142855,0.46029864168603785,0.11181738093741277,0.85763681054756,0.5892958923924654,0.0,0.42857142857142855,0.02667865052279786
612,112,100.0,112,0,112,0,0,0.0,1.186052121666781,1.1905101581751694,2.6077363149361816,0.9185621507623641,0.3304729084219032,1.1302790618948566,9.107142857142858,4.519686177093536,0.45695611290721394,0.0,0.0,0.0,0.0,0.0,0,0,0,0,0,0.0,0.3125,0.4515150197996013,0.12197417574004231,0.8781793203040507,0.5892297351484405,0.0,0.39285714285714285,0.026688323886343734
613,111,99.10714285714286,112,1,111,0,0,0.008928571428571428,1.2109111710687006,1.212894440992008,2.9773856582299025,0.9209990689667568,0.32401243577231187,1.1340797106834672,9.107142857142858,4.519686177093536,0.46232884515546857,0.8026312936435468,0.15432205112410458,1.0,0.1973687063564532,0.042576738305834444,0,1,0,0,0,0.0,0.30357142857142855,0.4728174053794116,0.1104770456766558,0.8592890871410733,0.5923707795105572,0.008928571428571428,0.42857142857142855,0.02686768966096884
614,110,98.21428571428571,112,1,111,0,0,0.008928571428571428,1.2202547249671802,1.222824417771024,3.3304603493992997,0.9235658562139127,0.3098301889705942,1.1505442502892171,9.107142857142858,4.519686177093536,0.463729453946331,0.9639216591498454,0.24263100363119766,1.0,0.0360783408501546,0.009563812065584099,0,1,0,0,0,1.0,0.3125,0.4883179356806747,0.10268592296798634,0.8257180101589429,0.5920391272243382,0.008928571428571428,0.44642857142857145,0.02697241279466379
615,109,97.32142857142857,112,1,111,0,0,0.008928571428571428,1.2127276722374394,1.2136153968492849,3.163854924113169,0.925759102612324,0.3219745998762402,1.147308461408397,9.107142857142858,4.519686177093536,0.4630560407108142,0.9407192192229805,0.25417557454608697,1.0,0.05928078077701948,0.006793018998046685,1,0,0,0,0,0.0,0.3125,0.4806673665140953,0.10277154113296995,0.8799287680394567,0.5967820923860587,0.008928571428571428,0.375,0.026984341458164383
616,109,97.32142857142857,112,0,112,0,0,0.0,1.2118543462537468,1.21266909033988,2.6790777502456753,0.9277647662183517,0.33259328933324717,1.138055636095484,9.107142857142858,4.519686177093536,0.4554285177583921,0.0,0.0,0.0,0.0,0.0,0,0,0,0,0,0.0,0.32142857142857145,0.4468936248239057,0.12164938987081121,0.8698852831230621,0.5938282820083539,0.0,0.3392857142857143,0.027025299678626238
617,109,97.32142857142857,112,0,112,0,0,0.0,1.2183887379267127,1.2193685262597982,3.0552177453324445,0.929922014906991,0.3293704262358192,1.1607299882853759,9.107142857142858,4.519686177093536,0.4606078168680128,0.0,0.0,0.0,0.0,0.0,0,0,0,0,0,0.0,0.29464285714285715,0.47016615499225134,0.11320479047216411,0.8900655089248308,0.5920679287485593,0.0,0.3392857142857143,0.027106722072384046
618,110,98.21428571428571,112,0,112,0,0,0.0,1.235525696002886,1.236620593237141,3.281205523299834,0.932605554153995,0.3049147113024599,1.1216661460798416,9.107142857142858,4.519686177093536,0.46585707341541127,0.0,0.0,0.0,0.0,0.0,0,0,0,0,0,0.0,0.2857142857142857,0.483824540602436,0.10775829403439571,0.8797452812520482,0.6037436688397415,0.0,0.4107142857142857,0.027253050638966776
619,109,97.32142857142857,112,2,110,0,0,0.017857142857142856,1.2424749445240113,1.2405911024770209,3.371600775004489,0.9354180395108264,0.3061915316681901,1.1172829401716273,9.107142857142858,4.519686177093536,0.46909704128120855,0.9994566297509703,0.07115169371615321,1.0,0.0005433702490297287,0.05065831875492002,0,2,0,0,0,1.0,0.2857142857142857,0.4937786248836516,0.10059182782498975,0.9017606485094121,0.6133215151373952,0.017857142857142856,0.33928571428571425,0.02735135463752514
620,108,96.42857142857143,112,2,110,0,0,0.017857142857142856,1.2582010327375657,1.2522923551283973,3.5158666500370104,0.9385662952069003,0.30563075012869734,1.146888998005802,9.107142857142858,4.519686177093536,0.4738074939566874,0.9106221849760151,0.19293148208877603,1.0,0.0893778150239849,0.029595897915191127,0,2,0,0,0,0.5,0.3125,0.5041631292016151,0.10026703287586865,0.8985582594311772,0.6203063097827018,0.017857142857142856,0.3928571428571429,0.02750113071735042
621,107,95.53571428571429,112,1,111,0,0,0.008928571428571428,1.272611006945522,1.2632085512417466,3.404657544421936,0.941946042675172,0.31577655080068123,1.132256191138086,9.107142857142858,4.519686177093536,0.4764047858599436,0.9999999999417923,0.1718812957438231,1.0,5.820766091346741e-11,0.044264115140985064,0,1,0,0,0,1.0,0.32142857142857145,0.5006830317381614,0.10863967156625527,0.8834986131944875,0.6229621894505551,0.008928571428571428,0.42857142857142855,0.027649557577962273
622,107,95.53571428571429,112,0,112,0,0,0.0,1.2800383895055032,1.2702384114431775,3.5400844065872747,0.9453016695072064,0.3120784267090629,1.1585685317687167,9.107142857142858,4.519686177093536,0.47894517558451777,0.0,0.0,0.0,0.0,0.0,0,0,0,0,0,0.0,0.33035714285714285,0.5087704963247638,0.10644063657275994,0.9020049966190159,0.62958783441424,0.0,0.39285714285714285,0.02776252639180333
623,107,95.53571428571429,112,0,112,0,0,0.0,1.3003616111684972,1.2900655869543791,4.078112368707764,0.949222533425869,0.28782037344385886,1.124858253439073,9.107142857142858,4.519686177093536,0.4869837410009723,0.0,0.0,0.0,0.0,0.0,0,0,0,0,0,0.0,0.33035714285714285,0.5378962682620513,0.09529504694902799,0.9133428039106859,0.6432624597723119,0.0,0.35714285714285715,0.027952747872395524
624,108,96.42857142857143,112,1,111,0,0,0.008928571428571428,1.3017110489214463,1.297208282936173,4.127504803616232,0.9530183034752578,0.2900589414730665,1.1681651466946907,9.107142857142858,4.519686177093536,0.48898889654441335,0.9999999999417055,0.22487452936674956,1.0,5.82944803539931e-11,-0.00016498075848114802,0,1,0,0,0,1.0,0.32142857142857145,0.5425444122062169,0.10037440233624323,0.892364286951308,0.6309392069738768,0.008928571428571428,0.41071428571428575,0.028045273508278512
625,109,97.32142857142857,112,1,111,0,0,0.008928571428571428,1.301516423729284,1.2979287728900797,4.14455077476092,0.956842519475613,0.29061302466131506,1.1455815974767383,9.107142857142858,4.519686177093536,0.48930454714963845,0.9746527344644459,0.00786820430940626,1.0,0.02534726553555411,0.03941803394931637,0,1,0,0,0,1.0,0.32142857142857145,0.5437158139175342,0.10115249393416056,0.8914631711962332,0.6361965602130132,0.008928571428571428,0.41071428571428575,0.028130721663292824
626,110,98.21428571428571,112,0,112,0,0,0.0,1.3077159770967821,1.3039081342169063,4.0771241072637245,0.9607422849496801,0.2912106669974071,1.1383037786788723,9.107142857142858,4.519686177093536,0.48678132468439284,0.0,0.0,0.0,0.0,0.0,0,0,0,0,0,0.0,0.32142857142857145,0.5356339575478477,0.10400772205313595,0.8930576973393324,0.6305567089602084,0.0,0.41071428571428575,0.028249848010665553
627,110,98.21428571428571,112,0,112,0,0,0.0,1.2939682254004345,1.2906049011137237,3.8062685260543008,0.9639847817525398,0.31117229176897343,1.142288435630441,9.107142857142858,4.519686177093536,0.4836263787198891,0.0,0.0,0.0,0.0,0.0,0,0,0,0,0,0.0,0.33035714285714285,0.5244121453597794,0.11260775135974617,0.8903447687879639,0.6249848633063184,0.0,0.375,0.02825438459207959
628,110,98.21428571428571,112,0,112,0,0,0.0,1.2911687230129314,1.288080864869584,3.7026633988188906,0.9669894650618228,0.31159461178442804,1.1523290482828574,9.107142857142858,4.519686177093536,0.4841712762328647,0.0,0.0,0.0,0.0,0.0,0,0,0,0,0,0.0,0.3392857142857143,0.5240234910848953,0.11409141717594935,0.8822399833841474,0.6276814581677471,0.0,0.375,0.028308288208239624
629,110,98.21428571428571,112,1,111,0,0,0.008928571428571428,1.3004723650317633,1.2985317906291352,3.78385734269111,0.9701715541673166,0.32034602052227523,1.1449859636269402,9.107142857142858,4.519686177093536,0.4844703063542195,0.9545181092546617,0.31344579335502176,1.0,0.04548189074533826,0.01065075134797766,0,1,0,0,0,1.0,0.3392857142857143,0.5235294794352645,0.11720177598145656,0.8762525837243654,0.6283077207239913,0.008928571428571428,0.35714285714285715,0.028426716639055688
630,111,99.10714285714286,112,0,112,0,0,0.0,1.327506578218319,1.3251168229529837,4.489597573019374,0.9742357420414006,0.28751562484266824,1.1228180312530909,9.107142857142858,4.519686177093536,0.49165348001622866,0.0,0.0,0.0,0.0,0.0,0,0,0,0,0,0.0,0.32142857142857145,0.5564322532478727,0.10273174474167261,0.8827563273449491,0.635542784990829,0.0,0.39285714285714285,0.028653731973766507
631,110,98.21428571428571,112,1,111,0,0,0.008928571428571428,1.359188173630446,1.3547523835417996,5.104435067059773,0.9792559250905567,0.24322124954170593,1.1059440532520346,9.107142857142858,4.519686177093536,0.5029090742279299,0.9999558839063801,0.29834100822374954,1.0,4.4116093619872565e-05,0.0076069334968353886,1,0,0,0,0,1.0,0.3392857142857143,0.5890982860004339,0.09632938880008837,0.854189082761302,0.6444216811217837,0.008928571428571428,0.41071428571428575,0.028925588210495894
632,109,97.32142857142857,112,1,110,1,0,0.008928571428571428,1.3709081621748704,1.3649556827214577,5.01613069308644,0.9844068825716306,0.24340586507721165,1.1060815821929797,9.107142857142858,4.519686177093536,0.5025331387988456,0.8175740945614215,0.27442107898696694,1.0,0.1824259054385785,-0.0012078542466996134,1,0,0,1,0,0.5,0.32142857142857145,0.5836717019069722,0.09541494243589377,0.8703822306879492,0.6450235550535484,0.008928571428571428,0.35714285714285715,0.029100591709848047
633,107,95.53571428571429,112,2,110,0,0,0.017857142857142856,1.3923876974742344,1.3862307800036562,5.695126982179736,0.9900360022608993,0.2204662266591059,1.1017413957492839,9.107142857142858,4.519686177093536,0.5098232695896252,0.7730545462787316,0.23580698732190694,1.0,0.2269454537212684,0.021674696024920226,0,2,0,0,0,0.0,0.3392857142857143,0.6115236179993009,0.08801462956623209,0.8582410119052135,0.6481360258337119,0.017857142857142856,0.39285714285714285,0.02933519865858883
634,107,95.53571428571429,112,1,111,0,0,0.008928571428571428,1.4093074017113902,1.4137245184171117,5.912435174026205,0.996017811341346,0.22494688649584368,1.1011925043347675,9.107142857142858,4.519686177093536,0.5120922941036845,0.9589040465452209,0.1925942096088257,1.0,0.04109595345477912,0.05202634487551766,0,1,0,0,0,1.0,0.3125,0.6108968520825445,0.09203194756432684,0.8228230899158065,0.6394089922279547,0.008928571428571428,0.39285714285714285,0.029554976678849147
635,105,93.75,112,2,109,0,1,0.017857142857142856,1.4060901700813775,1.4173097146052158,5.797430353549977,1.0019929819119757,0.2515317664846792,1.1178303136547492,9.107142857142858,4.519686177093536,0.5108215372665559,0.98196386959084,0.0959022679654173,1.0,0.01803613040915993,0.027309336114530954,0,3,0,0,0,1.0,0.30357142857142855,0.605071089991828,0.08866029380548544,0.8480483688524842,0.626771357774612,0.017857142857142856,0.375,0.02967391999986834
636,105,93.75,112,1,111,0,0,0.008928571428571428,1.4282665152903107,1.451898920480172,6.719007743692068,1.0087685618770226,0.21142723054084858,1.1052882492713614,9.107142857142858,4.519686177093536,0.5179841116074266,0.9999999999417923,0.25555920092300954,1.0,5.820766091346741e-11,0.010486233473180895,0,1,0,0,0,1.0,0.3125,0.6364471107370188,0.07992505969088005,0.8689071320742889,0.6256974440271346,0.008928571428571428,0.375,0.029937919201462077
637,104,92.85714285714286,112,2,109,0,1,0.017857142857142856,1.4166206588109893,1.4278200600012265,6.252931700545136,1.0152489810680394,0.2964852430785131,1.2647765223052052,9.107142857142858,4.519686177093536,0.5154224199938346,0.9994564589190903,0.2262069331362598,1.0,0.0005435410809097411,0.039281529843136286,2,1,0,0,0,1.0,0.2857142857142857,0.6269205642924808,0.1142684088766597,0.8532553430931149,0.5983116156518671,0.017857142857142856,0.4107142857142857,0.030026137224262523
638,106,94.64285714285714,112,0,112,0,0,0.0,1.432274947764818,1.443852052369349,6.582909069721929,1.021568978510519,0.2741590378384703,1.2494183161918453,9.107142857142858,4.519686177093536,0.5177149768887066,0.0,0.0,0.0,0.0,0.0,0,0,0,0,0,0.0,0.29464285714285715,0.6370444186249113,0.11069164488576076,0.8399834481886339,0.600316753238432,0.0,0.4107142857142857,0.030247230694431873
639,107,95.53571428571429,112,0,112,0,0,0.0,1.4240456636138188,1.4354436369992338,6.168434844720326,1.0272993047124421,0.2836196761951287,1.2363416764497093,9.107142857142858,4.519686177093536,0.5147851429235044,0.0,0.0,0.0,0.0,0.0,0,0,0,0,0,0.0,0.2857142857142857,0.6219320616300983,0.11776097093216252,0.8560852040665657,0.601959957037094,0.0,0.4107142857142857,0.03033558065430222
640,109,97.32142857142857,112,0,112,0,0,0.0,1.4476212341508448,1.459367566503594,6.746256125502736,1.0336356673809752,0.2801557166560436,1.2351777860324964,9.107142857142858,4.519686177093536,0.5189187230321872,0.0,0.0,0.0,0.0,0.0,0,0,0,0,0,0.0,0.2857142857142857,0.6397544837939941,0.10870281887759005,0.8671266149623906,0.6072392371104759,0.0,0.375,0.030596650360817455
641,110,98.21428571428571,112,0,112,0,0,0.0,1.455050350873959,1.4665250166218462,7.5343977392167805,1.0399444417687498,0.27432309440678865,1.2442613194939105,9.107142857142858,4.519686177093536,0.5221283213476282,0.0,0.0,0.0,0.0,0.0,0,0,0,0,0,0.0,0.2857142857142857,0.6624825298956291,0.0999912492179139,0.8577719254920914,0.6098431520905494,0.0,0.37499999999999994,0.030776364346407157
642,111,99.10714285714286,112,1,111,0,0,0.008928571428571428,1.4565280993681395,1.460918856589013,7.658986618906669,1.0459969316046749,0.29898859297491004,1.2740712796276448,9.107142857142858,4.519686177093536,0.5226651588897078,0.987018393435747,0.15740583041905284,1.0,0.012981606564252957,0.04908814090864623,0,1,0,0,0,1.0,0.29464285714285715,0.6663413376729507,0.09806935733642205,0.8612595999081796,0.5965499286336663,0.008928571428571428,0.37499999999999994,0.030920529862120207
643,111,99.10714285714286,112,0,112,0,0,0.0,1.4590404361119789,1.4634584129141042,7.642737167988448,1.0516361349509087,0.3086505740499131,1.3024874079142232,9.107142857142858,4.519686177093536,0.5215230228750534,0.0,0.0,0.0,0.0,0.0,0,0,0,0,0,0.0,0.30357142857142855,0.6616692607449697,0.09849955795585798,0.8546786368668984,0.5944572954935597,0.0,0.4107142857142857,0.031060528692908367
644,111,99.10714285714286,112,0,112,0,0,0.0,1.479403975111449,1.4841318969103796,8.019079877844101,1.0577679652818073,0.286076132860393,1.3102309572253792,9.107142857142858,4.519686177093536,0.5293786940097751,0.0,0.0,0.0,0.0,0.0,0,0,0,0,0,0.0,0.29464285714285715,0.6792130385916986,0.09718575178122556,0.8296362103245043,0.6037668577787242,0.0,0.4107142857142857,0.03130091613183995
645,111,99.10714285714286,112,0,112,0,0,0.0,1.4792068341257818,1.483958750442521,7.1670189535838755,1.0636163955832585,0.3108328471943581,1.3060162916043032,9.107142857142858,4.519686177093536,0.5249291727104495,0.0,0.0,0.0,0.0,0.0,0,0,0,0,0,0.0,0.30357142857142855,0.649373875118629,0.11232163795093789,0.8373212674388976,0.596903439657095,0.0,0.4107142857142857,0.03143209577486743
646,111,99.10714285714286,112,0,112,0,0,0.0,1.463219130950128,1.4678667129613812,6.832991444702557,1.0686186475138797,0.3276630213520669,1.3366086117978393,9.107142857142858,4.519686177093536,0.5233277771218952,0.0,0.0,0.0,0.0,0.0,0,0,0,0,0,0.0,0.29464285714285715,0.6424929780073175,0.11813919743871931,0.8278836719754645,0.5958961049871692,0.0,0.4107142857142857,0.031465200303515
647,112,100.0,112,0,112,0,0,0.0,1.4680990834541663,1.4725968386329709,6.852630379054123,1.0735658428243595,0.3394059295590574,1.3368442883068377,9.107142857142858,4.519686177093536,0.5224698171245523,0.0,0.0,0.0,0.0,0.0,0,0,0,0,0,0.0,0.2857142857142857,0.6393633690832512,0.12070243318350238,0.8330130188172311,0.5938515837033405,0.0,0.4107142857142857,0.03160139891733598
648,112,100.0,112,0,112,0,0,0.0,1.4714237564695785,1.4759666819503836,7.045774531432393,1.0784112855063233,0.3371153779146571,1.331844789814583,9.107142857142858,4.519686177093536,0.5252944545281126,0.0,0.0,0.0,0.0,0.0,0,0,0,0,0,0.0,0.30357142857142855,0.6475614371725102,0.11997632136708065,0.8287668895118909,0.5914451919384047,0.0,0.44642857142857145,0.031727521683970895
649,112,100.0,112,0,112,0,0,0.0,1.4489428393397616,1.4535519619230115,6.225535254696773,1.0822272693830024,0.35458966315176527,1.3361142554240217,9.107142857142858,4.519686177093536,0.5203687866911233,0.0,0.0,0.0,0.0,0.0,0,0,0,0,0,0.0,0.29464285714285715,0.6225238714566222,0.1293174939402023,0.8583599602272092,0.5840944094080938,0.0,0.4107142857142857,0.031701352346219
650,112,100.0,112,0,112,0,0,0.0,1.452752863821787,1.4574647347169771,6.294892862295964,1.0860122588047751,0.3543422506600586,1.3382408915497483,9.107142857142858,4.519686177093536,0.5206514404515634,0.0,0.0,0.0,0.0,0.0,0,0,0,0,0,0.0,0.2857142857142857,0.6228056557612017,0.1359846504310442,0.8613123460276297,0.5753219572195951,0.0,0.4107142857142857,0.031805937290479286
651,112,100.0,112,0,112,0,0,0.0,1.4592372627554167,1.4641914337518962,6.145128660368775,1.0898693991320119,0.3474434158173345,1.3563800946195126,9.107142857142858,4.519686177093536,0.5219004515094454,0.0,0.0,0.0,0.0,0.0,0,0,0,0,0,0.0,0.2857142857142857,0.6196375853945623,0.13892487677921475,0.852462682044222,0.5820566187002099,0.0,0.4107142857142857,0.031925524604248044
652,112,100.0,112,0,112,0,0,0.0,1.4478503398520763,1.4527166661915059,5.619660248812704,1.0931373100344233,0.3623366188844938,1.3687115493985529,9.107142857142858,4.519686177093536,0.5164030522975407,0.0,0.0,0.0,0.0,0.0,0,0,0,0,0,0.0,0.30357142857142855,0.6002919348834432,0.1475243311849311,0.8686044962433715,0.5799661326328879,0.0,0.41071428571428575,0.03194243964839935
653,111,99.10714285714286,112,1,111,0,0,0.008928571428571428,1.4960662151034516,1.4961212510633644,6.671060165493783,1.097997427811316,0.31480621414296267,1.3000765907917764,9.107142857142858,4.519686177093536,0.5265561364162892,0.9955165112269329,0.20459020146126594,1.0,0.004483488773067146,0.0584868567667331,0,1,0,0,0,1.0,0.30357142857142855,0.6383577528804295,0.15890045003503428,0.8718272624759159,0.5935389736197683,0.008928571428571428,0.41071428571428575,0.03229335006033257
654,111,99.10714285714286,112,0,112,0,0,0.0,1.491943638038062,1.4922169994236918,6.785678474500502,1.1023262102058393,0.3286184971096023,1.333669551492589,9.107142857142858,4.519686177093536,0.5249301339301937,0.0,0.0,0.0,0.0,0.0,0,0,0,0,0,0.0,0.29464285714285715,0.6404783196723065,0.15377017167096893,0.8660290857544515,0.59124328446115,0.0,0.4464285714285715,0.03237056086476649
655,111,99.10714285714286,112,0,112,0,0,0.0,1.4915119133061367,1.4918060006001865,6.8750119984328615,1.1064444845352297,0.3307484977505763,1.3388612614143867,9.107142857142858,4.519686177093536,0.5254236381882598,0.0,0.0,0.0,0.0,0.0,0,0,0,0,0,0.0,0.29464285714285715,0.644620841652082,0.15424096507264198,0.8755223529498939,0.593520212219689,0.0,0.4464285714285715,0.03246146877890699
656,109,97.32142857142857,112,2,110,0,0,0.017857142857142856,1.5259104074254164,1.532993434466249,8.017565593810486,1.1116102645208985,0.2961328471358349,1.2763421748002377,9.107142857142858,4.519686177093536,0.5353651006412967,0.9996483672856368,0.25581900027317794,1.0,0.00035163271436322585,0.028966386323145465,1,1,0,0,0,1.0,0.30357142857142855,0.6784275890620088,0.14958651565258904,0.8986961285732191,0.6177568917843491,0.017857142857142856,0.44642857142857145,0.032750199771479055
657,109,97.32142857142857,112,0,112,0,0,0.0,1.5269542308468698,1.5338539525923554,8.127735103213636,1.1168292771098904,0.30054345238778674,1.2887492283806146,9.107142857142858,4.519686177093536,0.5360363550900915,0.0,0.0,0.0,0.0,0.0,0,0,0,0,0,0.0,0.2857142857142857,0.6815985199070228,0.1505775961010383,0.8882193758530825,0.614872579630271,0.0,0.48214285714285715,0.03287336038386904
658,110,98.21428571428571,112,0,112,0,0,0.0,1.5320676271278286,1.539158548489972,8.15184832904813,1.1220042075783447,0.29570486498602433,1.286724049576102,9.107142857142858,4.519686177093536,0.5348721305952797,0.0,0.0,0.0,0.0,0.0,0,0,0,0,0,0.0,0.2857142857142857,0.6806484614911462,0.1480222877801248,0.8843956389930135,0.6123782963931621,0.0,0.48214285714285715,0.0330158726738023
659,109,97.32142857142857,112,1,111,0,0,0.008928571428571428,1.5429515748045888,1.5558983136104214,9.467744309968483,1.1273443497399784,0.26755092428529725,1.3022681280171968,9.107142857142858,4.519686177093536,0.5435195686117502,0.8758650658683318,0.17735117847497123,1.0,0.1241349341316682,0.08229139821827253,0,1,0,0,0,0.0,0.30357142857142855,0.72286180501701,0.1340649781549,0.9039766690215928,0.6260133216069022,0.008928571428571428,0.46428571428571425,0.033190971245744355
660,109,97.32142857142857,112,0,112,0,0,0.0,1.5312074132577376,1.5438066681121714,9.10630535633076,1.1322120962603073,0.3022004498632955,1.3311984101271683,9.107142857142858,4.519686177093536,0.5398281151252744,0.0,0.0,0.0,0.0,0.0,0,0,0,0,0,0.0,0.29464285714285715,0.7107257330535838,0.13737394989607776,0.9023542298961403,0.6216401560142024,0.0,0.46428571428571425,0.033242253871317726
661,111,99.10714285714286,112,0,112,0,0,0.0,1.5473886760149616,1.559931753234099,9.789499342301589,1.1374428785086605,0.3003067583617511,1.336506752868193,9.107142857142858,4.519686177093536,0.5430476447105048,0.0,0.0,0.0,0.0,0.0,0,0,0,0,0,0.0,0.30357142857142855,0.7268479345335779,0.1351085530252245,0.9110228864297553,0.6247236659862742,0.0,0.42857142857142855,0.03344136765622019
662,111,99.10714285714286,112,0,112,0,0,0.0,1.570825921740296,1.5833730975103166,10.473540069932898,1.1432848259723634,0.284511925317643,1.324167566018843,9.107142857142858,4.519686177093536,0.5483339374989871,0.0,0.0,0.0,0.0,0.0,0,0,0,0,0,0.0,0.32142857142857145,0.7440304868720107,0.142583529117842,0.8886006486103533,0.6240305662808188,0.0,0.42857142857142855,0.033690572730841875
663,111,99.10714285714286,112,0,112,0,0,0.0,1.557260307335215,1.5696313753189708,9.285946591328775,1.148365869569374,0.3273659764968629,1.337544373139179,9.107142857142858,4.519686177093536,0.5428477080862433,0.0,0.0,0.0,0.0,0.0,0,0,0,0,0,0.0,0.3125,0.7103218887315288,0.15717758220247427,0.8900776492007103,0.6206965610199303,0.0,0.42857142857142855,0.03373756827136957
664,112,100.0,112,0,112,0,0,0.0,1.576573591242496,1.5893772080957984,9.990604255836521,1.1539312256809315,0.2969183659985658,1.3312808510351692,9.107142857142858,4.519686177093536,0.5484240628203607,0.0,0.0,0.0,0.0,0.0,0,0,0,0,0,0.0,0.30357142857142855,0.7333323512217206,0.15685865433518958,0.8986348180896644,0.624537636509413,0.0,0.42857142857142855,0.03395990300634602
665,112,100.0,112,0,112,0,0,0.0,1.5646268629456686,1.5773524573813882,8.832694030216464,1.1588102603649142,0.33783498239225007,1.3093345757321326,9.107142857142858,4.519686177093536,0.5420152675547478,0.0,0.0,0.0,0.0,0.0,0,0,0,0,0,0.0,0.33035714285714285,0.6981887107453443,0.17291268874317584,0.9044205564432382,0.6203891193195803,0.0,0.39285714285714285,0.034010427892955664
666,112,100.0,112,0,112,0,0,0.0,1.571064054226883,1.5839041017028945,9.636234036240275,1.1637056690029262,0.3253375096348237,1.3432233275666212,9.107142857142858,4.519686177093536,0.5418554139719345,0.0,0.0,0.0,0.0,0.0,0,0,0,0,0,0.0,0.32142857142857145,0.7131239264043207,0.15755606851079923,0.9076372594091484,0.6202640087328952,0.0,0.42857142857142855,0.03415324240312397
667,111,99.10714285714286,112,1,111,0,0,0.008928571428571428,1.575778710470567,1.5861988715630737,10.131929066107192,1.1685484650570275,0.31077015152790494,1.3462882943087222,9.107142857142858,4.519686177093536,0.543724540712025,0.9999998726273905,0.32038025756420463,1.0,1.273726094597194e-07,0.002144729783944088,1,0,0,0,0,1.0,0.3392857142857143,0.7288001538988503,0.14613168911324506,0.895211375027364,0.628298278248158,0.008928571428571428,0.39285714285714285,0.034286255276263417
668,111,99.10714285714286,112,0,112,0,0,0.0,1.560202837969973,1.5705156936939861,9.39824996985902,1.1725196461827838,0.32963775707832765,1.3503782521178376,9.107142857142858,4.519686177093536,0.5436049639524863,0.0,0.0,0.0,0.0,0.0,0,0,0,0,0,0.0,0.32142857142857145,0.7181765253576871,0.15428485724768873,0.858050662553947,0.6279965268550706,0.0,0.39285714285714285,0.034298118375964526
669,111,99.10714285714286,112,0,112,0,0,0.0,1.5734765234449546,1.584267998800443,9.762790414992073,1.1768085912104747,0.30110066993206985,1.330596587326399,9.107142857142858,4.519686177093536,0.5441103450840723,0.0,0.0,0.0,0.0,0.0,0,0,0,0,0,0.0,0.30357142857142855,0.7285445769251268,0.14523362763770886,0.8781399742236543,0.6254314242628258,0.0,0.42857142857142855,0.034461410231119274
670,110,98.21428571428571,112,1,111,0,0,0.008928571428571428,1.591458529385409,1.6053744414271383,10.53979219631556,1.181555102840107,0.2718502037054944,1.311729228691581,9.107142857142858,4.519686177093536,0.5480158627083027,0.9877771766097686,0.18572371790612952,1.0,0.012222823390231397,0.0065303355697255705,0,1,0,0,0,1.0,0.3125,0.7469090396406115,0.11683999578923714,0.8772246970088932,0.6263472440806758,0.008928571428571428,0.35714285714285715,0.03465858397583086
671,110,98.21428571428571,112,0,112,0,0,0.0,1.5847165302735229,1.5986273192273432,10.067346017555298,1.1859548705585867,0.29197177612089537,1.3164515418821388,9.107142857142858,4.519686177093536,0.5438737836464587,0.0,0.0,0.0,0.0,0.0,0,0,0,0,0,0.0,0.3125,0.7294937400109548,0.11226756840790854,0.8776171611856084,0.6214439721726986,0.0,0.42857142857142855,0.0347243018269696
672,111,99.10714285714286,112,0,112,0,0,0.0,1.5924000763461115,1.6065895537956676,10.273195522882638,1.1904436769958082,0.2792902736846336,1.2717481580746877,9.107142857142858,4.519686177093536,0.5475730438771429,0.0,0.0,0.0,0.0,0.0,0,0,0,0,0,0.0,0.33035714285714285,0.7376884601509687,0.11358993750747362,0.8856021844595525,0.6258190037335188,0.0,0.4285714285714286,0.03486415953936234
673,111,99.10714285714286,112,0,112,0,0,0.0,1.6002379150331347,1.614677063832713,10.64556214048799,1.195022027527542,0.2704023374631065,1.2661554515359572,9.107142857142858,4.519686177093536,0.5479275612753427,0.0,0.0,0.0,0.0,0.0,0,0,0,0,0,0.0,0.3482142857142857,0.7447231362390021,0.1079254060009818,0.8776171611856084,0.6241066582963753,0.0,0.42857142857142855,0.03500681227085829
674,110,98.21428571428571,112,1,111,0,0,0.008928571428571428,1.614745965126242,1.632112876702816,11.005954083039482,1.1999118218517664,0.2638119370707002,1.2408762183734214,9.107142857142858,4.519686177093536,0.5503270009919088,0.9999486153683934,0.21148009315425814,1.0,5.1384631606588016e-05,0.06977526434886627,0,1,0,0,0,1.0,0.3125,0.7496408255230724,0.11062100815300374,0.8790390180731094,0.6296689924316522,0.008928571428571428,0.4107142857142857,0.03518985420040396
675,110,98.21428571428571,112,1,111,0,0,0.008928571428571428,1.6278935793377125,1.6537232942109417,11.085125255181627,1.205182088583743,0.2747043144764933,1.2520160838675427,9.107142857142858,4.519686177093536,0.5515758899398564,0.8929317013245548,0.24217336270736678,1.0,0.1070682986754452,0.09897089867709563,0,1,0,0,0,0.0,0.3482142857142857,0.7476997435644595,0.11370557349653575,0.8898403022912877,0.6403518391771889,0.008928571428571428,0.41071428571428575,0.03537469202995187
676,110,98.21428571428571,112,0,112,0,0,0.0,1.6089371748087304,1.6342110424984047,9.841654367091763,1.2098006087910855,0.3233475334410332,1.2766246569446267,9.107142857142858,4.519686177093536,0.5435583005872091,0.0,0.0,0.0,0.0,0.0,0,0,0,0,0,0.0,0.3125,0.7105018648641993,0.12554033888596194,0.8871940065305619,0.6313565428756769,0.0,0.4107142857142857,0.035384281317005724
677,109,97.32142857142857,112,1,111,0,0,0.008928571428571428,1.6122569933880206,1.6341450940906503,9.777479569341548,1.2143261429268746,0.3288438522459866,1.2848233782300127,9.107142857142858,4.519686177093536,0.5425273538172093,0.9932434385006406,0.3055903913229402,1.0,0.006756561499359437,-0.0032811627275431965,0,1,0,0,0,1.0,0.30357142857142855,0.7072882864117644,0.12857459754254477,0.8871940065305619,0.628110648721069,0.008928571428571428,0.4107142857142857,0.03550315038028963
678,109,97.32142857142857,112,0,112,0,0,0.0,1.6103411616373744,1.63230258032919,9.245199821115168,1.2184623753733594,0.35485122698195765,1.2755648284488772,9.107142857142858,4.519686177093536,0.5380503816044135,0.0,0.0,0.0,0.0,0.0,0,0,0,0,0,0.0,0.2857142857142857,0.6871167528343263,0.13529037792482465,0.8916859137190117,0.6277047177540475,0.0,0.37499999999999994,0.035587043584604516
679,109,97.32142857142857,112,1,111,0,0,0.008928571428571428,1.5873480641917428,1.6051527360946194,8.544173374838016,1.2215540396892202,0.4068302071818163,1.3650689162062624,9.107142857142858,4.519686177093536,0.5274385328276425,0.9999999999417923,0.288260751190334,1.0,5.820766091346741e-11,0.0025487507580135293,1,0,0,0,0,1.0,0.29464285714285715,0.6585021092477915,0.13429844682309522,0.8788250114508871,0.6160883171582873,0.008928571428571428,0.39285714285714285,0.035541944859739404
680,109,97.32142857142857,112,1,111,0,0,0.008928571428571428,1.5680733281649755,1.5937528478550653,7.595522778081427,1.2236685210868756,0.4367777237288446,1.3834612549158436,9.107142857142858,4.519686177093536,0.5232718705364345,0.9993470599329335,0.21184460315193204,1.0,0.0006529400670665098,-0.007629409477022175,1,0,0,0,0,1.0,0.2857142857142857,0.6327527435950203,0.15171873406758413,0.8815929222325997,0.6092219874266503,0.008928571428571428,0.39285714285714285,0.03549335514132909
681,109,97.32142857142857,112,0,112,0,0,0.0,1.5787433521116152,1.6045648532542445,7.900332166546763,1.226379580785894,0.4092602727390438,1.3609339149649222,9.107142857142858,4.519686177093536,0.5281333996138409,0.0,0.0,0.0,0.0,0.0,0,0,0,0,0,0.0,0.30357142857142855,0.6464900091772189,0.14593616833555495,0.8880206850893566,0.6213410400834479,0.0,0.39285714285714285,0.03560797095629693
682,110,98.21428571428571,112,0,112,0,0,0.0,1.5801965964909708,1.6063514299776585,7.794828091630014,1.229032707223412,0.42351567771884513,1.3682471499305682,9.107142857142858,4.519686177093536,0.5282428642355312,0.0,0.0,0.0,0.0,0.0,0,0,0,0,0,0.0,0.3125,0.6412651997509197,0.15536081742909227,0.8839625837324963,0.6206812867869228,0.0,0.4285714285714286,0.03567519367262237
683,110,98.21428571428571,112,0,112,0,0,0.0,1.5872195146260875,1.613595128698066,8.077025900744175,1.2318278346318938,0.41460978823351724,1.3666543233212667,9.107142857142858,4.519686177093536,0.5278913996457137,0.0,0.0,0.0,0.0,0.0,0,0,0,0,0,0.0,0.2857142857142857,0.6458764026251785,0.1532123219091565,0.8893883643580054,0.6212620090144403,0.0,0.39285714285714285,0.0357734737568546
684,111,99.10714285714286,112,0,112,0,0,0.0,1.5899873383187189,1.6160477335976016,8.011111007219984,1.2345853110889609,0.41013897479097194,1.3639527632087434,9.107142857142858,4.519686177093536,0.5282111463177039,0.0,0.0,0.0,0.0,0.0,0,0,0,0,0,0.0,0.30357142857142855,0.645170574553618,0.14990182451346992,0.8714142675627201,0.6234744105650575,0.0,0.39285714285714285,0.03584962751645109
685,111,99.10714285714286,112,1,111,0,0,0.008928571428571428,1.5978818358086844,1.6169481435071729,8.441292256042377,1.2374920567772574,0.3893804068492407,1.363203199110579,9.107142857142858,4.519686177093536,0.5314200581264543,0.9999775150811276,0.32042687639846634,1.0,2.2484918872356374e-05,0.014421156731893259,1,0,0,0,0,1.0,0.30357142857142855,0.661754409745581,0.13912037876297528,0.8767486275488301,0.618860260440624,0.008928571428571428,0.39285714285714285,0.035954787895439516
686,111,99.10714285714286,112,0,112,0,0,0.0,1.6103896292954243,1.6293950765687988,8.388844703386047,1.2404761345812036,0.36281726300411943,1.3227187961613585,9.107142857142858,4.519686177093536,0.5346738675548266,0.0,0.0,0.0,0.0,0.0,0,0,0,0,0,0.0,0.3392857142857143,0.6640747710766324,0.13301606754627937,0.8780336987758953,0.6298683231681558,0.0,0.39285714285714285,0.03608476233888255
687,111,99.10714285714286,112,0,112,0,0,0.0,1.6149282726693437,1.6340325426574436,8.539265214888513,1.2434930205641512,0.3396328331106835,1.3091378814190324,9.107142857142858,4.519686177093536,0.5358796364836675,0.0,0.0,0.0,0.0,0.0,0,0,0,0,0,0.0,0.33035714285714285,0.671893657035031,0.129740625067586,0.8687511951769563,0.6248404151042684,0.0,0.39285714285714285,0.03617563244512713
688,111,99.10714285714286,112,0,112,0,0,0.0,1.635762346835831,1.6554533682540087,9.38764281419737,1.247148076043155,0.30568326704234455,1.2976932802273329,9.107142857142858,4.519686177093536,0.5412909825738748,0.0,0.0,0.0,0.0,0.0,0,0,0,0,0,0.0,0.30357142857142855,0.6965792308556213,0.11726494403653391,0.8760557931729045,0.6274651068341989,0.0,0.39285714285714285,0.03636240133458439
689,109,97.32142857142857,112,2,110,0,0,0.017857142857142856,1.6097038387820544,1.635193339657391,8.079750787603869,1.249641891714014,0.32754681457961793,1.303729900335113,9.107142857142858,4.519686177093536,0.5296455719345932,0.9999999999296109,0.27280504254469257,1.0,7.038913896195709e-11,0.04026251292508631,1,1,0,0,0,1.0,0.2857142857142857,0.6514980460596094,0.1124990588934093,0.8827249290769612,0.6290638562402652,0.017857142857142856,0.39285714285714285,0.036288465115394505
690,110,98.21428571428571,112,0,112,0,0,0.0,1.5811996310328698,1.6058878559677818,7.227537547705419,1.2512268730276854,0.34966608885925876,1.2980837246722707,9.107142857142858,4.519686177093536,0.5249039761383572,0.0,0.0,0.0,0.0,0.0,0,0,0,0,0,0.0,0.29464285714285715,0.6278626697932843,0.11760156571613407,0.8906282140028787,0.6306466659518425,0.0,0.39285714285714285,0.036181762167320344
691,109,97.32142857142857,112,1,111,0,0,0.008928571428571428,1.5701862761314465,1.5904074942474153,6.725197163418806,1.2523231597901767,0.3759099190999347,1.312730725281457,9.107142857142858,4.519686177093536,0.5171352053973162,0.99993727808975,0.2836578143889775,1.0,6.272191025002982e-05,0.008717224926541922,1,0,0,0,0,1.0,0.30357142857142855,0.6049275962233721,0.12326564538585273,0.8908538467624081,0.6305203016026821,0.008928571428571428,0.39285714285714285,0.03615146975344604
692,106,94.64285714285714,112,3,108,0,1,0.026785714285714284,1.6048334468450658,1.640385741505895,7.769064355250125,1.2545136825175813,0.3393821605540471,1.3268088659345767,9.107142857142858,4.519686177093536,0.5267110155780501,0.9746381654998404,0.21197889067358444,1.0,0.025361834500159636,0.016400450118521245,1,3,0,0,0,0.75,0.32142857142857145,0.6355660306176618,0.10998780997244614,0.8899887680632663,0.6306654890703368,0.026785714285714284,0.39285714285714285,0.036374207983472434
693,106,94.64285714285714,112,0,112,0,0,0.0,1.60436695104635,1.639800785057121,7.592246424870975,1.2571046805503652,0.34649974941588874,1.3346927218533202,9.107142857142858,4.519686177093536,0.5242160750279825,0.0,0.0,0.0,0.0,0.0,0,0,0,0,0,0.0,0.3125,0.6273853131027044,0.11367261322319566,0.8970533113263455,0.6296434718292886,0.0,0.35714285714285715,0.03643042799444711
694,108,96.42857142857143,112,0,112,0,0,0.0,1.6038161467960264,1.6396486023415664,7.654689118348663,1.2595730710582858,0.3602594600459151,1.3511193727548083,9.107142857142858,4.519686177093536,0.5246602616579299,0.0,0.0,0.0,0.0,0.0,0,0,0,0,0,0.0,0.29464285714285715,0.6286923669585882,0.1166767409564052,0.8916863978180943,0.6315042247852841,0.0,0.39285714285714285,0.03648345572548707
695,107,95.53571428571429,112,1,111,0,0,0.008928571428571428,1.5813458574786614,1.612640686085087,7.036323423989773,1.261081878065147,0.3975383497486948,1.3826984300194525,9.107142857142858,4.519686177093536,0.5197428019297965,0.8560006707318031,0.17507097194791352,1.0,0.14399932926819692,0.05371025009237154,0,1,0,0,0,0.0,0.30357142857142855,0.6112227485885958,0.12165302758347266,0.8942126831904541,0.6202589015008011,0.008928571428571428,0.39285714285714285,0.036405200949764314
696,108,96.42857142857143,112,0,112,0,0,0.0,1.6007573629505412,1.6330592313193857,7.514757252302698,1.2631322566137588,0.38455739923304394,1.3779835508777556,9.107142857142858,4.519686177093536,0.5236662292508345,0.0,0.0,0.0,0.0,0.0,0,0,0,0,0,0.0,0.3125,0.6253862616762824,0.1206887799819254,0.8980099014885439,0.618519011648106,0.0,0.35714285714285715,0.036548593815043565
697,111,99.10714285714286,112,0,112,0,0,0.0,1.609539158317032,1.641526572522298,7.430710766760399,1.2653961222864634,0.36947555583996616,1.3592686408925745,9.107142857142858,4.519686177093536,0.5232077627827196,0.0,0.0,0.0,0.0,0.0,0,0,0,0,0,0.0,0.30357142857142855,0.621119286657773,0.12081797057694026,0.8980099014885439,0.6142281588038353,0.0,0.35714285714285715,0.03664366260381461
698,111,99.10714285714286,112,0,112,0,0,0.0,1.619061652406539,1.6513457616167355,7.748085351402396,1.2679127055610535,0.3500059914032672,1.3531327266945254,9.107142857142858,4.519686177093536,0.5261202626725525,0.0,0.0,0.0,0.0,0.0,0,0,0,0,0,0.0,0.3125,0.6317100806698454,0.11952367949352853,0.903115181813268,0.6146898680198045,0.0,0.35714285714285715,0.0367481459074605
699,111,99.10714285714286,112,0,111,1,0,0.0,1.6107093416928013,1.6422931307596238,7.216399705095501,1.2699882267648375,0.36383971250568814,1.343668835077764,9.107142857142858,4.519686177093536,0.5240728752938595,0.9201924258929286,0.2074695850260097,1.0,0.0798075741070714,0.08346902181616675,0,0,0,1,0,0.0,0.33035714285714285,0.61588861315544,0.12932441408967418,0.9039316574213216,0.6098162988933191,0.0,0.32142857142857145,0.03675328787636684
700,111,99.10714285714286,112,1,111,0,0,0.008928571428571428,1.6091770642070897,1.6396571519910321,7.134822084834477,1.2719142869434357,0.3782855611691373,1.355101683733771,9.107142857142858,4.519686177093536,0.5240686456845642,0.9241910986837873,0.2062043780754102,1.0,0.07580890131621265,0.08015898351992412,0,1,0,0,0,0.0,0.32142857142857145,0.6143663104824356,0.12989771048404403,0.8966790127411474,0.6052972046145317,0.008928571428571428,0.3392857142857143,0.03678915242676559
701,111,99.10714285714286,112,0,112,0,0,0.0,1.6368589302154828,1.6686039925133922,7.598219008222481,1.2747602839320225,0.3618044474407443,1.3432127544594923,9.107142857142858,4.519686177093536,0.5309155670678931,0.0,0.0,0.0,0.0,0.0,0,0,0,0,0,0.0,0.3125,0.6292071465031563,0.13631297840651735,0.8966790127411474,0.6167644511373592,0.0,0.3392857142857143,0.03699187682305438
702,110,98.21428571428571,112,1,111,0,0,0.008928571428571428,1.652142717500664,1.6794470655857554,7.98987807459692,1.2780288437998935,0.35060392609813223,1.3548819694082421,9.107142857142858,4.519686177093536,0.5339273061090677,0.999999999941785,0.2680885609303387,1.0,5.821498838542993e-11,0.08499845517043236,0,1,0,0,0,1.0,0.33035714285714285,0.6407382006281636,0.12516123102230994,0.8832386432585815,0.6198127172586076,0.008928571428571428,0.375,0.03714216008374938
703,109,97.32142857142857,112,1,110,0,1,0.008928571428571428,1.6697474927681657,1.7030014228158832,8.483391624459315,1.2816371936411324,0.3397566927071827,1.357873780310827,9.107142857142858,4.519686177093536,0.5354135681652765,0.9457029565674042,0.23035788651149586,1.0,0.05429704343259578,0.0006696755764817597,0,2,0,0,0,0.5,0.3125,0.6503197441850112,0.11939021860952372,0.9157724194031601,0.6158700794324139,0.008928571428571428,0.3392857142857143,0.03731172700458472
704,109,97.32142857142857,112,0,112,0,0,0.0,1.6612885210281887,1.694514815065524,8.12865048601925,1.2849806160519,0.3457863708752895,1.347779989528032,9.107142857142858,4.519686177093536,0.5344996948673413,0.0,0.0,0.0,0.0,0.0,0,0,0,0,0,0.0,0.3392857142857143,0.6431162184442417,0.12586437627450459,0.9063900223861113,0.6154926359667494,0.0,0.375,0.03734498824615549
705,110,98.21428571428571,112,0,112,0,0,0.0,1.663703507632649,1.695868336754091,8.24509744088047,1.2882218662082554,0.33633964538437083,1.3469755098504474,9.107142857142858,4.519686177093536,0.5363154355876376,0.0,0.0,0.0,0.0,0.0,0,0,0,0,0,0.0,0.35714285714285715,0.6452347802450374,0.11663593692800932,0.9112433462707379,0.6191286631696524,0.0,0.375,0.03743031034681869
706,110,98.21428571428571,112,0,112,0,0,0.0,1.65487295581905,1.6868765964388097,7.524680241866474,1.2909915032740407,0.35714591412686103,1.348733445449263,9.107142857142858,4.519686177093536,0.5322693388538025,0.0,0.0,0.0,0.0,0.0,0,0,0,0,0,0.0,0.36607142857142855,0.6232413443062,0.13029291404908147,0.9112433462707379,0.615180356075343,0.0,0.375,0.03744874703955968
707,111,99.10714285714286,112,0,112,0,0,0.0,1.6809732412344656,1.7133229912985448,8.595767496565895,1.2945921966784606,0.3216100281745457,1.3408115570016388,9.107142857142858,4.519686177093536,0.5366683210308141,0.0,0.0,0.0,0.0,0.0,0,0,0,0,0,0.0,0.375,0.6502104536853146,0.11882395974386042,0.9161284533424997,0.6127882905083694,0.0,0.3392857142857143,0.0376606184876763
708,110,98.21428571428571,112,2,110,0,0,0.017857142857142856,1.6733295677770292,1.7068397209463846,8.080375605404708,1.2977505484375582,0.3408942885784255,1.3246546591152077,9.107142857142858,4.519686177093536,0.5339110019983107,0.9821229374437932,0.29654495537827624,1.0,0.017877062556206802,-0.014109833848459985,1,1,0,0,0,1.0,0.33035714285714285,0.6370701345963231,0.1410192777386531,0.882256518028128,0.6142187403054553,0.017857142857142856,0.39285714285714285,0.037693773914329085
709,109,97.32142857142857,112,1,111,0,0,0.008928571428571428,1.66621535255561,1.6934759610317498,7.748576584484603,1.3005187282001873,0.3541577288942431,1.3302968966670383,9.107142857142858,4.519686177093536,0.5291765659559617,0.9010414518030456,0.31132556942452116,1.0,0.09895854819695438,0.050028826677362415,0,1,0,0,0,0.0,0.3392857142857143,0.6241422130916433,0.14739610494618285,0.8825717460991741,0.6103237853527095,0.008928571428571428,0.375,0.03772075935726631
710,109,97.32142857142857,112,0,112,0,0,0.0,1.659482284909835,1.687197142445186,7.346088833389995,1.3027441758331404,0.35946295269354367,1.3261567590776562,9.107142857142858,4.519686177093536,0.5297980496508128,0.0,0.0,0.0,0.0,0.0,0,0,0,0,0,0.0,0.33035714285714285,0.6187043699492831,0.16277470668724664,0.8626334074104783,0.614050899922933,0.0,0.375,0.037737385643559954
711,109,97.32142857142857,112,0,112,0,0,0.0,1.6852618666188284,1.7141682986443758,8.031162871113361,1.305844249511878,0.33636229012849317,1.3066918156808935,9.107142857142858,4.519686177093536,0.5386033126573855,0.0,0.0,0.0,0.0,0.0,0,0,0,0,0,0.0,0.33035714285714285,0.6448381197389246,0.16564958816046152,0.8877531371844394,0.6251369320333858,0.0,0.375,0.03793634035287373
712,108,96.42857142857143,112,1,111,0,0,0.008928571428571428,1.6888432809790312,1.7102300970894624,8.36379839351386,1.3089273611077858,0.3395242274882898,1.3196653754165701,9.107142857142858,4.519686177093536,0.5417971013497098,0.9623430633933785,0.32457722501034303,1.0,0.037656936606621505,0.012538191867776272,1,0,0,0,0,1.0,0.3392857142857143,0.6572026502438199,0.15448966982546375,0.8824579927573142,0.6169206870117653,0.008928571428571428,0.3928571428571429,0.038023920908987055
713,109,97.32142857142857,112,1,108,0,3,0.008928571428571428,1.6664194506457963,1.6978933244718575,7.971804488164696,1.3107599912634194,0.3665317786724369,1.3415045612305647,9.107142857142858,4.519686177093536,0.5357997545197257,0.9616065925770886,0.2701179361771936,1.0,0.03839340742291142,-0.0014680399422709878,0,4,0,0,0,0.75,0.30357142857142855,0.6413022064409664,0.15731500765004025,0.8524346884345795,0.607142710103234,0.008928571428571428,0.375,0.037953216323231585
714,110,98.21428571428571,112,0,112,0,0,0.0,1.6336675094267947,1.6645623571499908,6.804477417859846,1.311704148935583,0.42194984092356463,1.3965328453764623,9.107142857142858,4.519686177093536,0.5256391120872306,0.0,0.0,0.0,0.0,0.0,0,0,0,0,0,0.0,0.30357142857142855,0.6039462252040612,0.17632257949787764,0.8731553262336387,0.5995696746384017,0.0,0.375,0.03781079309903595
715,110,98.21428571428571,112,0,112,0,0,0.0,1.622344912990737,1.6524360545564605,6.128679253968062,1.3121671769862575,0.44925635171434225,1.4067797971708162,9.107142857142858,4.519686177093536,0.5190369895752263,0.0,0.0,0.0,0.0,0.0,0,0,0,0,0,0.0,0.29464285714285715,0.576783035964806,0.1876012071178633,0.901568725652978,0.5941264663104439,0.0,0.3035714285714286,0.037764643824256865
716,110,98.21428571428571,112,0,112,0,0,0.0,1.6372777478469902,1.667045045069731,6.233347869716774,1.3131375020420024,0.44376453304028374,1.4056894922753405,9.107142857142858,4.519686177093536,0.5167123034639978,0.0,0.0,0.0,0.0,0.0,0,0,0,0,0,0.0,0.2857142857142857,0.5715179076721116,0.18051347853572522,0.9148547039726934,0.5931584979398358,0.0,0.37500000000000006,0.03786123582224682
717,111,99.10714285714286,112,0,112,0,0,0.0,1.6331102800610622,1.6627966938517496,6.028154322397735,1.3139103617361274,0.4492197681466036,1.3955685109848381,9.107142857142858,4.519686177093536,0.5139969220171079,0.0,0.0,0.0,0.0,0.0,0,0,0,0,0,0.0,0.29464285714285715,0.5634873881081014,0.1827232867858016,0.910187018460183,0.5934816044068846,0.0,0.375,0.03785786389969903
718,112,100.0,112,0,112,0,0,0.0,1.6238449111511417,1.6538208563880208,5.508449539216212,1.3143237468493874,0.4802333167560317,1.4200005487926863,9.107142857142858,4.519686177093536,0.5101633976957065,0.0,0.0,0.0,0.0,0.0,0,0,0,0,0,0.0,0.2857142857142857,0.5469227938576031,0.20560343460974587,0.8894138856622507,0.5900771130699025,0.0,0.4107142857142857,0.03782087891006051
719,112,100.0,112,0,112,0,0,0.0,1.6210126795338746,1.6513140640238417,5.286386420157984,1.3146278089344479,0.49614266772915716,1.4331207062802538,9.107142857142858,4.519686177093536,0.508591087726751,0.0,0.0,0.0,0.0,0.0,0,0,0,0,0,0.0,0.3125,0.540049707866953,0.21782326062940066,0.8839095501299868,0.5876242573755681,0.0,0.4107142857142857,0.037813589077988305
720,112,100.0,112,0,112,0,0,0.0,1.6264290510218165,1.6561601670823887,5.576909271493217,1.3150933512875314,0.486262647298807,1.400784822798998,9.107142857142858,4.519686177093536,0.5099386564694841,0.0,0.0,0.0,0.0,0.0,0,0,0,0,0,0.0,0.30357142857142855,0.5490923018146128,0.20584359095755297,0.8571410631464675,0.5910770659281567,0.0,0.44642857142857145,0.037851191462118426
721,112,100.0,112,0,112,0,0,0.0,1.6241399501745895,1.6536306271086607,5.418053403416189,1.3154463907724048,0.4943809850823388,1.4364639335450355,9.107142857142858,4.519686177093536,0.5094226874767454,0.0,0.0,0.0,0.0,0.0,0,0,0,0,0,0.0,0.2857142857142857,0.543337037462247,0.20884436950479626,0.8499871594800414,0.5872587306308271,0.0,0.48214285714285715,0.037847724096281045
722,112,100.0,112,0,112,0,0,0.0,1.593222640574409,1.6214346930393837,4.882765144953857,1.3146193498351086,0.5193182409383642,1.4508413213234017,9.107142857142858,4.519686177093536,0.5005073760624739,0.0,0.0,0.0,0.0,0.0,0,0,0,0,0,0.0,0.2767857142857143,0.5206296826206934,0.21291816579905015,0.8566146531064216,0.5797337606308199,0.0,0.48214285714285715,0.03767444772081921
723,112,100.0,112,0,112,0,0,0.0,1.5966888201382614,1.6247282095836872,5.178687753845053,1.3139487738423288,0.5087154454579486,1.4334390864517133,9.107142857142858,4.519686177093536,0.5026442291343383,0.0,0.0,0.0,0.0,0.0,0,0,0,0,0,0.0,0.2857142857142857,0.5305230694944932,0.19794505209201457,0.8640329327192741,0.5791290887945529,0.0,0.44642857142857145,0.03767662465341218
724,112,100.0,112,0,112,0,0,0.0,1.5765558722986488,1.604368530113316,4.668281905916092,1.3125723508850233,0.5388534681530804,1.4600720921129462,9.107142857142858,4.519686177093536,0.4967627485021828,0.0,0.0,0.0,0.0,0.0,0,0,0,0,0,0.0,0.3125,0.5106687613944058,0.21277257735476118,0.8539091227879518,0.569456814838492,0.0,0.44642857142857145,0.03754485491514428
725,112,100.0,112,0,112,0,0,0.0,1.5807787886069966,1.608259760960624,4.654907873467941,1.3113988350640373,0.5311949717496238,1.4553398005736427,9.107142857142858,4.519686177093536,0.49716977749155755,0.0,0.0,0.0,0.0,0.0,0,0,0,0,0,0.0,0.32142857142857145,0.5086191882559553,0.20903757702869288,0.8977927177108549,0.5743596900068104,0.0,0.41071428571428575,0.037539449880512464
726,112,100.0,112,0,112,0,0,0.0,1.5733212431900048,1.6001789476657078,4.329832762932339,1.3099861765542087,0.5380671668316362,1.4478042324915494,9.107142857142858,4.519686177093536,0.48933109041926737,0.0,0.0,0.0,0.0,0.0,0,0,0,0,0,0.0,0.3125,0.48908398345490894,0.2139847080148008,0.9165749907259219,0.5705647456013215,0.0,0.37500000000000006,0.03747023828772837
727,112,100.0,112,0,112,0,0,0.0,1.582685180653679,1.6095224145529814,4.545095441624733,1.3089752020808705,0.5311269902620985,1.4471875087751858,9.107142857142858,4.519686177093536,0.48949966629996333,0.0,0.0,0.0,0.0,0.0,0,0,0,0,0,0.0,0.3392857142857143,0.4942142074739162,0.20724581350127544,0.8591048761914074,0.5730100261508685,0.0,0.41071428571428575,0.03749421153828404
728,112,100.0,112,0,112,0,0,0.0,1.5571305708179761,1.5833772343577803,4.173076558617693,1.3070645764048507,0.563056023791568,1.4743954329351425,9.107142857142858,4.519686177093536,0.4849962551761551,0.0,0.0,0.0,0.0,0.0,0,0,0,0,0,0.0,0.3482142857142857,0.4805883767178329,0.21301798973990382,0.8393776843388769,0.5679248806243314,0.0,0.44642857142857145,0.037323261346817994
729,112,100.0,112,0,112,0,0,0.0,1.5670830523926504,1.5937160838204396,4.362358053261313,1.3056141318534336,0.5493715603350857,1.431451483556592,9.107142857142858,4.519686177093536,0.48864769064061897,0.0,0.0,0.0,0.0,0.0,0,0,0,0,0,0.0,0.33035714285714285,0.4913697306436396,0.21102858404490568,0.8393776843388769,0.5758002404859235,0.0,0.44642857142857145,0.037340245983742956
730,112,100.0,112,0,112,0,0,0.0,1.5747417827976495,1.601585758926553,4.682734410998314,1.3045137905382755,0.525843502843391,1.4352347725829422,9.107142857142858,4.519686177093536,0.49322991406375594,0.0,0.0,0.0,0.0,0.0,0,0,0,0,0,0.0,0.33035714285714285,0.5062120656435238,0.19949060229903676,0.8605084010661181,0.5799436755174244,0.0,0.44642857142857145,0.03735367364860693
731,112,100.0,112,0,112,0,0,0.0,1.5824331685129385,1.609378889551736,4.71687376267454,1.3037449612355436,0.5159827239337029,1.4131661534298081,9.107142857142858,4.519686177093536,0.4956375463956191,0.0,0.0,0.0,0.0,0.0,0,0,0,0,0,0.0,0.3482142857142857,0.5090799793668976,0.20106787994196829,0.8420028523168939,0.5906070431359441,0.0,0.44642857142857145,0.037374756241322867
732,112,100.0,112,0,112,0,0,0.0,1.5985344485174906,1.626072061333656,5.098129691102214,1.303614463786569,0.4993093789036433,1.4118322084434216,9.107142857142858,4.519686177093536,0.4986134830353537,0.0,0.0,0.0,0.0,0.0,0,0,0,0,0,0.0,0.3482142857142857,0.523218369016287,0.19861668991013343,0.8332406956464619,0.5892948658692696,0.0,0.44642857142857145,0.03745231360376425
733,111,99.10714285714286,112,1,111,0,0,0.008928571428571428,1.5896471753560115,1.6166313756708213,5.110868297659441,1.3031576525195718,0.4948438660978746,1.4011048269475037,9.107142857142858,4.519686177093536,0.4984735588224922,0.9997737261915609,0.2793540109404241,1.0,0.0002262738084390925,0.04780921452338538,0,1,0,0,0,1.0,0.3392857142857143,0.5266625054289533,0.19717180222103606,0.8484251381199793,0.5948967268906032,0.008928571428571428,0.44642857142857145,0.03739755402011191
734,111,99.10714285714286,112,0,112,0,0,0.0,1.5820286279296636,1.6085515532990176,5.050194188519494,1.3024202019976117,0.4910360764323188,1.3846400716345042,9.107142857142858,4.519686177093536,0.4968169317724609,0.0,0.0,0.0,0.0,0.0,0,0,0,0,0,0.0,0.3392857142857143,0.5239919391081733,0.19276240031522707,0.8516323483332215,0.5958373626189168,0.0,0.41071428571428575,0.0373427960583282
735,111,99.10714285714286,112,0,112,0,0,0.0,1.5916077747134705,1.6187278707808852,5.0772550979468125,1.3020840320166074,0.4759595186840661,1.3293878246790811,9.107142857142858,4.519686177093536,0.4991038290943717,0.0,0.0,0.0,0.0,0.0,0,0,0,0,0,0.0,0.3392857142857143,0.5272146010770131,0.1916577657352825,0.8516323483332215,0.6028505154304729,0.0,0.41071428571428575,0.03738309487816574
736,111,99.10714285714286,112,0,112,0,0,0.0,1.5580724491228233,1.5838890896121753,4.185283529188372,1.3005033730023656,0.5146241612348615,1.3525368602829357,9.107142857142858,4.519686177093536,0.48582135421246453,0.0,0.0,0.0,0.0,0.0,0,0,0,0,0,0.0,0.32142857142857145,0.4865759365645753,0.21547053178229053,0.8696203272356403,0.5911312970833553,0.0,0.375,0.03717969783672567
737,111,99.10714285714286,112,0,112,0,0,0.0,1.553873152885456,1.5791383114610424,3.961396249168516,1.298822378604377,0.5259485225770011,1.3644332840263194,9.107142857142858,4.519686177093536,0.48189019094613883,0.0,0.0,0.0,0.0,0.0,0,0,0,0,0,0.0,0.33035714285714285,0.4733817888744175,0.2225980547268987,0.8879578271555119,0.5864774584249568,0.0,0.4107142857142857,0.037120713519817036
738,112,100.0,112,0,112,0,0,0.0,1.552776577882853,1.577923279774414,3.8744541304979734,1.2971734273824813,0.5238825880049688,1.344376051103392,9.107142857142858,4.519686177093536,0.4797450706790143,0.0,0.0,0.0,0.0,0.0,0,0,0,0,0,0.0,0.3482142857142857,0.46690783455241,0.21461471373655833,0.8614902489960841,0.5911915451450549,0.0,0.375,0.0370779669345825
739,112,100.0,112,0,112,0,0,0.0,1.5521165079932508,1.5771699789892022,3.915601305172417,1.2955717661158603,0.518216386237463,1.3551769508825557,9.107142857142858,4.519686177093536,0.4798275865146404,0.0,0.0,0.0,0.0,0.0,0,0,0,0,0,0.0,0.35714285714285715,0.46807782944264054,0.20726485824577523,0.8623974068703314,0.5905774546002276,0.0,0.4107142857142857,0.037038471553698826
740,111,99.10714285714286,112,1,111,0,0,0.008928571428571428,1.5449816489262458,1.5708532153552042,3.7866137812342426,1.293785835494726,0.526910540631709,1.3902275396859167,9.107142857142858,4.519686177093536,0.47907978184234334,0.9810832009986208,0.2553799208525357,1.0,0.018916799001379214,0.02992608742609587,0,1,0,0,0,1.0,0.3482142857142857,0.462077108354166,0.21224987424709332,0.876749846696643,0.5860962520200397,0.008928571428571428,0.39285714285714285,0.036962438028655856
741,111,99.10714285714286,112,0,112,0,0,0.0,1.5378212960050577,1.5637291371686979,3.5678000374356498,1.2918512956545145,0.5560970608714643,1.418294395561691,9.107142857142858,4.519686177093536,0.47469351478547406,0.0,0.0,0.0,0.0,0.0,0,0,0,0,0,0.0,0.3482142857142857,0.45046401417396714,0.22125970572172876,0.8830904378742759,0.5769044485542072,0.0,0.3571428571428571,0.03688291869917571
742,110,98.21428571428571,112,1,111,0,0,0.008928571428571428,1.5527044702852275,1.5740039724270964,3.7413056365807167,1.2905472130673774,0.5525492381136655,1.4076478984165004,9.107142857142858,4.519686177093536,0.475167705744592,0.9855896016062429,0.2987647770810681,1.0,0.014410398393757129,0.0029980583409626727,0,1,0,0,0,1.0,0.32142857142857145,0.45622221168892413,0.21471051213902356,0.9036567729476531,0.5801711771958973,0.008928571428571428,0.375,0.0369278643503622
743,109,97.32142857142857,112,1,111,0,0,0.008928571428571428,1.5478904207478474,1.5687989670662754,3.7906338460929656,1.2889662897743794,0.5566618906782442,1.391638610970943,9.107142857142858,4.519686177093536,0.4757220821233048,0.9609028149410049,0.24918378612351086,1.0,0.039097185058995065,-0.0016713611356790614,0,1,0,0,0,1.0,0.33035714285714285,0.4604625209080209,0.21698503051498017,0.867557371242953,0.5779189778202178,0.008928571428571428,0.4107142857142857,0.036868067716903256
744,107,95.53571428571429,112,2,109,0,1,0.017857142857142856,1.5514664923368724,1.5764350499797097,3.5471870079494723,1.2875631738815185,0.5887928910677384,1.4992653739109947,9.107142857142858,4.519686177093536,0.47313954575576855,0.9236913303106175,0.2615708227193221,1.0,0.07630866968938259,0.01361196440510093,0,3,0,0,0,0.6666666666666666,0.29464285714285715,0.44834506651385314,0.23751191749999387,0.902913111267505,0.5686316153196762,0.017857142857142856,0.375,0.03685423985731926
745,106,94.64285714285714,112,2,110,0,0,0.017857142857142856,1.555333901670836,1.5803933669098893,3.632898421652825,1.2865152394543855,0.597343735390948,1.5209832664096763,9.107142857142858,4.519686177093536,0.4717203401656547,0.9496772809791407,0.30909492123791693,1.0,0.050322719020859275,0.00969522888230645,1,1,0,0,0,0.5,0.29464285714285715,0.44764169316791375,0.23938487192482746,0.8814193783788005,0.5664987461359183,0.017857142857142856,0.4285714285714286,0.036849895230265016
746,105,93.75,112,1,111,0,0,0.008928571428571428,1.5607787259002452,1.5864841418504207,3.5720847783538034,1.2857009413134617,0.5871774933670088,1.5051674812001588,9.107142857142858,4.519686177093536,0.4700721401594421,0.9999999999417923,0.2871866239790117,1.0,5.820766091346741e-11,-0.01597603313245155,1,0,0,0,0,1.0,0.29464285714285715,0.4410086375266333,0.23372358908842966,0.8947733313898852,0.5711471999839335,0.008928571428571428,0.41071428571428575,0.03685871749115423
747,105,93.75,112,1,111,0,0,0.008928571428571428,1.5498853304470968,1.5744144901775536,3.4256750073020683,1.2845374313198006,0.5930159366202632,1.5164524026579171,9.107142857142858,4.519686177093536,0.4699425676828983,0.9999996890273475,0.17413387534272495,1.0,3.1097265251744943e-07,0.0499692980257152,0,1,0,0,0,1.0,0.30357142857142855,0.43787826459070944,0.23943307449051682,0.8971166206943482,0.5760342621691732,0.008928571428571428,0.375,0.036777957013712184
748,106,94.64285714285714,112,0,112,0,0,0.0,1.548168356018399,1.5722170947596357,3.6162806886715577,1.2833277935614495,0.5767777602222246,1.5102158812047428,9.107142857142858,4.519686177093536,0.4708154879277202,0.0,0.0,0.0,0.0,0.0,0,0,0,0,0,0.0,0.30357142857142855,0.44495057637994007,0.21911581388069665,0.8927086365971286,0.5788365143001067,0.0,0.4107142857142857,0.036742036226290145
749,108,96.42857142857143,112,0,112,0,0,0.0,1.5483682109170043,1.5728672927215308,3.5035366689214165,1.2821963371595815,0.5856985583194463,1.515705540051949,9.107142857142858,4.519686177093536,0.46799984216167534,0.0,0.0,0.0,0.0,0.0,0,0,0,0,0,0.0,0.2857142857142857,0.4378726127048395,0.22400587448937162,0.9003652902027358,0.5735358371150374,0.0,0.375,0.03671746636148564
750,110,98.21428571428571,112,0,112,0,0,0.0,1.5341268724588246,1.5584162943658404,3.2217127016395737,1.2805935072162014,0.6102232894668278,1.5367247343707693,9.107142857142858,4.519686177093536,0.4615160477583866,0.0,0.0,0.0,0.0,0.0,0,0,0,0,0,0.0,0.29464285714285715,0.42188146712524094,0.23152642191997297,0.8854856164958966,0.5691777656849607,0.0,0.4107142857142857,0.03661003822749811
751,111,99.10714285714286,112,0,112,0,0,0.0,1.5314602437773588,1.555904295634632,3.1523621119501266,1.2789722925886757,0.615669137144811,1.559835377436388,9.107142857142858,4.519686177093536,0.46064799466202344,0.0,0.0,0.0,0.0,0.0,0,0,0,0,0,0.0,0.2857142857142857,0.4185288724646183,0.2323465965995776,0.8793292993747948,0.5679855576564713,0.0,0.4107142857142857,0.03656006817738013
752,111,99.10714285714286,112,1,111,0,0,0.008928571428571428,1.527328337767609,1.5511524694396999,3.134363993806718,1.2772984076896552,0.6204447450488443,1.5553823850850002,9.107142857142858,4.519686177093536,0.46200966403635557,0.9999942190834754,0.3158628832666821,1.0,5.78091652458923e-06,0.037777545484814934,0,1,0,0,0,1.0,0.29464285714285715,0.4190201997409421,0.2326462891937804,0.8692961331725118,0.5645698375383004,0.008928571428571428,0.375,0.036501581475130634
753,111,99.10714285714286,112,0,112,0,0,0.0,1.5254536303201987,1.549255023228921,3.279026548164963,1.275585700223314,0.6041144842768357,1.5485923169159312,9.107142857142858,4.519686177093536,0.45920771654758985,0.0,0.0,0.0,0.0,0.0,0,0,0,0,0,0.0,0.3125,0.42124236805803417,0.2093469485561024,0.903843906018046,0.5651651729471621,0.0,0.3392857142857143,0.03645350343658845
754,110,98.21428571428571,112,1,111,0,0,0.008928571428571428,1.5342206467961401,1.553631956542949,3.2499675247452333,1.274247592482632,0.6245586795984407,1.5778087106110164,9.107142857142858,4.519686177093536,0.46083136409857195,0.9999999999417923,0.33112017500599494,1.0,5.820766091346741e-11,0.04591997173741569,1,0,0,0,0,1.0,0.29464285714285715,0.42333361346031956,0.23141937212753938,0.8957340308866544,0.5613265520714533,0.008928571428571428,0.35714285714285715,0.03646709938367305
755,109,97.32142857142857,112,1,111,0,0,0.008928571428571428,1.5368979187694725,1.5557348456994395,3.414927314545504,1.2729303298500199,0.6142911414463762,1.5658099448326277,9.107142857142858,4.519686177093536,0.4634209181327531,0.9887192647208741,0.2782847768054515,1.0,0.011280735279125875,0.039042296554792966,0,1,0,0,0,1.0,0.32142857142857145,0.43191238996158443,0.2248119851184442,0.9016190350486539,0.5636750540530253,0.008928571428571428,0.33928571428571436,0.036450717674978615
756,109,97.32142857142857,112,0,112,0,0,0.0,1.5576099004987765,1.576651341336184,3.641951831361787,1.2724056278760225,0.5794380103447442,1.5225945320040741,9.107142857142858,4.519686177093536,0.4650074337988803,0.0,0.0,0.0,0.0,0.0,0,0,0,0,0,0.0,0.30357142857142855,0.4378119024650881,0.21033951457181924,0.8847987855875351,0.5711255007023219,0.0,0.37500000000000006,0.036542420142330286
757,110,98.21428571428571,112,0,112,0,0,0.0,1.5602227940482223,1.5798376618168188,4.092772915078805,1.2720198501336717,0.545464838168259,1.4966447259898905,9.107142857142858,4.519686177093536,0.468843940335558,0.0,0.0,0.0,0.0,0.0,0,0,0,0,0,0.0,0.3125,0.45602205648386784,0.1830736550871652,0.8927885195851466,0.5742236123830546,0.0,0.37500000000000006,0.036546766638429845
758,110,98.21428571428571,112,0,112,0,0,0.0,1.5614195265523438,1.5812221435038403,4.301445431483578,1.2717015677165624,0.5331020074579038,1.4775473685404426,9.107142857142858,4.519686177093536,0.4706781649767795,0.0,0.0,0.0,0.0,0.0,0,0,0,0,0,0.0,0.32142857142857145,0.4656031965070978,0.17295021413514744,0.9092904697117532,0.5791280859344405,0.0,0.37500000000000006,0.036545557617745354
759,110,98.21428571428571,112,1,111,0,0,0.008928571428571428,1.5651639062556086,1.5792993943009284,4.271350261964405,1.2715235432579244,0.5449978016786458,1.5107787424768944,9.107142857142858,4.519686177093536,0.46982361538944595,0.9988615910053262,0.3123831867683603,1.0,0.0011384089946737674,0.0037523787813293907,0,1,0,0,0,1.0,0.32142857142857145,0.46486431013098645,0.17756473492916855,0.9129060374812377,0.5749669323767852,0.008928571428571428,0.33928571428571436,0.036560256442837225
760,110,98.21428571428571,112,1,111,0,0,0.008928571428571428,1.5795391073718632,1.596462043779877,4.363888228381256,1.271688853093927,0.5488614406379114,1.5365703114008975,9.107142857142858,4.519686177093536,0.4716181655750238,0.9978343257909001,0.24721949620281577,1.0,0.002165674209099855,0.005586898209587188,0,1,0,0,0,1.0,0.3125,0.46612613729569025,0.17905017866180248,0.8883114189052969,0.5700691279118961,0.008928571428571428,0.3392857142857143,0.036635868191322085
761,110,98.21428571428571,112,0,112,0,0,0.0,1.5707573788160454,1.5878682556290844,4.648816119925748,1.2716258374331009,0.5460408065838352,1.5469185426423544,9.107142857142858,4.519686177093536,0.47395036291516335,0.0,0.0,0.0,0.0,0.0,0,0,0,0,0,0.0,0.32142857142857145,0.4817054674818861,0.1690169368888121,0.9012260064734536,0.5722591942462282,0.0,0.3035714285714286,0.03659053549348712
762,110,98.21428571428571,112,0,112,0,0,0.0,1.5894883227067658,1.6068379336147092,4.894568579271396,1.2722515658133906,0.5186817737471462,1.5227788563378941,9.107142857142858,4.519686177093536,0.4795444997461644,0.0,0.0,0.0,0.0,0.0,0,0,0,0,0,0.0,0.33035714285714285,0.4955296281401231,0.1748250448298217,0.8935794438412812,0.5760524341824577,0.0,0.3035714285714286,0.03669833069249577
763,110,98.21428571428571,112,0,112,0,0,0.0,1.57427550356711,1.5913113598984507,4.772453884013237,1.2722876113097465,0.5163861688456868,1.5182411574772574,9.107142857142858,4.519686177093536,0.4766944788558529,0.0,0.0,0.0,0.0,0.0,0,0,0,0,0,0.0,0.33035714285714285,0.4909919346224608,0.17223969411410311,0.8943192166603935,0.5759597573980086,0.0,0.3392857142857143,0.036623081168455626
764,111,99.10714285714286,112,0,112,0,0,0.0,1.5818576638495518,1.599089935430089,4.992427093953433,1.2726032814252484,0.49951131429397694,1.5036105984881594,9.107142857142858,4.519686177093536,0.4786172468135268,0.0,0.0,0.0,0.0,0.0,0,0,0,0,0,0.0,0.3125,0.4963816033099649,0.16095444865738406,0.901038931521086,0.5767009481798391,0.0,0.3392857142857143,0.03666812561915561
765,111,99.10714285714286,112,1,111,0,0,0.008928571428571428,1.6004480799750804,1.6189607563788613,4.9868797628582975,1.2735688524048998,0.4954750661034569,1.4960831603097644,9.107142857142858,4.519686177093536,0.48130934186998386,0.9999993866139214,0.3223027897463197,1.0,6.133860785961787e-07,0.006216373191025859,0,1,0,0,0,1.0,0.3125,0.4971944247924635,0.16742525481587014,0.8794985301679074,0.5841408931542444,0.008928571428571428,0.3035714285714286,0.03678289808883192
766,110,98.21428571428571,112,1,111,0,0,0.008928571428571428,1.6161251234272347,1.6320609879986105,5.032935074249678,1.2751109603595705,0.49712959879694274,1.4326818682559428,9.107142857142858,4.519686177093536,0.4842946757243156,0.7630871159302004,0.3055953562034802,1.0,0.2369128840697996,-0.041859164354426825,1,0,0,0,0,0.0,0.3125,0.5015389323777352,0.1697683447578628,0.909221066148405,0.5871140144216059,0.008928571428571428,0.3571428571428571,0.036896132526124246
767,109,97.32142857142857,112,1,111,0,0,0.008928571428571428,1.6123979289888908,1.638106912241365,4.860126492246808,1.2763371379117896,0.5100978736280989,1.4918453708913562,9.107142857142858,4.519686177093536,0.47981585636710933,0.9999999999417923,0.2885012165437142,1.0,5.820766091346741e-11,0.007139045766566987,0,1,0,0,0,1.0,0.30357142857142855,0.49011057114689865,0.1788579574677927,0.8898268359302925,0.5819582416693125,0.008928571428571428,0.3035714285714286,0.03690520624259966
768,108,96.42857142857143,112,1,111,0,0,0.008928571428571428,1.6329945737473377,1.6581556821711216,5.116637836309726,1.2786387037651585,0.47741549918447873,1.3732064186512036,9.107142857142858,4.519686177093536,0.48354758042406276,0.8617447960409608,0.2975338291939262,1.0,0.13825520395903923,0.018097919713357724,0,1,0,0,0,0.0,0.3125,0.49795519128828175,0.17420860697480037,0.9033166125528365,0.5875082422455328,0.008928571428571428,0.3214285714285714,0.03706020124325761
769,108,96.42857142857143,112,0,112,0,0,0.0,1.6388244345747138,1.6641200248374528,5.113504789438619,1.2810186492023758,0.4667265071156184,1.4134842361009459,9.107142857142858,4.519686177093536,0.4837819065158051,0.0,0.0,0.0,0.0,0.0,0,0,0,0,0,0.0,0.3125,0.49590396230747485,0.17400012755034705,0.9055941395103697,0.5869594415006673,0.0,0.3214285714285714,0.03714313357986863
770,109,97.32142857142857,112,0,112,0,0,0.0,1.6623952038017589,1.6887876938060054,5.964707410905048,1.2841829495543113,0.43324666670208234,1.4242861951515071,9.107142857142858,4.519686177093536,0.4931774131935305,0.0,0.0,0.0,0.0,0.0,0,0,0,0,0,0.0,0.32142857142857145,0.5278495503693017,0.15488728704180826,0.9110649201212204,0.5956349504418116,0.0,0.2857142857142857,0.03733249564880793
771,110,98.21428571428571,112,0,112,0,0,0.0,1.6679711551864138,1.6946209572572433,6.282345360699851,1.2874151496221413,0.42666622412040756,1.4267816527675063,9.107142857142858,4.519686177093536,0.4959638525195722,0.0,0.0,0.0,0.0,0.0,0,0,0,0,0,0.0,0.3482142857142857,0.5385455468859838,0.146326278256979,0.9105860985389468,0.5984035702087375,0.0,0.35714285714285715,0.037433418055572064
772,111,99.10714285714286,112,0,112,0,0,0.0,1.687478746155648,1.714404583714521,6.349225005987451,1.2912165906545439,0.4357430975001767,1.4399935725132658,9.107142857142858,4.519686177093536,0.49866546461162153,0.0,0.0,0.0,0.0,0.0,0,0,0,0,0,0.0,0.35714285714285715,0.5421422084712543,0.16010245919499483,0.893388552018881,0.5996550086138834,0.0,0.3571428571428572,0.037616862612854164
773,112,100.0,112,0,112,0,0,0.0,1.6742911731563725,1.700895459925949,6.032054068479657,1.29435776248166,0.46335855739175175,1.4663768487525044,9.107142857142858,4.519686177093536,0.4943280277832842,0.0,0.0,0.0,0.0,0.0,0,0,0,0,0,0.0,0.30357142857142855,0.5300985146497915,0.16678480256041261,0.9060533074746784,0.5898697760103585,0.0,0.3214285714285714,0.03762191030229225
774,112,100.0,112,0,112,0,0,0.0,1.6762936166909042,1.7030626535587925,6.133126900742309,1.2974353234807505,0.4574841809991429,1.4338098624369588,9.107142857142858,4.519686177093536,0.4964559994380775,0.0,0.0,0.0,0.0,0.0,0,0,0,0,0,0.0,0.29464285714285715,0.5357760872380318,0.16661688406976854,0.91541993406245,0.5910778934817842,0.0,0.3214285714285714,0.037701470569498664
775,112,100.0,112,0,112,0,0,0.0,1.6861251763712768,1.7127636871153182,6.215777038715747,1.300724553398925,0.45615291104878813,1.4264683214334024,9.107142857142858,4.519686177093536,0.49593766357548263,0.0,0.0,0.0,0.0,0.0,0,0,0,0,0,0.0,0.33035714285714285,0.5337867253330126,0.1600011330095532,0.9192678207117722,0.597363352003432,0.0,0.35714285714285715,0.0378249598028728
776,112,100.0,112,0,112,0,0,0.0,1.7115249135598194,1.7388734777405748,6.890147180007325,1.3048091849253614,0.43502792165792004,1.4162426087625364,9.107142857142858,4.519686177093536,0.5022006965670673,0.0,0.0,0.0,0.0,0.0,0,0,0,0,0,0.0,0.3125,0.555469140849022,0.1533407709194568,0.9223151113530292,0.601230741668963,0.0,0.3571428571428571,0.03804426475205829
777,112,100.0,112,0,112,0,0,0.0,1.7046364528534086,1.7317571455895209,6.9857824443113135,1.3084518952208744,0.44933380923474253,1.4229686841082412,9.107142857142858,4.519686177093536,0.5038490055463647,0.0,0.0,0.0,0.0,0.0,0,0,0,0,0,0.0,0.3125,0.5624043527994341,0.15509326497709863,0.9188722991229837,0.6066857064673766,0.0,0.39285714285714285,0.03809214198537517
778,111,99.10714285714286,112,1,111,0,0,0.008928571428571428,1.7128396355856876,1.7395993436394923,7.083327101788558,1.3122261252573628,0.46405181334391327,1.4641548061785525,9.107142857142858,4.519686177093536,0.5033496077250599,0.999999843061041,0.0035497005840184805,1.0,1.5693895905055655e-07,0.08173495535907795,0,1,0,0,0,1.0,0.3125,0.5629264295702688,0.15389072017529978,0.9189366212697561,0.6091462429791363,0.008928571428571428,0.3571428571428572,0.038218449575662006
779,111,99.10714285714286,112,0,112,0,0,0.0,1.7037912313398595,1.7304147647820294,7.303291410565974,1.3154850760060872,0.46980229266252566,1.4779891557623783,9.107142857142858,4.519686177093536,0.5044029028842012,0.0,0.0,0.0,0.0,0.0,0,0,0,0,0,0.0,0.33035714285714285,0.5713761438825241,0.14190502441889397,0.9062771912361074,0.6086142758287606,0.0,0.3571428571428572,0.03824685472768706
780,111,99.10714285714286,112,0,112,0,0,0.0,1.7345992897156268,1.7616693932762921,8.160235963042698,1.3197268213073086,0.41535396983275835,1.4456647258649944,9.107142857142858,4.519686177093536,0.5100858819048038,0.0,0.0,0.0,0.0,0.0,0,0,0,0,0,0.0,0.3392857142857143,0.5944003018550035,0.12528831967771661,0.9236989549152169,0.6174120207462062,0.0,0.3571428571428572,0.038496751807589304
781,111,99.10714285714286,112,0,112,0,0,0.0,1.7248717555089876,1.7520693847556703,7.888267743281554,1.323429740825998,0.4333920103581979,1.4561914084195615,9.107142857142858,4.519686177093536,0.5082738340740236,0.0,0.0,0.0,0.0,0.0,0,0,0,0,0,0.0,0.3392857142857143,0.5872839286701167,0.12994717865614788,0.9255524087505076,0.614063379962741,0.0,0.3571428571428572,0.03853179430737366
782,111,99.10714285714286,112,0,112,0,0,0.0,1.7382978580143948,1.7655379954516048,7.405805475622822,1.3274522911517492,0.43622221778661074,1.4441568296589118,9.107142857142858,4.519686177093536,0.504467573333423,0.0,0.0,0.0,0.0,0.0,0,0,0,0,0,0.0,0.3125,0.5674045203875158,0.14255479863693502,0.9322262294171066,0.6089569425603178,0.0,0.3571428571428572,0.038689828145420505
783,112,100.0,112,0,112,0,0,0.0,1.7182894745236277,1.7449394422266016,6.739013414591279,1.3305482428562272,0.46519600963813046,1.4612165224652272,9.107142857142858,4.519686177093536,0.49849182865818253,0.0,0.0,0.0,0.0,0.0,0,0,0,0,0,0.0,0.30357142857142855,0.5460269783375434,0.14931554833741864,0.9194035313039856,0.6068549379220096,0.0,0.3928571428571429,0.03865974987858505
784,112,100.0,112,0,112,0,0,0.0,1.701522710412053,1.7275709926732523,6.394667781165797,1.3328762677285577,0.48746826619570366,1.474325857582112,9.107142857142858,4.519686177093536,0.49726398211125455,0.0,0.0,0.0,0.0,0.0,0,0,0,0,0,0.0,0.32142857142857145,0.538331737639972,0.15240218364440453,0.9121083529322214,0.6070444239489728,0.0,0.3571428571428572,0.03862852576720419
785,112,100.0,112,0,112,0,0,0.0,1.6945112023716173,1.7209108811856393,6.320111170817101,1.3348582602719066,0.4914246294225581,1.4756004025400442,9.107142857142858,4.519686177093536,0.49795218068782376,0.0,0.0,0.0,0.0,0.0,0,0,0,0,0,0.0,0.33035714285714285,0.5386751898860261,0.16134071027824073,0.9072607588035917,0.6057247181332638,0.0,0.3928571428571429,0.038638258148508395
786,112,100.0,112,0,112,0,0,0.0,1.704838667512363,1.7315103636262574,6.455804409058069,1.3371339236464124,0.46649890989896975,1.4547890523416087,9.107142857142858,4.519686177093536,0.5007823305273857,0.0,0.0,0.0,0.0,0.0,0,0,0,0,0,0.0,0.33035714285714285,0.543433365681773,0.1591250113442747,0.9104274673407273,0.6085611588835046,0.0,0.3214285714285714,0.03874132189569948
787,112,100.0,112,0,112,0,0,0.0,1.6996240853392537,1.7258456214417426,6.061854686241963,1.3391019113223581,0.4824215230358681,1.458924308204415,9.107142857142858,4.519686177093536,0.4977824295086446,0.0,0.0,0.0,0.0,0.0,0,0,0,0,0,0.0,0.33035714285714285,0.5287043511883596,0.15735690818722675,0.9045637600165497,0.6097918202869802,0.0,0.3214285714285714,0.03875972241831225
788,112,100.0,112,0,112,0,0,0.0,1.6907636492440794,1.7164989116855396,5.854403480565128,1.340642998572256,0.4905424535201294,1.4573518185014653,9.107142857142858,4.519686177093536,0.49459962856395223,0.0,0.0,0.0,0.0,0.0,0,0,0,0,0,0.0,0.3392857142857143,0.5205714527274085,0.16033394582351898,0.9170375365796897,0.6037953796536464,0.0,0.3214285714285714,0.038750246391541676
789,112,100.0,112,0,112,0,0,0.0,1.681088224408095,1.7068319773253045,5.419267168982522,1.341764901437921,0.4979081168582808,1.4483895160449891,9.107142857142858,4.519686177093536,0.49281019870773757,0.0,0.0,0.0,0.0,0.0,0,0,0,0,0,0.0,0.3482142857142857,0.5080571346608028,0.16931482934844172,0.9184180414397103,0.60432990809249,0.0,0.3214285714285714,0.03872722251173169
790,112,100.0,112,0,112,0,0,0.0,1.674122979058346,1.6994622975455225,5.13032958449245,1.3425696286962034,0.5137960156586587,1.4504080131546684,9.107142857142858,4.519686177093536,0.488053964927766,0.0,0.0,0.0,0.0,0.0,0,0,0,0,0,0.0,0.35714285714285715,0.4945437977621857,0.1763542618692568,0.8987156977589219,0.6024693854627942,0.0,0.3571428571428572,0.03871058185831089
791,112,100.0,112,0,112,0,0,0.0,1.683120095925356,1.7083402994867343,5.106120494750324,1.343658991069061,0.51464840687218,1.4524428354784749,9.107142857142858,4.519686177093536,0.4873118734384616,0.0,0.0,0.0,0.0,0.0,0,0,0,0,0,0.0,0.3392857142857143,0.4910766301506136,0.1791113265510007,0.8987156977589219,0.6064244010714644,0.0,0.3571428571428572,0.03878018532293819
792,112,100.0,112,0,112,0,0,0.0,1.6807514667292982,1.7058501118499931,5.424100093231498,1.3446090787482132,0.4891098351435189,1.4364579769890595,9.107142857142858,4.519686177093536,0.49031625348823815,0.0,0.0,0.0,0.0,0.0,0,0,0,0,0,0.0,0.3482142857142857,0.5034461969564782,0.1619715569596657,0.9167765011017486,0.610649008191886,0.0,0.3214285714285714,0.03878981266771036
793,111,99.10714285714286,112,1,111,0,0,0.008928571428571428,1.687155565010658,1.7118827008937962,5.302209166944853,1.3457487698744133,0.5065204874022154,1.443933861216682,9.107142857142858,4.519686177093536,0.490020222637753,0.9392967103253665,0.3210341310503355,1.0,0.060703289674633454,0.001348607199483931,1,0,0,0,0,0.0,0.33035714285714285,0.4989780269227717,0.17275576963799563,0.9170375365796897,0.6087025553320474,0.008928571428571428,0.3214285714285714,0.03884758839026337
794,111,99.10714285714286,112,0,112,0,0,0.0,1.7140570355367986,1.7393489667037023,5.984551938317807,1.3478156405996142,0.4680664817378723,1.4245050198889113,9.107142857142858,4.519686177093536,0.4947974433501785,0.0,0.0,0.0,0.0,0.0,0,0,0,0,0,0.0,0.3482142857142857,0.5185252439237279,0.1541095366304249,0.9028722032587018,0.6130662655713213,0.0,0.3571428571428572,0.039028803778126724
795,111,99.10714285714286,112,0,112,0,0,0.0,1.7019507639098077,1.7271686058254638,5.593652401335546,1.3493486839848028,0.47908644431065517,1.4281090854716556,9.107142857142858,4.519686177093536,0.4928116452603166,0.0,0.0,0.0,0.0,0.0,0,0,0,0,0,0.0,0.3392857142857143,0.5082259047575476,0.16904533399427585,0.9061318067322722,0.6127603104585503,0.0,0.3214285714285714,0.039002916794976375
796,110,98.21428571428571,112,1,111,0,0,0.008928571428571428,1.704570865767447,1.7249872142542966,5.523469427615758,1.3509082785005928,0.4851064498632453,1.4339816453112317,9.107142857142858,4.519686177093536,0.49148382652351774,0.8429683606506231,0.3048202414530873,1.0,0.15703163934937692,-0.010437402701643061,0,1,0,0,0,0.0,0.35714285714285715,0.5062740349435635,0.17242877001502208,0.9032694815838862,0.6025369010398754,0.008928571428571428,0.32142857142857145,0.03905126169313901
797,109,97.32142857142857,112,1,110,0,1,0.008928571428571428,1.719127416254507,1.747271288834252,5.918592059600531,1.352751774817625,0.4706285275138624,1.4293155805623985,9.107142857142858,4.519686177093536,0.4947862513305643,0.925336336360748,0.32449985260930575,1.0,0.07466366363925203,0.009113684298693303,0,2,0,0,0,0.5,0.3482142857142857,0.5180398385269414,0.16527932529578873,0.9004349356994314,0.6012867969718511,0.008928571428571428,0.30357142857142855,0.03916570456968237
798,110,98.21428571428571,112,1,111,0,0,0.008928571428571428,1.7083359831823686,1.734772679235611,5.8418265846280635,1.354385485294156,0.47211169366047795,1.4247488872306786,9.107142857142858,4.519686177093536,0.49398500588967154,0.813811191963852,0.31691221036154643,1.0,0.186188808036148,-0.028919333901681887,0,1,0,0,0,0.0,0.3482142857142857,0.5174402017256094,0.1789232060349186,0.9211136519965282,0.6039226648850101,0.008928571428571428,0.30357142857142855,0.039148666697612425
799,110,98.21428571428571,112,0,112,0,0,0.0,1.7132157426738654,1.73990711049022,5.671533923367132,1.3560821846644304,0.4793286352298884,1.4268430749639782,9.107142857142858,4.519686177093536,0.49467432647037257,0.0,0.0,0.0,0.0,0.0,0,0,0,0,0,0.0,0.3482142857142857,0.513165946402016,0.19053330232445495,0.9042165611319041,0.6055769426126604,0.0,0.30357142857142855,0.03921140823852248
800,110,98.21428571428571,112,0,112,0,0,0.0,1.7208577303892219,1.7477670722138325,5.726351031205391,1.3579863950306366,0.4776456254912934,1.4316065629898613,9.107142857142858,4.519686177093536,0.49597274896661725,0.0,0.0,0.0,0.0,0.0,0,0,0,0,0,0.0,0.33035714285714285,0.5157281052132933,0.19186479704332665,0.9123298716441475,0.6050057297069882,0.0,0.3035714285714286,0.03929265034345136
801,108,96.42857142857143,112,2,110,0,0,0.017857142857142856,1.7245439757697787,1.7446849281397447,5.742334206600192,1.359919934676015,0.49021526994771886,1.4511091501760762,9.107142857142858,4.519686177093536,0.4948949751672387,0.9329418079055452,0.2984309110982191,1.0,0.06705819209445485,0.03320764588229341,1,1,0,0,0,0.5,0.33035714285714285,0.5136722018578105,0.18783185653060266,0.9119325101661607,0.6029895267013045,0.017857142857142856,0.2857142857142857,0.03935477653239454
802,108,96.42857142857143,112,1,111,0,0,0.008928571428571428,1.7304116158531193,1.7454818733908943,6.035794356756716,1.3617590610617252,0.4836833667039388,1.4506653346866523,9.107142857142858,4.519686177093536,0.49798466287240983,0.9999901484662179,0.2823283189702913,1.0,9.851533782079258e-06,0.004891240658873919,0,1,0,0,0,1.0,0.32142857142857145,0.5241431641425007,0.18266013752952223,0.9229181273779499,0.6049475115852349,0.008928571428571428,0.3214285714285714,0.03942567610332836
803,108,96.42857142857143,112,1,111,0,0,0.008928571428571428,1.726511985762499,1.7523727069004866,6.029008119086562,1.3631803917934942,0.4865701438784927,1.4544764017997271,9.107142857142858,4.519686177093536,0.49618709990995646,0.9995991586833612,0.2575637572528314,1.0,0.0004008413166387559,-0.004158395434030071,0,1,0,0,0,1.0,0.33035714285714285,0.5190467543923615,0.19079913677558313,0.8999438153442332,0.5852436806638431,0.008928571428571428,0.3392857142857143,0.039438297797182525
804,108,96.42857142857143,112,0,112,0,0,0.0,1.7261536751248028,1.7524104363856834,5.991935057708785,1.3649316778641687,0.47284812679772525,1.4393919338529888,9.107142857142858,4.519686177093536,0.4977190081533389,0.0,0.0,0.0,0.0,0.0,0,0,0,0,0,0.0,0.33035714285714285,0.5197257192266931,0.19820944512385094,0.9086749357629147,0.581942932757787,0.0,0.3392857142857143,0.03947608256122287
805,107,95.53571428571429,112,1,111,0,0,0.008928571428571428,1.7596859233015354,1.7879066999352766,6.9158813928026515,1.3678722002213286,0.43260696290316114,1.4084834186805844,9.107142857142858,4.519686177093536,0.5046173551768092,0.9999899251454811,0.3235075067924566,1.0,1.0074854518871135e-05,0.015911925314627595,0,1,0,0,0,1.0,0.3392857142857143,0.5443370069151625,0.1802546049398184,0.8910130803399148,0.58892961955015,0.008928571428571428,0.3392857142857143,0.03971019499336198
806,108,96.42857142857143,112,1,111,0,0,0.008928571428571428,1.7565207566929608,1.7807165032776955,6.679953339698272,1.3706043192640722,0.44396052103989786,1.4325187963489154,9.107142857142858,4.519686177093536,0.5005830177212598,0.9759616623327858,0.17755739404859125,1.0,0.024038337667214194,0.08096047931320882,0,1,0,0,0,1.0,0.35714285714285715,0.5332521402803431,0.18061942936827338,0.8706757465898693,0.5772060811409553,0.008928571428571428,0.375,0.039756110763677424
807,108,96.42857142857143,112,1,111,0,0,0.008928571428571428,1.7625755449573437,1.794599094543859,7.2276007371966715,1.3732846536915155,0.43537216897016656,1.4450074797116301,9.107142857142858,4.519686177093536,0.5037580190691562,0.9999974282638381,0.31581106009838944,1.0,2.5717361619159718e-06,0.007281030692188106,0,1,0,0,0,1.0,0.3392857142857143,0.5465822949632241,0.17190499881881305,0.8655014260644973,0.5743993996275479,0.008928571428571428,0.375,0.03984695605730785
808,109,97.32142857142857,112,0,112,0,0,0.0,1.7472261277543184,1.7790279179643806,7.099070563131619,1.3755416801423699,0.44768810429404227,1.4917819546099491,9.107142857142858,4.519686177093536,0.49832598084731305,0.0,0.0,0.0,0.0,0.0,0,0,0,0,0,0.0,0.3125,0.537624612215559,0.16445292953545507,0.8768455824552376,0.5693954349912074,0.0,0.375,0.03982121422754903
809,109,97.32142857142857,112,0,112,0,0,0.0,1.7420299533255172,1.7729904683770692,6.672671413837358,1.3774783970611546,0.45322950981023313,1.4915927796304171,9.107142857142858,4.519686177093536,0.4954647318680401,0.0,0.0,0.0,0.0,0.0,0,0,0,0,0,0.0,0.29464285714285715,0.5255518078193769,0.1749860203940225,0.8648621907961965,0.5643405761432889,0.0,0.4107142857142857,0.039839000118838896
810,110,98.21428571428571,112,0,112,0,0,0.0,1.7439176949344692,1.7743143221762667,6.610818104543735,1.379375447682805,0.4566719055549048,1.491996736933004,9.107142857142858,4.519686177093536,0.4954779468654398,0.0,0.0,0.0,0.0,0.0,0,0,0,0,0,0.0,0.29464285714285715,0.5249963362296756,0.1737655683126004,0.8898777141017991,0.5695928318411371,0.0,0.375,0.03989130919424326
811,111,99.10714285714286,112,0,112,0,0,0.0,1.7502439614200398,1.7809805144019573,6.477222096804957,1.381427790344587,0.46759369905921294,1.5011339406072535,9.107142857142858,4.519686177093536,0.4962424244585897,0.0,0.0,0.0,0.0,0.0,0,0,0,0,0,0.0,0.2857142857142857,0.5225033249406946,0.18406977999810367,0.8853292971266968,0.5691178185226037,0.0,0.3392857142857143,0.039969320250466685
812,112,100.0,112,0,112,0,0,0.0,1.7517931129260782,1.7830727810475238,6.825320619986571,1.383463024667872,0.45196974961904735,1.4994186246312549,9.107142857142858,4.519686177093536,0.49848661245379655,0.0,0.0,0.0,0.0,0.0,0,0,0,0,0,0.0,0.2857142857142857,0.5332470513252155,0.1810795045620157,0.8686656940656284,0.569017633554285,0.0,0.375,0.040023059110187366
813,112,100.0,112,0,112,0,0,0.0,1.7509368514281536,1.7818018722989495,6.466398441539893,1.3853603199171494,0.45246298560979287,1.485879158646443,9.107142857142858,4.519686177093536,0.49725956168550645,0.0,0.0,0.0,0.0,0.0,0,0,0,0,0,0.0,0.30357142857142855,0.5226735248962937,0.18817094563230927,0.8482891535027592,0.5746418538104556,0.0,0.375,0.040061653698257864
814,112,100.0,112,0,112,0,0,0.0,1.767107069276816,1.7984875371176718,6.8293440606046625,1.3877751751244016,0.4445482002414895,1.4830178343188074,9.107142857142858,4.519686177093536,0.5004777629702712,0.0,0.0,0.0,0.0,0.0,0,0,0,0,0,0.0,0.3125,0.5338500672515057,0.1854461364015326,0.8768455824552376,0.5836004695618507,0.0,0.375,0.040197076726000674
815,112,100.0,112,0,112,0,0,0.0,1.7401611857433785,1.7698623010463055,6.048078480311222,1.3890458697843515,0.49053777507821855,1.5091431955718508,9.107142857142858,4.519686177093536,0.4921136211247106,0.0,0.0,0.0,0.0,0.0,0,0,0,0,0,0.0,0.30357142857142855,0.5100680191157523,0.19875518642247195,0.8768455824552376,0.5776338742885317,0.0,0.375,0.0400910630137829
816,112,100.0,112,0,112,0,0,0.0,1.747216094549492,1.7775380042953508,6.260656746005175,1.3905366671923964,0.4837978867869158,1.483417524432209,9.107142857142858,4.519686177093536,0.492430518404281,0.0,0.0,0.0,0.0,0.0,0,0,0,0,0,0.0,0.29464285714285715,0.5125662827248604,0.19099295119350526,0.884372875624526,0.572780083138588,0.0,0.3392857142857143,0.04016002724000341
817,112,100.0,112,0,112,0,0,0.0,1.734601999227839,1.7644503904587994,6.141816371989842,1.3914868699772764,0.483334722889598,1.5002342054370996,9.107142857142858,4.519686177093536,0.48965607962483304,0.0,0.0,0.0,0.0,0.0,0,0,0,0,0,0.0,0.32142857142857145,0.5094306308930702,0.19010967444547794,0.8787525969471014,0.5705459701474835,0.0,0.3392857142857143,0.04011842985535643
818,112,100.0,112,0,112,0,0,0.0,1.7275996705744991,1.7572893375708423,6.134562985209172,1.3921352008842243,0.46974485219473927,1.4628285213993197,9.107142857142858,4.519686177093536,0.48917646515457003,0.0,0.0,0.0,0.0,0.0,0,0,0,0,0,0.0,0.30357142857142855,0.5088790204214033,0.1867038414388403,0.9070038581162898,0.5685636053132477,0.0,0.3392857142857143,0.0400980694732813
819,111,99.10714285714286,112,1,111,0,0,0.008928571428571428,1.7456939947199217,1.776582899951329,6.410768276095534,1.3934083094788845,0.46927714702944945,1.4930883927829206,9.107142857142858,4.519686177093536,0.4923761360982706,0.9999969074847801,0.28714004275953486,1.0,3.0925152199046124e-06,0.04876073693609628,0,1,0,0,0,1.0,0.3392857142857143,0.5180372422724069,0.18881888787354187,0.9088584752807846,0.580768164706063,0.008928571428571428,0.3214285714285715,0.04021731135059454
820,111,99.10714285714286,112,0,112,0,0,0.0,1.742929626247975,1.7736215962636863,6.343253046993257,1.394560330821115,0.47104884752253456,1.4703394606816111,9.107142857142858,4.519686177093536,0.4919601929400028,0.0,0.0,0.0,0.0,0.0,0,0,0,0,0,0.0,0.3482142857142857,0.5161621836408686,0.1895779068541512,0.9198959016242179,0.5809871252440761,0.0,0.3214285714285715,0.040229523382915786
821,111,99.10714285714286,112,0,112,0,0,0.0,1.7317721287522072,1.762533277131611,6.102392108358817,1.3952593586323159,0.47434333909231,1.4627117236617255,9.107142857142858,4.519686177093536,0.48974153384031216,0.0,0.0,0.0,0.0,0.0,0,0,0,0,0,0.0,0.35714285714285715,0.5076426700386222,0.18890144937506934,0.9247766819197032,0.5800709067546966,0.0,0.3214285714285715,0.04018953282711539
822,111,99.10714285714286,112,0,112,0,0,0.0,1.7045319193738402,1.7345771618012298,5.841900276871738,1.394915969635969,0.5007976123516531,1.5028171004823212,9.107142857142858,4.519686177093536,0.4867430923844833,0.0,0.0,0.0,0.0,0.0,0,0,0,0,0,0.0,0.36607142857142855,0.5012817535879911,0.18434030799707934,0.9133872490837289,0.5789460380483783,0.0,0.3571428571428572,0.04004557172772278
823,111,99.10714285714286,112,0,112,0,0,0.0,1.6900588503213834,1.7202166941570878,5.77565264267197,1.3940688622877602,0.5015389753758085,1.4714408312752851,9.107142857142858,4.519686177093536,0.48486473391643137,0.0,0.0,0.0,0.0,0.0,0,0,0,0,0,0.0,0.3482142857142857,0.4985873240289404,0.1807126305547179,0.9264461219447537,0.5731861555846757,0.0,0.3214285714285715,0.03995406308559943
824,112,100.0,112,0,112,0,0,0.0,1.6842570923127005,1.7143702956891584,5.67675829940212,1.3930486504425437,0.5032057772564521,1.4718591438300936,9.107142857142858,4.519686177093536,0.4830491375770791,0.0,0.0,0.0,0.0,0.0,0,0,0,0,0,0.0,0.35714285714285715,0.4934024512523368,0.1773254486539609,0.9181547815017508,0.5724239192538793,0.0,0.3214285714285715,0.039901999108683354
825,111,99.10714285714286,112,1,111,0,0,0.008928571428571428,1.6942512631156208,1.72752710535783,6.270585845041199,1.3924775302492016,0.4813397806678858,1.4714380536070963,9.107142857142858,4.519686177093536,0.48883095929221554,0.7800883018310111,0.005219936091719477,1.0,0.21991169816898892,0.015256154704141323,0,1,0,0,0,0.0,0.3392857142857143,0.5167006266768486,0.14452103295274255,0.922685262334546,0.5857881394707256,0.008928571428571428,0.3214285714285715,0.03993906354248142
826,111,99.10714285714286,112,0,112,0,0,0.0,1.7233098846227628,1.7579028291865681,6.977804426474324,1.3931032687373803,0.44452382915412897,1.3674174367492127,9.107142857142858,4.519686177093536,0.498091538884301,0.0,0.0,0.0,0.0,0.0,0,0,0,0,0,0.0,0.33035714285714285,0.5422060977105231,0.13477128567275054,0.922685262334546,0.5985754261950017,0.0,0.3214285714285715,0.04009849735799462
827,111,99.10714285714286,112,0,112,0,0,0.0,1.7132206719812115,1.7470730945113648,6.146627626841989,1.3933091497926988,0.4791370788913469,1.3804789292242508,9.107142857142858,4.519686177093536,0.493580691371295,0.0,0.0,0.0,0.0,0.0,0,0,0,0,0,0.0,0.3482142857142857,0.5182994073705666,0.1541665500942641,0.9127212413970648,0.5945593594492866,0.0,0.3214285714285715,0.0400527038835861
828,111,99.10714285714286,112,0,112,0,0,0.0,1.6957373429231235,1.728453142744971,5.523415663261332,1.3928324749614853,0.4993954862805157,1.4086088629128375,9.107142857142858,4.519686177093536,0.48654684552413996,0.0,0.0,0.0,0.0,0.0,0,0,0,0,0,0.0,0.3392857142857143,0.4953498529696752,0.16219660043376005,0.9155459323020868,0.5883467327136349,0.0,0.3214285714285715,0.039954515135067634
829,110,98.21428571428571,112,1,111,0,0,0.008928571428571428,1.7240800186079484,1.7523398623449407,5.925128046960805,1.393417456515296,0.47400951358150883,1.4285696747239167,9.107142857142858,4.519686177093536,0.48979631142073377,0.9993336943750285,0.32418164473452904,1.0,0.0006663056249714971,-0.04157879761552863,1,0,0,0,0,1.0,0.32142857142857145,0.5078745085287877,0.17269706137638885,0.9191371933517317,0.5975880849602885,0.008928571428571428,0.32142857142857145,0.04010944817870483
830,111,99.10714285714286,112,0,112,0,0,0.0,1.7156348907740981,1.7435865244858872,5.7212518852477015,1.393483071650249,0.47793960893879894,1.412833148154256,9.107142857142858,4.519686177093536,0.4875547738085013,0.0,0.0,0.0,0.0,0.0,0,0,0,0,0,0.0,0.3125,0.5012645324243762,0.17461371269929446,0.9195115816394813,0.5951183525285284,0.0,0.2857142857142857,0.04006870533862785
831,111,99.10714285714286,112,0,112,0,0,0.0,1.7215038747541893,1.7502142840568977,6.111893866871647,1.3937853643335636,0.4545487565001479,1.4128500858607858,9.107142857142858,4.519686177093536,0.49267805962949995,0.0,0.0,0.0,0.0,0.0,0,0,0,0,0,0.0,0.3392857142857143,0.5164283104463482,0.16415378554021726,0.9268614784253275,0.603622862744561,0.0,0.25,0.040104881598839376
832,111,99.10714285714286,112,0,112,0,0,0.0,1.7201329993628185,1.748687784949273,6.115079956580195,1.3940187999609268,0.451763871020225,1.4110743809141018,9.107142857142858,4.519686177093536,0.49162398339287106,0.0,0.0,0.0,0.0,0.0,0,0,0,0,0,0.0,0.33035714285714285,0.5159416906884908,0.16110478807840617,0.9145343273141402,0.6056290159789232,0.0,0.32142857142857145,0.040103302500773694
833,111,99.10714285714286,112,0,112,0,0,0.0,1.72372001622227,1.7528692158995627,6.697925953112261,1.3943928750758399,0.4341899645193501,1.4394403984117037,9.107142857142858,4.519686177093536,0.4977059561506534,0.0,0.0,0.0,0.0,0.0,0,0,0,0,0,0.0,0.35714285714285715,0.5373397557561288,0.14804426594091402,0.9174123014544104,0.6106339635378474,0.0,0.32142857142857145,0.04012969109570129
834,112,100.0,112,0,112,0,0,0.0,1.712960352842816,1.7418461196428243,6.219142248240179,1.3943514756832494,0.44783405244928476,1.415189510034123,9.107142857142858,4.519686177093536,0.49622372351483546,0.0,0.0,0.0,0.0,0.0,0,0,0,0,0,0.0,0.35714285714285715,0.5258292464845286,0.15868143440574464,0.8888211241366626,0.6096501823134276,0.0,0.32142857142857145,0.04007495721749186
835,111,99.10714285714286,112,1,111,0,0,0.008928571428571428,1.7308771144722985,1.7617997242198666,6.693695453845026,1.394976527510442,0.4354481467081356,1.4208979578152885,9.107142857142858,4.519686177093536,0.4982323064455896,0.9699756780286573,0.3088159493087742,1.0,0.03002432197134275,0.017217888112309954,0,1,0,0,0,1.0,0.33035714285714285,0.5347647247337496,0.16304525975003778,0.9018307829201,0.6080807890422358,0.008928571428571428,0.3214285714285715,0.04017866621615592
836,111,99.10714285714286,112,0,112,0,0,0.0,1.7144912517891984,1.743616445797615,6.18293326848287,1.3949727594086485,0.45215450285022735,1.447525131346952,9.107142857142858,4.519686177093536,0.49579611095715914,0.0,0.0,0.0,0.0,0.0,0,0,0,0,0,0.0,0.33035714285714285,0.5245941058604967,0.17752073104345692,0.9067837193493107,0.6103826610645005,0.0,0.3571428571428572,0.04009665174955247
837,111,99.10714285714286,112,0,112,0,0,0.0,1.7339347136711882,1.7641158881368633,6.690012043082762,1.3957103699826616,0.42708862200970127,1.4265469806828943,9.107142857142858,4.519686177093536,0.4998297546531423,0.0,0.0,0.0,0.0,0.0,0,0,0,0,0,0.0,0.3125,0.5394355068367865,0.17092360845620255,0.8988450779321038,0.6149551762117389,0.0,0.3214285714285714,0.04021053790053965
838,111,99.10714285714286,112,0,111,1,0,0.0,1.7322687995827981,1.7607180111510394,6.08241293776636,1.396291784172366,0.4431019406819597,1.4024162394484212,9.107142857142858,4.519686177093536,0.49866381898210754,0.8733593826533925,0.33095751617511093,1.0,0.12664061734660748,0.018327195656804296,0,0,1,0,0,0.0,0.33035714285714285,0.5236268698397931,0.19101015439146557,0.9085201717866768,0.6173966545437067,0.0,0.3214285714285714,0.04021534737847956
839,110,98.21428571428571,112,1,111,0,0,0.008928571428571428,1.7353053856223337,1.7608376843137161,6.442439368347272,1.396962026995757,0.44688864823748753,1.4093399160273985,9.107142857142858,4.519686177093536,0.4980972661191383,0.9999999940056847,0.32636900446394834,1.0,5.9943152663777255e-09,-0.002488353661030507,0,1,0,0,0,1.0,0.33035714285714285,0.532200859484932,0.17366003264716107,0.9128042410280399,0.6169417879210517,0.008928571428571428,0.3035714285714286,0.04024567674479812
840,110,98.21428571428571,112,1,109,0,2,0.008928571428571428,1.7442627358983718,1.7678018515822924,6.858275190058974,1.3978575763412509,0.42597965120757647,1.4097979300218983,9.107142857142858,4.519686177093536,0.5016870754241787,0.9883172937657924,0.2807889444845527,1.0,0.011682706234207715,-0.00979082791906479,1,2,0,0,0,1.0,0.35714285714285715,0.5457144749591712,0.16970161184102994,0.8899719634307455,0.6189317094012231,0.008928571428571428,0.30357142857142855,0.04031070150616698
841,109,97.32142857142857,112,1,110,0,1,0.008928571428571428,1.7453765852897167,1.7659518394047664,6.52991006008095,1.3986030067198114,0.45156799119540125,1.4266595694538904,9.107142857142858,4.519686177093536,0.5004276932749634,0.990949376938556,0.24412215882655083,1.0,0.009050623061443941,0.0037161299616791654,1,1,0,0,0,1.0,0.36607142857142855,0.5379213600074136,0.18488812405798918,0.9078305784693793,0.6176512129156954,0.008928571428571428,0.3392857142857143,0.04033311631001353
842,108,96.42857142857143,112,1,111,0,0,0.008928571428571428,1.7544380474898358,1.7678616171377304,6.688801515510584,1.3995617672110003,0.4596533293973842,1.461308258039622,9.107142857142858,4.519686177093536,0.5007885514628616,0.8934349132891894,0.33293657538868326,1.0,0.10656508671081055,0.011763930012175239,0,1,0,0,0,0.0,0.35714285714285715,0.5421974261007512,0.18003876816899708,0.8926841806778265,0.6173101585458117,0.008928571428571428,0.3571428571428572,0.04040009010370998
843,107,95.53571428571429,112,1,110,1,0,0.008928571428571428,1.7666894493264513,1.786134504349728,7.285309929572899,1.4006732815526037,0.4357459090695812,1.446250001466917,9.107142857142858,4.519686177093536,0.5040897502824015,0.8473852720809173,0.24502589242220768,1.0,0.1526147279190827,-0.002670235403386484,0,1,0,1,0,0.0,0.35714285714285715,0.5586134867403768,0.1695070667479378,0.8928468478196487,0.6163989584641334,0.008928571428571428,0.3571428571428571,0.04048646559291999
844,108,96.42857142857143,112,1,111,0,0,0.008928571428571428,1.7727472887799522,1.7904804196484299,7.150704125414741,1.4021634473548763,0.44700361060993116,1.4082558888919454,9.107142857142858,4.519686177093536,0.5026989291798061,0.9991919328924093,0.3066643626450939,1.0,0.0008080671075907375,0.01053240664609123,0,1,0,0,0,1.0,0.33035714285714285,0.5525191894884064,0.17774980330192575,0.8915260991310221,0.6112845858094271,0.008928571428571428,0.35714285714285715,0.04055043019907804
845,107,95.53571428571429,112,1,110,0,1,0.008928571428571428,1.7573876570576377,1.7802010486323085,6.894094783415118,1.4029914033679094,0.47778398045402015,1.4457626091523978,9.107142857142858,4.519686177093536,0.49787200221015326,0.9998642876549704,0.28592955331867753,1.0,0.00013571234502968155,-0.005273400564237585,1,1,0,0,0,1.0,0.33035714285714285,0.5424093779161749,0.18103273484435517,0.8932243592789664,0.5933001634262179,0.008928571428571428,0.32142857142857145,0.0404923425472032
846,108,96.42857142857143,112,1,111,0,0,0.008928571428571428,1.7533637317935902,1.7792765072118637,7.018968535746442,1.403806167260927,0.49396412258815114,1.5025933617182177,9.107142857142858,4.519686177093536,0.49910330748958676,0.8860969823848202,0.06806629721656293,1.0,0.11390301761517985,0.07827868339405157,0,1,0,0,0,0.0,0.3392857142857143,0.5497440396339384,0.19279234113963556,0.8665455769267011,0.5933140736544728,0.008928571428571428,0.32142857142857145,0.04049063530640729
847,108,96.42857142857143,112,0,112,0,0,0.0,1.7380681261927897,1.7634992804639125,6.6959650227604985,1.4041222405358653,0.506797220068267,1.473077016731826,9.107142857142858,4.519686177093536,0.49634146271298163,0.0,0.0,0.0,0.0,0.0,0,0,0,0,0,0.0,0.3392857142857143,0.5422274510191222,0.20450237557808473,0.8672581679466292,0.5829385568133837,0.0,0.35714285714285715,0.04042130003846173
848,109,97.32142857142857,112,0,112,0,0,0.0,1.7286350551478997,1.7539415670063532,6.5529626711186575,1.4040784453674968,0.510698775193963,1.4819056040795249,9.107142857142858,4.519686177093536,0.49211777571401694,0.0,0.0,0.0,0.0,0.0,0,0,0,0,0,0.0,0.3392857142857143,0.5334073482344568,0.19730794243094552,0.8643054387824275,0.5820746036707422,0.0,0.32142857142857145,0.040373144981151785
849,110,98.21428571428571,112,0,112,0,0,0.0,1.7199530586010308,1.7448847084402648,6.2352966550466835,1.4037091563355473,0.5246540804914481,1.4967820654040185,9.107142857142858,4.519686177093536,0.48980435402346556,0.0,0.0,0.0,0.0,0.0,0,0,0,0,0,0.0,0.30357142857142855,0.5245161919297857,0.2064952423413001,0.8672581679466292,0.5781089469164026,0.0,0.35714285714285715,0.04032138964575217
850,111,99.10714285714286,112,0,112,0,0,0.0,1.732722035525802,1.7577745605311974,6.555869652213996,1.4038226226994894,0.5210590241472363,1.5403814761565582,9.107142857142858,4.519686177093536,0.49145309733743936,0.0,0.0,0.0,0.0,0.0,0,0,0,0,0,0.0,0.32142857142857145,0.5321164856713969,0.1966681609866029,0.8906274335506609,0.5816806156136977,0.0,0.35714285714285715,0.040387798692159395
851,112,100.0,112,0,112,0,0,0.0,1.736696173520885,1.7616434071295943,6.5298816970589515,1.4040708485198012,0.5089411857028124,1.5267659115985026,9.107142857142858,4.519686177093536,0.49194364181313244,0.0,0.0,0.0,0.0,0.0,0,0,0,0,0,0.0,0.3392857142857143,0.5286769270383541,0.19561205035415133,0.8922287943210417,0.5838453672402276,0.0,0.35714285714285715,0.040413278896179114
852,112,100.0,112,0,112,0,0,0.0,1.7134728520892577,1.7376163595203042,5.912011870930806,1.403439097592376,0.5287349946551779,1.492233810512358,9.107142857142858,4.519686177093536,0.48660321202575285,0.0,0.0,0.0,0.0,0.0,0,0,0,0,0,0.0,0.35714285714285715,0.5092955016406358,0.20843634995902285,0.8952721337152523,0.5826192090924743,0.0,0.35714285714285715,0.040282885709350735
853,112,100.0,112,0,112,0,0,0.0,1.7361803223393715,1.7604540128565498,6.081709629964313,1.4036616520331,0.5011798502030445,1.4594355372181944,9.107142857142858,4.519686177093536,0.49077027214186986,0.0,0.0,0.0,0.0,0.0,0,0,0,0,0,0.0,0.3482142857142857,0.5152378507206303,0.21165559350918994,0.8819867984787733,0.5907267495562077,0.0,0.32142857142857145,0.04040145244174825
854,112,100.0,112,0,112,0,0,0.0,1.7113029445017793,1.735285744040582,6.094695792152336,1.402964126298179,0.5197875363557369,1.5057146147083011,9.107142857142858,4.519686177093536,0.4917108524002687,0.0,0.0,0.0,0.0,0.0,0,0,0,0,0,0.0,0.36607142857142855,0.5221522226790397,0.20298523356733342,0.8958946976895836,0.5960482996228623,0.0,0.32142857142857145,0.04026130256544884
855,112,100.0,112,0,112,0,0,0.0,1.7085064541883088,1.7322707014184378,5.972328974064057,1.402189110165779,0.5415277205468361,1.4856604333227554,9.107142857142858,4.519686177093536,0.4906119173733461,0.0,0.0,0.0,0.0,0.0,0,0,0,0,0,0.0,0.35714285714285715,0.5197897894351583,0.21333875455460988,0.9034339389274421,0.596395842689254,0.0,0.32142857142857145,0.04022980596537833
856,112,100.0,112,0,112,0,0,0.0,1.694746108611352,1.7178035567431669,5.189240088389007,1.4009260266998993,0.5689019788560075,1.5333509823146978,9.107142857142858,4.519686177093536,0.48270453297219884,0.0,0.0,0.0,0.0,0.0,0,0,0,0,0,0.0,0.35714285714285715,0.48930938258889695,0.2299566725039434,0.8938401233405069,0.5926179073255001,0.0,0.32142857142857145,0.040132460533087284
857,112,100.0,112,0,112,0,0,0.0,1.6901228876820045,1.7134637554933245,5.47270269166797,1.3995631143250695,0.5536247576405443,1.492114856997649,9.107142857142858,4.519686177093536,0.4854400782588866,0.0,0.0,0.0,0.0,0.0,0,0,0,0,0,0.0,0.375,0.5020473461429112,0.21447527786614654,0.8771540167911078,0.5984991447338294,0.0,0.32142857142857145,0.04007854474733501
858,112,100.0,112,0,112,0,0,0.0,1.7030197451810398,1.7263204607451033,5.625744373537378,1.3987266674965269,0.542859147099653,1.4329027639214467,9.107142857142858,4.519686177093536,0.4857521603532795,0.0,0.0,0.0,0.0,0.0,0,0,0,0,0,0.0,0.36607142857142855,0.5040810827706909,0.2098446064917835,0.8807451845058151,0.6033496451023833,0.0,0.32142857142857145,0.040124126648986
859,112,100.0,112,0,112,0,0,0.0,1.6925865792787043,1.7154546888876079,5.561189717898009,1.39753514640873,0.5383257421450695,1.4364747914396692,9.107142857142858,4.519686177093536,0.48501604233604345,0.0,0.0,0.0,0.0,0.0,0,0,0,0,0,0.0,0.36607142857142855,0.5032548788312213,0.20363434992875365,0.8979627412217694,0.604879078655728,0.0,0.35714285714285715,0.04004503431252316
860,112,100.0,112,0,112,0,0,0.0,1.713397562506185,1.7366070061400727,5.966984986179667,1.3971622930220313,0.514737229904022,1.4166131450760653,9.107142857142858,4.519686177093536,0.48762591570752134,0.0,0.0,0.0,0.0,0.0,0,0,0,0,0,0.0,0.3482142857142857,0.5138138919704974,0.19465676719457808,0.8758436040344817,0.6108290794359927,0.0,0.35714285714285715,0.04014066332717084
861,112,100.0,112,0,112,0,0,0.0,1.718583517601352,1.741587960871194,6.156278109192184,1.396986390256288,0.49169575567174395,1.4417800066718682,9.107142857142858,4.519686177093536,0.4877865650403108,0.0,0.0,0.0,0.0,0.0,0,0,0,0,0,0.0,0.35714285714285715,0.5182845703927528,0.1866564860360998,0.8758436040344817,0.6117844504834429,0.0,0.35714285714285715,0.04016261797615247
862,112,100.0,112,0,112,0,0,0.0,1.749349743928091,1.7733363497899735,6.68507613411297,1.3979663797798627,0.46134495253729974,1.4151863383092795,9.107142857142858,4.519686177093536,0.4962704559086235,0.0,0.0,0.0,0.0,0.0,0,0,0,0,0,0.0,0.35714285714285715,0.5374948218285724,0.18672834114769596,0.8839564950749179,0.6229557822184778,0.0,0.32142857142857145,0.04033859533330315
863,112,100.0,112,0,112,0,0,0.0,1.7360629752583867,1.7598923495199188,6.282485823282532,1.3984159755549201,0.470705228793502,1.4283053799716317,9.107142857142858,4.519686177093536,0.4910217139758599,0.0,0.0,0.0,0.0,0.0,0,0,0,0,0,0.0,0.36607142857142855,0.5225871579561128,0.19308728482913298,0.8733446671795734,0.6128379225805788,0.0,0.32142857142857145,0.04028232164900366
864,112,100.0,112,0,112,0,0,0.0,1.7406995350549075,1.7646543871757725,6.655929790783119,1.399017434338023,0.45641414267992314,1.4125337137909741,9.107142857142858,4.519686177093536,0.4939150464054347,0.0,0.0,0.0,0.0,0.0,0,0,0,0,0,0.0,0.35714285714285715,0.5347198455986077,0.18334371777656733,0.9004803327526463,0.6201426762550477,0.0,0.39285714285714285,0.04031909647272667
865,112,100.0,112,0,112,0,0,0.0,1.7456500293947381,1.7698673717175626,7.220054565104109,1.3997801975050448,0.4352471398646819,1.4005433466334412,9.107142857142858,4.519686177093536,0.49854031112271335,0.0,0.0,0.0,0.0,0.0,0,0,0,0,0,0.0,0.3482142857142857,0.5543551249409736,0.17062637361626815,0.9059365988550696,0.6233249373281036,0.0,0.35714285714285715,0.040361086195137744
866,112,100.0,112,0,112,0,0,0.0,1.777003238860517,1.8025884838397608,8.228626329707087,1.4016915994359052,0.37834759923343453,1.3699423738088643,9.107142857142858,4.519686177093536,0.5073757198073459,0.0,0.0,0.0,0.0,0.0,0,0,0,0,0,0.0,0.36607142857142855,0.5843638330727824,0.16114972676203568,0.908123147503872,0.6260846464215002,0.0,0.32142857142857145,0.040561046926895536
867,112,100.0,112,0,112,0,0,0.0,1.7817968467536993,1.8073978309380327,8.507512735864038,1.4036905059147151,0.3838196287695765,1.3667580637033336,9.107142857142858,4.519686177093536,0.5092868121938734,0.0,0.0,0.0,0.0,0.0,0,0,0,0,0,0.0,0.375,0.5915935187036673,0.16081018368081612,0.9087926659713987,0.6338530641524953,0.0,0.32142857142857145,0.04063018711626935
868,112,100.0,112,0,112,0,0,0.0,1.7837649218048715,1.8087063714438525,8.501231486436115,1.4056463816331997,0.3752119661369156,1.331765120043835,9.107142857142858,4.519686177093536,0.5059824921212543,0.0,0.0,0.0,0.0,0.0,0,0,0,0,0,0.0,0.4017857142857143,0.586236019231302,0.156503880078792,0.8969620986317054,0.6335570289937539,0.0,0.35714285714285715,0.04068422721376995
869,112,100.0,112,0,112,0,0,0.0,1.7715798077213996,1.7958473106104524,8.149299735405723,1.4070489065512017,0.39707955315642207,1.353622195317968,9.107142857142858,4.519686177093536,0.5013992005335068,0.0,0.0,0.0,0.0,0.0,0,0,0,0,0,0.0,0.35714285714285715,0.5745209600634605,0.15775539124543825,0.8904987932179722,0.6292099656084041,0.0,0.39285714285714285,0.04065499650577721
870,112,100.0,112,0,112,0,0,0.0,1.79060357193093,1.8155177971323608,8.577478393876172,1.4090992771525925,0.3835864716323317,1.3349395019817187,9.107142857142858,4.519686177093536,0.504507375723706,0.0,0.0,0.0,0.0,0.0,0,0,0,0,0,0.0,0.36607142857142855,0.5842530089318076,0.1533834269379125,0.8969620986317054,0.6305455777776737,0.0,0.35714285714285715,0.04079645048514999
871,112,100.0,112,0,112,0,0,0.0,1.7627542329693693,1.7867398845869913,7.5663973932611315,1.410016440369038,0.4241035334085043,1.352052945009379,9.107142857142858,4.519686177093536,0.4956895331867752,0.0,0.0,0.0,0.0,0.0,0,0,0,0,0,0.0,0.375,0.5549017853120725,0.16480031401792117,0.8992996658136205,0.6173411251794488,0.0,0.35714285714285715,0.04067793023989971
872,112,100.0,112,0,112,0,0,0.0,1.795931752731647,1.821070997061333,8.120607465667907,1.412133477522325,0.3946255671042337,1.3075677542079625,9.107142857142858,4.519686177093536,0.5006301114263243,0.0,0.0,0.0,0.0,0.0,0,0,0,0,0,0.0,0.35714285714285715,0.5682919097926584,0.159031575234132,0.912626261560932,0.619757026298788,0.0,0.32142857142857145,0.040891659556501626
873,112,100.0,112,0,112,0,0,0.0,1.7800615625427916,1.8050028227679416,8.605954719140517,1.413573846398071,0.39379265975165983,1.348154130992771,9.107142857142858,4.519686177093536,0.5044329049014322,0.0,0.0,0.0,0.0,0.0,0,0,0,0,0,0.0,0.35714285714285715,0.5889744291333997,0.14883599390952792,0.9036178863609851,0.6296438911051377,0.0,0.32142857142857145,0.04084485868204547
874,112,100.0,112,0,112,0,0,0.0,1.7981229230826183,1.8231804893744366,8.855824541070847,1.4156063739087859,0.3750210886023409,1.3234144578351743,9.107142857142858,4.519686177093536,0.5072339440247662,0.0,0.0,0.0,0.0,0.0,0,0,0,0,0,0.0,0.3392857142857143,0.5945650428529373,0.14792612908331298,0.9052252511651309,0.6322882147192973,0.0,0.39285714285714285,0.04098109741721831
875,112,100.0,112,0,112,0,0,0.0,1.787564467005552,1.8126615842000626,8.481660388455207,1.4171667003520354,0.3928201227487874,1.3634739251499808,9.107142857142858,4.519686177093536,0.506198272909316,0.0,0.0,0.0,0.0,0.0,0,0,0,0,0,0.0,0.3482142857142857,0.5870248953730127,0.15269996930472882,0.8951170296480528,0.6287744999787552,0.0,0.32142857142857145,0.04096356606611952
876,112,100.0,112,0,112,0,0,0.0,1.7933276162253675,1.818227323316149,8.463983919125104,1.4188577480898983,0.39531284034677727,1.3650040187030192,9.107142857142858,4.519686177093536,0.505524314236429,0.0,0.0,0.0,0.0,0.0,0,0,0,0,0,0.0,0.3482142857142857,0.5841437553051131,0.14963346865266067,0.8972116046347034,0.6310834597663201,0.0,0.28571428571428575,0.04103059683764672
877,112,100.0,112,0,112,0,0,0.0,1.7890509332426956,1.8138671111888462,8.095463084300707,1.420314711453057,0.4142070991786517,1.3783884582723291,9.107142857142858,4.519686177093536,0.5005279815199057,0.0,0.0,0.0,0.0,0.0,0,0,0,0,0,0.0,0.35714285714285715,0.5693631091732626,0.1567566153275814,0.8844840920189141,0.6242419433375044,0.0,0.3035714285714286,0.041042138508598364
878,112,100.0,112,0,112,0,0,0.0,1.7808287952638768,1.8056737678607324,7.985537671311019,1.4214095739198118,0.4117382246533991,1.3792606593262273,9.107142857142858,4.519686177093536,0.500206880438919,0.0,0.0,0.0,0.0,0.0,0,0,0,0,0,0.0,0.35714285714285715,0.5680970973839599,0.15619352941040582,0.9021810347418366,0.6239719541500115,0.0,0.32142857142857145,0.04102576999248832
879,112,100.0,112,0,112,0,0,0.0,1.7782327211558595,1.8026325323380628,7.818324097720546,1.4223449885977733,0.4074425641046802,1.3523877627424863,9.107142857142858,4.519686177093536,0.4970239580406486,0.0,0.0,0.0,0.0,0.0,0,0,0,0,0,0.0,0.36607142857142855,0.5609351078113631,0.1592501337006205,0.8874442839790075,0.6257185953578589,0.0,0.35714285714285715,0.04103392852589739
880,112,100.0,112,0,112,0,0,0.0,1.7687937344677935,1.792691342757521,7.859538512323626,1.4228786770107886,0.41961441105713476,1.37205445362281,9.107142857142858,4.519686177093536,0.49341104707534567,0.0,0.0,0.0,0.0,0.0,0,0,0,0,0,0.0,0.375,0.5597357247954563,0.15806566894904514,0.9000190052916929,0.6172701595852393,0.0,0.3928571428571429,0.04099879411317297
881,112,100.0,112,0,112,0,0,0.0,1.7819456848016308,1.8060276997339975,8.062869718672346,1.423870453568607,0.4159667558464196,1.3685057568536507,9.107142857142858,4.519686177093536,0.491394396765229,0.0,0.0,0.0,0.0,0.0,0,0,0,0,0,0.0,0.35714285714285715,0.5593164089017802,0.1555289201954786,0.8859987663613507,0.6103080671519587,0.0,0.3571428571428572,0.04108696645883784
882,112,100.0,112,0,112,0,0,0.0,1.775059607015068,1.7990373698851232,7.3787505622713985,1.4245646521609034,0.4328115434727768,1.3733113987711296,9.107142857142858,4.519686177093536,0.4896081578535778,0.0,0.0,0.0,0.0,0.0,0,0,0,0,0,0.0,0.36607142857142855,0.5424518244067446,0.1676377628690671,0.87789075317003,0.6118442235817325,0.0,0.39285714285714285,0.04106822386881383
883,112,100.0,112,0,112,0,0,0.0,1.775239307048374,1.7993112865713625,7.514883844963105,1.4252373792950663,0.4378908986014012,1.3488922697737267,9.107142857142858,4.519686177093536,0.4881935881052524,0.0,0.0,0.0,0.0,0.0,0,0,0,0,0,0.0,0.375,0.5441709559489368,0.16091955110203818,0.8803775419953859,0.6084855262286243,0.0,0.3928571428571429,0.04108432494662652
884,112,100.0,112,0,112,0,0,0.0,1.7642098634530445,1.7882015291639057,6.938689736466731,1.425478000338054,0.44504201907961516,1.3838580536090415,9.107142857142858,4.519686177093536,0.48677228081363033,0.0,0.0,0.0,0.0,0.0,0,0,0,0,0,0.0,0.39285714285714285,0.5302278389322379,0.1613044905276366,0.9152210904106625,0.6150465983609844,0.0,0.35714285714285715,0.041034615386659416
885,112,100.0,112,0,112,0,0,0.0,1.7917376679785584,1.816170548841208,7.0966753154027895,1.4267190355980013,0.43804623635834533,1.3814930584626237,9.107142857142858,4.519686177093536,0.48834728561727836,0.0,0.0,0.0,0.0,0.0,0,0,0,0,0,0.0,0.38392857142857145,0.5305389896743395,0.1701711816345707,0.9048962970604792,0.6165808490970267,0.0,0.35714285714285715,0.04120029985883533
886,112,100.0,112,0,112,0,0,0.0,1.787838007257026,1.8123903645416344,6.836575036019442,1.4277672979850473,0.4563383827241224,1.3939713038669463,9.107142857142858,4.519686177093536,0.48768403680268313,0.0,0.0,0.0,0.0,0.0,0,0,0,0,0,0.0,0.3392857142857143,0.5244196572413652,0.1825942374150446,0.8875682014860944,0.6104292828107398,0.0,0.35714285714285715,0.04120449064033116
887,112,100.0,112,0,112,0,0,0.0,1.7871620839398783,1.8120743698626358,6.947702931858224,1.4287567566276242,0.45245966001810656,1.3741769142337152,9.107142857142858,4.519686177093536,0.4878642008320939,0.0,0.0,0.0,0.0,0.0,0,0,0,0,0,0.0,0.3482142857142857,0.5274907208982414,0.17840622174749413,0.8759635579239586,0.6071364233505125,0.0,0.32142857142857145,0.041223471236493725
888,112,100.0,112,0,112,0,0,0.0,1.7947125164855868,1.819587161392525,7.144263103415448,1.4299731385249368,0.4536887857180698,1.3981356318503089,9.107142857142858,4.519686177093536,0.48810164257101696,0.0,0.0,0.0,0.0,0.0,0,0,0,0,0,0.0,0.35714285714285715,0.5313482463480735,0.1784346208623159,0.8763677587262535,0.6089707993480923,0.0,0.3928571428571429,0.04128871172145902
889,112,100.0,112,0,112,0,0,0.0,1.8151485288344051,1.8409273891313935,7.8886837648592945,1.4319061528363952,0.43107789211671343,1.3982961406918448,9.107142857142858,4.519686177093536,0.4922469408693304,0.0,0.0,0.0,0.0,0.0,0,0,0,0,0,0.0,0.3482142857142857,0.5497901031144493,0.16603987352480987,0.8758516482968113,0.6102140339131336,0.0,0.3571428571428572,0.04143457487352122
890,112,100.0,112,0,112,0,0,0.0,1.8046042807422065,1.8298786800342428,7.801663057093305,1.4333523073849679,0.4580753367847962,1.468447085539103,9.107142857142858,4.519686177093536,0.4872418327883685,0.0,0.0,0.0,0.0,0.0,0,0,0,0,0,0.0,0.3482142857142857,0.5436447446618692,0.16445119049067225,0.870010392338499,0.6038473844174932,0.0,0.35714285714285715,0.04141453445667585
891,112,100.0,112,0,112,0,0,0.0,1.8034467233932356,1.8287496765085107,7.431773268830467,1.434692278353277,0.4779745061690693,1.4849634286949625,9.107142857142858,4.519686177093536,0.48239582512724843,0.0,0.0,0.0,0.0,0.0,0,0,0,0,0,0.0,0.3392857142857143,0.5296103679139635,0.17267885504358732,0.8749502407966336,0.5928451024300697,0.0,0.3928571428571429,0.041439027911246866
892,112,100.0,112,0,112,0,0,0.0,1.8179885716014248,1.843994418850232,7.886123746290713,1.4365228984488358,0.4670447703174057,1.4576439423534293,9.107142857142858,4.519686177093536,0.4840140544415148,0.0,0.0,0.0,0.0,0.0,0,0,0,0,0,0.0,0.3125,0.5402031982003423,0.17084973889618454,0.8844857738662957,0.5861631045431241,0.0,0.39285714285714285,0.04155310629399485
893,111,99.10714285714286,112,1,111,0,0,0.008928571428571428,1.8294579495586116,1.8495815914838796,8.116515210238754,1.438695817600291,0.47241561252090153,1.4729273714164595,9.107142857142858,4.519686177093536,0.48429755554472353,0.9999999016276009,0.25178655441613906,1.0,9.837239911547613e-08,0.0744171173655005,0,1,0,0,0,1.0,0.3125,0.5445357008330945,0.16606969052239323,0.8956333097732294,0.569472272810558,0.008928571428571428,0.375,0.041659557747044655
894,110,98.21428571428571,112,1,110,0,1,0.008928571428571428,1.836814289246702,1.860872848454715,8.093605096971508,1.4408278458884285,0.47698443504389226,1.4826881727965335,9.107142857142858,4.519686177093536,0.4862516552781162,0.9916858157791963,0.28149634766748827,1.0,0.0083141842208036,-0.008848840293765037,0,2,0,0,0,1.0,0.30357142857142855,0.5442820250270741,0.17123336954242419,0.8981094517996366,0.5701004126949615,0.008928571428571428,0.39285714285714285,0.04174451993940044
895,110,98.21428571428571,112,0,112,0,0,0.0,1.8454623378519546,1.8697085962694793,8.578778096539999,1.4433109176841115,0.4640737820053582,1.4731523784197467,9.107142857142858,4.519686177093536,0.49082808664803435,0.0,0.0,0.0,0.0,0.0,0,0,0,0,0,0.0,0.35714285714285715,0.5591872189125698,0.1674332058456927,0.8739400113869427,0.5724202061717153,0.0,0.39285714285714285,0.041843873708785104
896,110,98.21428571428571,112,0,112,0,0,0.0,1.8402411165528125,1.8641280978531016,8.754937474187663,1.4454799856146474,0.4770355756416523,1.4456059444117375,9.107142857142858,4.519686177093536,0.49160911114599615,0.0,0.0,0.0,0.0,0.0,0,0,0,0,0,0.0,0.3482142857142857,0.5654786768297982,0.16269817844338366,0.8828653663763207,0.5741190376052521,0.0,0.39285714285714285,0.04186678513400349
897,110,98.21428571428571,112,0,112,0,0,0.0,1.8461512035017138,1.8701630873792365,9.382925171380581,1.4477692285516766,0.47066333981449443,1.462834518658791,9.107142857142858,4.519686177093536,0.4949848621038839,0.0,0.0,0.0,0.0,0.0,0,0,0,0,0,0.0,0.33035714285714285,0.5823505862408018,0.1528918277952994,0.8897843721753262,0.580108554354081,0.0,0.32142857142857145,0.04194806886704049
898,111,99.10714285714286,112,0,112,0,0,0.0,1.8613230126090328,1.8857922129886013,9.942186629222112,1.4505201148359348,0.44868489532659134,1.4612009221551643,9.107142857142858,4.519686177093536,0.49884736348406356,0.0,0.0,0.0,0.0,0.0,0,0,0,0,0,0.0,0.3482142857142857,0.5963652263986585,0.1491244682070321,0.8796306305931555,0.5827352896052774,0.0,0.32142857142857145,0.04208609362614568
899,112,100.0,112,0,112,0,0,0.0,1.9021859080844996,1.927832802411065,11.607468729892378,1.454666751860172,0.3839342606234949,1.4273736028704374,9.107142857142858,4.519686177093536,0.508205966246764,0.0,0.0,0.0,0.0,0.0,0,0,0,0,0,0.0,0.3392857142857143,0.6344744406706992,0.14296717418181445,0.9003470478339416,0.5940710429004118,0.0,0.3035714285714286,0.04238411559372236
900,112,100.0,112,0,112,0,0,0.0,1.911001808616152,1.9371396108103835,12.230910194504037,1.4589624847302127,0.3706229310588904,1.4336880534622622,9.107142857142858,4.519686177093536,0.5150801176227877,0.0,0.0,0.0,0.0,0.0,0,0,0,0,0,0.0,0.33035714285714285,0.6536327415640193,0.14023541681541232,0.8718747070934451,0.5974091267966226,0.0,0.3035714285714286,0.042525271918746665
901,112,100.0,112,0,112,0,0,0.0,1.9277202154983455,1.9539692859144373,13.13231944399433,1.4636725827549828,0.36314193520107657,1.471054189545627,9.107142857142858,4.519686177093536,0.519492691197398,0.0,0.0,0.0,0.0,0.0,0,0,0,0,0,0.0,0.32142857142857145,0.6718014362728704,0.13376161336798,0.892146012884958,0.6022604084792231,0.0,0.32142857142857145,0.04271530477783418
902,112,100.0,112,0,112,0,0,0.0,1.9124186504498604,1.9385956316498945,12.800228922903294,1.4676139263890335,0.3715855023517406,1.4495268388728622,9.107142857142858,4.519686177093536,0.5167280243611332,0.0,0.0,0.0,0.0,0.0,0,0,0,0,0,0.0,0.33035714285714285,0.6658946227457131,0.13009217723089628,0.892146012884958,0.6001155913501852,0.0,0.32142857142857145,0.042727865134301726
903,112,100.0,112,0,112,0,0,0.0,1.9266443593547926,1.9531041256264876,13.132326347388275,1.471901724377076,0.3706398325939989,1.462694592983288,9.107142857142858,4.519686177093536,0.5189274839377607,0.0,0.0,0.0,0.0,0.0,0,0,0,0,0,0.0,0.32142857142857145,0.6715211812653357,0.13066684745914442,0.8886431337202355,0.5992896160916962,0.0,0.35714285714285715,0.042895891185310016
904,112,100.0,112,0,112,0,0,0.0,1.9300194629366805,1.956525351525364,13.366600526536754,1.476119430291382,0.37462170348501495,1.504321701941114,9.107142857142858,4.519686177093536,0.5185451653156119,0.0,0.0,0.0,0.0,0.0,0,0,0,0,0,0.0,0.33035714285714285,0.6742574257547408,0.12623726161386603,0.9104878759045087,0.5961546639004242,0.0,0.32142857142857145,0.04300808023881913
905,112,100.0,112,0,112,0,0,0.0,1.9066076384007562,1.9327480375568427,12.414045258342506,1.4792867811563133,0.38973420887748605,1.5030310200726622,9.107142857142858,4.519686177093536,0.5144666567721305,0.0,0.0,0.0,0.0,0.0,0,0,0,0,0,0.0,0.32142857142857145,0.6573077414529648,0.12942497855983415,0.9129431698869692,0.591598758757405,0.0,0.32142857142857145,0.042962598275750684
906,112,100.0,112,0,112,0,0,0.0,1.9014758102038336,1.9279107877610053,11.978642050709695,1.4821360748937227,0.3847193410824642,1.512260735684531,9.107142857142858,4.519686177093536,0.5135204086689638,0.0,0.0,0.0,0.0,0.0,0,0,0,0,0,0.0,0.32142857142857145,0.6478168809553414,0.133531562811876,0.9154900160237034,0.5891685078564094,0.0,0.3571428571428571,0.04300132870236331
907,112,100.0,112,0,112,0,0,0.0,1.926930751259503,1.9541186387539007,13.177895022497149,1.4858041995908495,0.35190882174887744,1.4740741082061726,9.107142857142858,4.519686177093536,0.5193489328217502,0.0,0.0,0.0,0.0,0.0,0,0,0,0,0,0.0,0.32142857142857145,0.6702871176771217,0.12405882504622355,0.8993806122326371,0.6007364761104989,0.0,0.32142857142857145,0.04321149727008896
908,112,100.0,112,0,112,0,0,0.0,1.9393244326229946,1.9670591554701427,13.933962099702907,1.4897744331592957,0.34260933124188325,1.475679553278913,9.107142857142858,4.519686177093536,0.5227459877645304,0.0,0.0,0.0,0.0,0.0,0,0,0,0,0,0.0,0.30357142857142855,0.6838886308990347,0.11610753499939543,0.8915982169755355,0.6032600819538974,0.0,0.3928571428571429,0.04336318672580211
909,112,100.0,112,0,112,0,0,0.0,1.9400346013633032,1.9676177219756092,14.195572642862782,1.493585420992461,0.33268051672456095,1.4822824210945513,9.107142857142858,4.519686177093536,0.5230728563885321,0.0,0.0,0.0,0.0,0.0,0,0,0,0,0,0.0,0.3125,0.6886686880736749,0.11136637267577289,0.8953177784883801,0.6081592594468707,0.0,0.3571428571428572,0.04345285991465679
910,112,100.0,112,0,112,0,0,0.0,1.9619860050601532,1.9903430231274526,15.811669436978969,1.49804585397121,0.28501112793831185,1.4424939400963197,9.107142857142858,4.519686177093536,0.5280893871368841,0.0,0.0,0.0,0.0,0.0,0,0,0,0,0,0.0,0.33035714285714285,0.7179102049186147,0.09813782884890176,0.8829196025146386,0.6146727243927675,0.0,0.3928571428571429,0.04366341571953057
911,112,100.0,112,0,112,0,0,0.0,1.9723976504432041,2.0008070749076348,15.794873068383735,1.5026830432186788,0.2802349150670201,1.4368071351034462,9.107142857142858,4.519686177093536,0.5286714740224805,0.0,0.0,0.0,0.0,0.0,0,0,0,0,0,0.0,0.3392857142857143,0.715259788425483,0.10051708962314099,0.885355188576311,0.6131676277847097,0.0,0.35714285714285715,0.04382026714715758
912,112,100.0,112,0,112,0,0,0.0,1.9718198440402115,2.0003383532864825,15.676891152151118,1.5070936982676668,0.2820660644542568,1.4297190522247365,9.107142857142858,4.519686177093536,0.5251751740084489,0.0,0.0,0.0,0.0,0.0,0,0,0,0,0,0.0,0.32142857142857145,0.7065140580371863,0.10022376725656407,0.8847100505395082,0.6067636944237073,0.0,0.35714285714285715,0.04391705199842681
913,112,100.0,112,0,112,0,0,0.0,1.948942173786573,1.976870256079675,14.032046725856947,1.5104564580737012,0.31296870195662213,1.4288671474452517,9.107142857142858,4.519686177093536,0.5209137822197489,0.0,0.0,0.0,0.0,0.0,0,0,0,0,0,0.0,0.33035714285714285,0.6774196926478133,0.10867436128647459,0.8851873882249905,0.610287076286823,0.0,0.3928571428571429,0.04387865674221972
914,112,100.0,112,0,112,0,0,0.0,1.9882593058226234,2.0173987305741305,16.11808366598317,1.5151326395772227,0.25927185615885434,1.4039337864050714,9.107142857142858,4.519686177093536,0.5290432702498935,0.0,0.0,0.0,0.0,0.0,0,0,0,0,0,0.0,0.32142857142857145,0.7143947577862545,0.09736704023853475,0.8845435964091407,0.61671376104686,0.0,0.3928571428571429,0.0441809167669152
915,112,100.0,112,0,112,0,0,0.0,1.9919823367848302,2.0212846042813997,16.77897249420021,1.5197379757891596,0.234379248379942,1.3741754849940508,9.107142857142858,4.519686177093536,0.5275839476872832,0.0,0.0,0.0,0.0,0.0,0,0,0,0,0,0.0,0.35714285714285715,0.7181299861947675,0.08815337932010857,0.8806697570116664,0.618882792184201,0.0,0.3928571428571429,0.04430360529381604
916,111,99.10714285714286,112,1,111,0,0,0.008928571428571428,2.029349165942565,2.0489185065766593,18.095327692423567,1.5255134058201418,0.22267423117886084,1.4005916863904706,9.107142857142858,4.519686177093536,0.5333011057823509,0.9999999999417923,0.3374812223185204,1.0,5.820766091346741e-11,0.010546913865628671,1,0,0,0,0,1.0,0.3392857142857143,0.7372011108463755,0.08327070493255236,0.8831059531343362,0.6162310757735883,0.008928571428571428,0.35714285714285715,0.04462095509599371
917,110,98.21428571428571,112,1,109,0,2,0.008928571428571428,2.0322331583976885,2.04935245431651,17.857470612954113,1.5307461123847939,0.24632287344033127,1.4262895892357068,9.107142857142858,4.519686177093536,0.5332138741960246,0.9183836754918068,0.2885920449322216,1.0,0.08161632450819327,0.0038197925054064643,0,3,0,0,0,0.3333333333333333,0.35714285714285715,0.7359338453405782,0.08882378990143376,0.8814873918518759,0.6100820236264278,0.008928571428571428,0.41071428571428575,0.04475362601591455
918,109,97.32142857142857,112,1,109,1,1,0.008928571428571428,2.015698346427447,2.0417714531701843,17.61327507058657,1.5350649043266131,0.2579673060831053,1.388250765509802,9.107142857142858,4.519686177093536,0.5309447499294773,0.8707700316118849,0.26746666488270004,1.0,0.12922996838811496,0.004623295035434867,0,2,0,1,0,0.3333333333333333,0.35714285714285715,0.7259932714433338,0.09083262264030123,0.8648259093270209,0.5895514287176082,0.008928571428571428,0.4285714285714286,0.04476854987726926
919,109,97.32142857142857,112,0,112,0,0,0.0,2.0543056371104162,2.081683970003979,19.429163251430435,1.5409532541507824,0.198994493124328,1.3341561402568958,9.107142857142858,4.519686177093536,0.5390776007251139,0.0,0.0,0.0,0.0,0.0,0,0,0,0,0,0.0,0.3482142857142857,0.7523659478026193,0.08973584248303391,0.8648259093270209,0.5948549717858487,0.0,0.4285714285714286,0.045094653797215056
920,108,96.42857142857143,112,1,110,0,1,0.008928571428571428,2.085820451274402,2.1273687301044526,21.66660890574361,1.5477394518627048,0.16773537069304054,1.3241503584135903,9.107142857142858,4.519686177093536,0.5445546931464942,0.9357925036805512,0.19279779733618813,1.0,0.06420749631944883,0.06725003700470134,0,2,0,0,0,0.5,0.3482142857142857,0.7805924092669442,0.08381546148041745,0.8653462942092647,0.6038134083977208,0.008928571428571428,0.375,0.045405585288002974
921,109,97.32142857142857,112,0,112,0,0,0.0,2.1195123635368183,2.162083245697044,23.224570384008288,1.5559619878738629,0.12760676078545072,1.2878850648111435,9.107142857142858,4.519686177093536,0.5501677618759266,0.0,0.0,0.0,0.0,0.0,0,0,0,0,0,0.0,0.33035714285714285,0.8014382865377746,0.08060668451277934,0.8654081890342444,0.6132525162076704,0.0,0.41071428571428575,0.04575986126106649
922,110,98.21428571428571,112,0,112,0,0,0.0,2.1041120619576885,2.1459843109395025,20.901771003687983,1.5632307939984007,0.19473211099814264,1.3318506200279612,9.107142857142858,4.519686177093536,0.5428634885427353,0.0,0.0,0.0,0.0,0.0,0,0,0,0,0,0.0,0.33035714285714285,0.762131148802135,0.08899488577652905,0.8628114673045005,0.6085272583451893,0.0,0.4107142857142857,0.04584712336599607
923,111,99.10714285714286,112,0,112,0,0,0.0,2.124466357942169,2.1655785081201704,20.768037753680225,1.570879549874478,0.1920838805664206,1.3196425040414854,9.107142857142858,4.519686177093536,0.542046620330916,0.0,0.0,0.0,0.0,0.0,0,0,0,0,0,0.0,0.32142857142857145,0.7564531719173402,0.08787946736292782,0.886418883351137,0.6120926626292922,0.0,0.3392857142857143,0.04612174472694382
924,111,99.10714285714286,112,0,112,0,0,0.0,2.100638599498736,2.141265634513231,19.4585252532769,1.5773035135183713,0.2323422653357857,1.3616032202464754,9.107142857142858,4.519686177093536,0.5382669582207953,0.0,0.0,0.0,0.0,0.0,0,0,0,0,0,0.0,0.33035714285714285,0.7375030567451641,0.09134924156986057,0.8702212237268858,0.6073693362795515,0.0,0.4107142857142857,0.04614777743314393
925,112,100.0,112,0,112,0,0,0.0,2.1233943020922035,2.165983067807111,21.399577140634108,1.5843308544981622,0.18741317142237593,1.3232372322115096,9.107142857142858,4.519686177093536,0.5449732691956262,0.0,0.0,0.0,0.0,0.0,0,0,0,0,0,0.0,0.33035714285714285,0.7647050433144293,0.08508060310734368,0.8722713477409632,0.6121564121741321,0.0,0.4107142857142857,0.04642036282555169
926,112,100.0,112,0,112,0,0,0.0,2.110501834032027,2.151948168791979,20.376492467323327,1.5905331150064677,0.20007151518682678,1.3598371249121013,9.107142857142858,4.519686177093536,0.5444456480307702,0.0,0.0,0.0,0.0,0.0,0,0,0,0,0,0.0,0.3392857142857143,0.7552045954500558,0.08893493787883706,0.8698872429922829,0.6150679223479251,0.0,0.4107142857142857,0.04649606184068142
927,112,100.0,112,0,112,0,0,0.0,2.0955561811455437,2.136989951658309,19.884702666011876,1.595914201226208,0.20923308190873796,1.3539274856053767,9.107142857142858,4.519686177093536,0.5411411838463323,0.0,0.0,0.0,0.0,0.0,0,0,0,0,0,0.0,0.3482142857142857,0.7457515363282005,0.08853795491129052,0.8630073599013159,0.6119443318447468,0.0,0.4107142857142857,0.04654293768127454
928,111,99.10714285714286,112,1,111,0,0,0.008928571428571428,2.1386185775916364,2.1788686291859793,22.21899341347659,1.6026713166131126,0.1698056096732996,1.3322962768654485,9.107142857142858,4.519686177093536,0.5481962102615905,0.9759181843076525,0.2412218239525083,1.0,0.024081815692347464,0.08036924424948022,0,1,0,0,0,1.0,0.3392857142857143,0.7758759073735073,0.08538009965669972,0.8538598919703358,0.6109842182085404,0.008928571428571428,0.4285714285714286,0.0469109498685611
929,110,98.21428571428571,112,1,111,0,0,0.008928571428571428,2.1697138246368195,2.2248662044115948,23.994801692447133,1.6101879470530696,0.13835943641590012,1.3131263613791135,9.107142857142858,4.519686177093536,0.5537891995829587,0.9053294319882494,0.08783624799020137,1.0,0.09467056801175056,0.07260557933588538,0,1,0,0,0,0.0,0.32142857142857145,0.7942065289309188,0.08446009126571322,0.863788228908277,0.6061969531553515,0.008928571428571428,0.4107142857142857,0.047236290157275984
930,110,98.21428571428571,112,0,112,0,0,0.0,2.173635931288775,2.2297408659590205,24.056364056945075,1.6180343367478902,0.1473501678556181,1.3231277702212307,9.107142857142858,4.519686177093536,0.5529986333827202,0.0,0.0,0.0,0.0,0.0,0,0,0,0,0,0.0,0.3482142857142857,0.7890334663939178,0.08394156589478827,0.863788228908277,0.604258684350708,0.0,0.4107142857142857,0.047433216785754614
931,110,98.21428571428571,112,0,112,0,0,0.0,2.1282259637661354,2.17905694811746,20.369237117478484,1.623693491029318,0.2204683859438621,1.3271868758457006,9.107142857142858,4.519686177093536,0.5427590225307761,0.0,0.0,0.0,0.0,0.0,0,0,0,0,0,0.0,0.3482142857142857,0.7440706230367179,0.09299032046235807,0.8657455535804461,0.6044287317816822,0.0,0.4107142857142857,0.04733405495504046
932,110,98.21428571428571,112,0,112,0,0,0.0,2.124046414971024,2.1739196273118853,20.03812357242535,1.628911116674289,0.2369239657634761,1.3752638759438842,9.107142857142858,4.519686177093536,0.5412833903282912,0.0,0.0,0.0,0.0,0.0,0,0,0,0,0,0.0,0.375,0.740773729178523,0.09235431463422439,0.8546661957537106,0.606014494951679,0.0,0.4464285714285714,0.04743106736358902
933,111,99.10714285714286,112,0,112,0,0,0.0,2.1136922328047496,2.1647819033140334,19.996908719648555,1.6335625248554666,0.2600142872832392,1.3969461659207167,9.107142857142858,4.519686177093536,0.5389582106976734,0.0,0.0,0.0,0.0,0.0,0,0,0,0,0,0.0,0.375,0.7335328937845468,0.08808741360765901,0.8635474344407696,0.6067235771606275,0.0,0.4107142857142857,0.04748441097906009
934,111,99.10714285714286,112,1,111,0,0,0.008928571428571428,2.0555893029885643,2.0941233633741785,15.904297212800197,1.6356836176002845,0.37860061579811705,1.4259294707760302,9.107142857142858,4.519686177093536,0.5280370147237725,0.9958242336696995,0.15487677795333896,1.0,0.004175766330300479,0.1275514057247128,0,1,0,0,0,1.0,0.39285714285714285,0.6840574098558564,0.10036062832961017,0.858009266436588,0.6060909506133745,0.008928571428571428,0.44642857142857145,0.047241829697774594
935,111,99.10714285714286,112,0,112,0,0,0.0,2.095449851297722,2.1337503476303974,17.257641962146597,1.63890690684705,0.3516957406702915,1.454971606702112,9.107142857142858,4.519686177093536,0.5328759803029544,0.0,0.0,0.0,0.0,0.0,0,0,0,0,0,0.0,0.38392857142857145,0.7057897280496429,0.09790759757527127,0.8384482505235216,0.6080651460516105,0.0,0.48214285714285715,0.04751397371858729
936,111,99.10714285714286,112,0,112,0,0,0.0,2.120574049170835,2.159375961350709,18.10729097631738,1.6429110713921717,0.30818467304624747,1.4024994816883425,9.107142857142858,4.519686177093536,0.5340826522223114,0.0,0.0,0.0,0.0,0.0,0,0,0,0,0,0.0,0.36607142857142855,0.7135447157453256,0.08927890255309288,0.8414020021782256,0.6145286408661994,0.0,0.4821428571428571,0.04773008254367983
937,111,99.10714285714286,112,0,112,0,0,0.0,2.0984455715447385,2.134478433167356,16.990878024147722,1.6458340281540467,0.3285468001493515,1.401786192395613,9.107142857142858,4.519686177093536,0.5310465393375072,0.0,0.0,0.0,0.0,0.0,0,0,0,0,0,0.0,0.36607142857142855,0.7015058217891115,0.09558188021623096,0.845672467713803,0.6183044614516406,0.0,0.44642857142857145,0.04768549439191378
938,111,99.10714285714286,112,0,112,0,0,0.0,2.062070658837055,2.095514169620736,14.7491383428382,1.6472160264963742,0.38839257436732605,1.4202957372945686,9.107142857142858,4.519686177093536,0.5219103384859836,0.0,0.0,0.0,0.0,0.0,0,0,0,0,0,0.0,0.3482142857142857,0.6627938629125539,0.10362346938141842,0.8629117621004645,0.6142384696268764,0.0,0.4464285714285714,0.047534850822398285
939,112,100.0,112,0,112,0,0,0.0,2.0662586321583127,2.1009585136863578,15.04499047456672,1.6487324166635902,0.36236748645673567,1.4144014205091557,9.107142857142858,4.519686177093536,0.5227101040792983,0.0,0.0,0.0,0.0,0.0,0,0,0,0,0,0.0,0.38392857142857145,0.6661516178000108,0.0972509990791812,0.851639219589042,0.6200407681711485,0.0,0.4464285714285714,0.04759005872739381
940,112,100.0,112,0,112,0,0,0.0,2.0671091074191508,2.101590316015133,15.848863679130131,1.6502031151400434,0.3452648632083303,1.4162353007714041,9.107142857142858,4.519686177093536,0.5273485190435028,0.0,0.0,0.0,0.0,0.0,0,0,0,0,0,0.0,0.375,0.6861065421070023,0.09173793014585196,0.8626644156055638,0.6204513266446593,0.0,0.41071428571428575,0.04762754658157149
941,112,100.0,112,0,112,0,0,0.0,2.0882496800340364,2.124436089958827,17.641011125685537,1.6524333884903362,0.30925368213840976,1.4102755415403194,9.107142857142858,4.519686177093536,0.534195282852221,0.0,0.0,0.0,0.0,0.0,0,0,0,0,0,0.0,0.39285714285714285,0.716497432700991,0.08384184572926036,0.8631661194313969,0.625364447219675,0.0,0.4107142857142857,0.04778365012280821
942,112,100.0,112,0,112,0,0,0.0,2.084928904405721,2.1225744357460523,17.70953787120859,1.6544955477418086,0.3022642372971306,1.3820162339735127,9.107142857142858,4.519686177093536,0.5336554354510912,0.0,0.0,0.0,0.0,0.0,0,0,0,0,0,0.0,0.375,0.7133568393941518,0.08342215803200047,0.867340221229426,0.627440384794169,0.0,0.375,0.04781364780798586
943,112,100.0,112,0,112,0,0,0.0,2.088548998685757,2.1254525363097407,17.112354792811196,1.6565685687573144,0.32342969526661847,1.3838056760418875,9.107142857142858,4.519686177093536,0.5325330173278442,0.0,0.0,0.0,0.0,0.0,0,0,0,0,0,0.0,0.375,0.7027071841740753,0.0892257299322935,0.8417449364178701,0.6239782673701796,0.0,0.375,0.047878595301529076
944,112,100.0,112,0,112,0,0,0.0,2.0997851045823626,2.137496659051457,17.752124696585128,1.6589833809691017,0.3122788695517144,1.338147001866924,9.107142857142858,4.519686177093536,0.5311206153890193,0.0,0.0,0.0,0.0,0.0,0,0,0,0,0,0.0,0.38392857142857145,0.7071309832295644,0.08647243035714326,0.8537656503405456,0.6210003085935275,0.0,0.375,0.047989346797881555
945,112,100.0,112,0,112,0,0,0.0,2.098860874725402,2.1356346107056057,16.430355321221064,1.6612217242537912,0.34367903534169825,1.3584159511305456,9.107142857142858,4.519686177093536,0.5272575440868099,0.0,0.0,0.0,0.0,0.0,0,0,0,0,0,0.0,0.4017857142857143,0.6834066734915264,0.09901969305819151,0.8537656503405456,0.6169965443085393,0.0,0.375,0.04803530869461377
946,112,100.0,112,0,112,0,0,0.0,2.1541088956593484,2.1954090731288844,20.517099743286916,1.6655201959389088,0.25578793048003895,1.375630324652137,9.107142857142858,4.519686177093536,0.5390873738617268,0.0,0.0,0.0,0.0,0.0,0,0,0,0,0,0.0,0.39285714285714285,0.7399422733454786,0.08183413822359625,0.8596195087777233,0.6183457674809204,0.0,0.3392857142857143,0.048408687514572765
947,112,100.0,112,0,112,0,0,0.0,2.161829665007537,2.2029907626173277,21.306113556086586,1.6698985250508869,0.24547669890257037,1.373943530931502,9.107142857142858,4.519686177093536,0.5394045383641295,0.0,0.0,0.0,0.0,0.0,0,0,0,0,0,0.0,0.36607142857142855,0.7483340611771708,0.07632632024388863,0.8589609365088395,0.6114671648831269,0.0,0.4107142857142857,0.04854623472914457
948,112,100.0,112,0,112,0,0,0.0,2.1554482226570353,2.1941332792615054,19.804319346624396,1.6737587030665062,0.27784685311903745,1.3889561948029974,9.107142857142858,4.519686177093536,0.5346275474677495,0.0,0.0,0.0,0.0,0.0,0,0,0,0,0,0.0,0.375,0.7286403780955898,0.07954339579745173,0.8491567920526507,0.6140793774414158,0.0,0.4107142857142857,0.04860156148348364
949,112,100.0,112,0,112,0,0,0.0,2.174587725467064,2.21379823396151,21.472852911453412,1.6781554485413888,0.251696078878992,1.3714490811200715,9.107142857142858,4.519686177093536,0.5397033008953573,0.0,0.0,0.0,0.0,0.0,0,0,0,0,0,0.0,0.36607142857142855,0.7555468897669694,0.07508342414240123,0.8620987314679761,0.6150933172111077,0.0,0.37500000000000006,0.04879661854626891
950,112,100.0,112,0,112,0,0,0.0,2.212876999339343,2.2533019392448113,24.085222825915793,1.683781829724504,0.19336503630930216,1.353195811237361,9.107142857142858,4.519686177093536,0.5467229315186979,0.0,0.0,0.0,0.0,0.0,0,0,0,0,0,0.0,0.36607142857142855,0.7897291716315596,0.06896196892416323,0.8623593206935294,0.6165412080722013,0.0,0.4107142857142857,0.04911521230193223
951,112,100.0,112,0,112,0,0,0.0,2.2213649044195405,2.2627749575109406,24.909291261832166,1.6894964366927179,0.17461691687794254,1.3453321537536673,9.107142857142858,4.519686177093536,0.5500229739318796,0.0,0.0,0.0,0.0,0.0,0,0,0,0,0,0.0,0.36607142857142855,0.8013747480760393,0.06720074496239668,0.8656466948351698,0.6179626132746208,0.0,0.37500000000000006,0.049286792977942015
952,112,100.0,112,0,112,0,0,0.0,2.2279770661758964,2.269915742044395,25.020866644266906,1.69521095420091,0.1518820068109425,1.2871336646833869,9.107142857142858,4.519686177093536,0.5520705137330266,0.0,0.0,0.0,0.0,0.0,0,0,0,0,0,0.0,0.38392857142857145,0.8032069481809323,0.06865817478050916,0.8742692891215361,0.6194379808315164,0.0,0.37500000000000006,0.04944899291567646
953,112,100.0,112,0,112,0,0,0.0,2.261801917397469,2.3069604876406458,28.45363779826216,1.7020066384480392,0.09752994358561289,1.3237478551602406,9.107142857142858,4.519686177093536,0.5594524639136245,0.0,0.0,0.0,0.0,0.0,0,0,0,0,0,0.0,0.35714285714285715,0.8421231337340892,0.05959936890551298,0.8656267494860619,0.6190033862739851,0.0,0.37500000000000006,0.04977168897256254
954,112,100.0,112,0,112,0,0,0.0,2.270158892339864,2.313720094080364,28.489755090602475,1.7087395894919175,0.09980495329113366,1.318903075834108,9.107142857142858,4.519686177093536,0.5621970092500479,0.0,0.0,0.0,0.0,0.0,0,0,0,0,0,0.0,0.3482142857142857,0.849643759099953,0.06257877943470293,0.8562820324676648,0.6214202189507086,0.0,0.4464285714285714,0.049965627976094835
955,112,100.0,112,0,112,0,0,0.0,2.239170123731712,2.281413449360776,26.304131551038786,1.7140001051136156,0.154738543903985,1.3674461227488324,9.107142857142858,4.519686177093536,0.5566264755234629,0.0,0.0,0.0,0.0,0.0,0,0,0,0,0,0.0,0.35714285714285715,0.8249392419000845,0.06945783055496446,0.8410986862081771,0.6167772457072458,0.0,0.48214285714285715,0.049929563531752943
956,112,100.0,112,0,112,0,0,0.0,2.2311893654853576,2.2738697096864597,25.21557782990567,1.71875009925048,0.18146660885637503,1.3894358829444247,9.107142857142858,4.519686177093536,0.5507382029472512,0.0,0.0,0.0,0.0,0.0,0,0,0,0,0,0.0,0.3392857142857143,0.8029100652345632,0.07134907396317354,0.8384164474453191,0.6147534087290512,0.0,0.41071428571428575,0.04999700215472948
957,112,100.0,112,0,112,0,0,0.0,2.2476787869764583,2.2922893275182155,26.266441236689992,1.7239514156957392,0.16271890866707833,1.35697399479144,9.107142857142858,4.519686177093536,0.5519275106328807,0.0,0.0,0.0,0.0,0.0,0,0,0,0,0,0.0,0.36607142857142855,0.8084697226715989,0.0669521611978784,0.8416385931248778,0.6135438885124715,0.0,0.48214285714285715,0.050196990852386617
958,112,100.0,112,0,112,0,0,0.0,2.2594893342605076,2.301589135745092,24.225521563839063,1.729253906678137,0.20661016183847153,1.3611860372592959,9.107142857142858,4.519686177093536,0.5498447884821107,0.0,0.0,0.0,0.0,0.0,0,0,0,0,0,0.0,0.375,0.7811991412925169,0.07705770899487484,0.857635974959222,0.6127338245163413,0.0,0.4107142857142857,0.050375871564793395
959,112,100.0,112,0,112,0,0,0.0,2.2704597690741983,2.3151086740561424,25.37770969855965,1.7348055742719621,0.18885402758205433,1.3719248074665207,9.107142857142858,4.519686177093536,0.5523015379087015,0.0,0.0,0.0,0.0,0.0,0,0,0,0,0,0.0,0.36607142857142855,0.790245337135443,0.07469691883503683,0.8566761928276041,0.6131854692948365,0.0,0.41071428571428575,0.05055618271528
960,112,100.0,112,0,112,0,0,0.0,2.330893633235269,2.3815961923283093,31.152484083577804,1.7425103456512228,0.07829871479811208,1.3002749883751459,9.107142857142858,4.519686177093536,0.5597183090439191,0.0,0.0,0.0,0.0,0.0,0,0,0,0,0,0.0,0.35714285714285715,0.836161224118192,0.05987838133498654,0.8503928135373455,0.6145271991131777,0.0,0.48214285714285715,0.0510324677795879
961,112,100.0,112,0,112,0,0,0.0,2.3313156811255618,2.381184837650223,30.473283804801106,1.7498520119910592,0.11360920502422678,1.340343939348524,9.107142857142858,4.519686177093536,0.5593407069765455,0.0,0.0,0.0,0.0,0.0,0,0,0,0,0,0.0,0.3392857142857143,0.8343105242891957,0.060912045611140386,0.8329253002950008,0.6111854670720999,0.0,0.5178571428571428,0.05120048815840433
962,111,99.10714285714286,112,1,111,0,0,0.008928571428571428,2.359855443097475,2.412272660223312,31.07158081111014,1.7579095772806403,0.1302899764737064,1.342553791571707,9.107142857142858,4.519686177093536,0.559645187584348,0.9999999999901759,0.0882413196558234,1.0,9.824141500303085e-12,0.09503913429334145,1,0,0,0,0,1.0,0.3392857142857143,0.8318184740648081,0.062139449885662924,0.8414482049503564,0.6208981823699258,0.008928571428571428,0.5,0.05152527530056563
963,110,98.21428571428571,112,1,110,0,1,0.008928571428571428,2.351435484277704,2.408644520730698,29.97972409735851,1.7653413255990968,0.17974958822827689,1.400234219079937,9.107142857142858,4.519686177093536,0.5575388105582204,0.997078859122656,0.30293056943177255,1.0,0.002921140877343964,0.02550081638574936,1,1,0,0,0,1.0,0.33035714285714285,0.8207651643639268,0.0651137368528191,0.8488922248058677,0.611490384759791,0.008928571428571428,0.5,0.05165112135719961
964,110,98.21428571428571,112,0,112,0,0,0.0,2.3977510555398354,2.458330824939134,34.196553755898,1.7744405085130774,0.10269958084216681,1.364633067150623,9.107142857142858,4.519686177093536,0.5642788165190884,0.0,0.0,0.0,0.0,0.0,0,0,0,0,0,0.0,0.3392857142857143,0.8541271822289248,0.05762731532013654,0.8359222048614321,0.6113276756675431,0.0,0.5,0.052088326469706084
965,110,98.21428571428571,112,0,112,0,0,0.0,2.392718356861464,2.4532772381711054,34.76629802516034,1.782945711904585,0.1050586572827071,1.379164703517264,9.107142857142858,4.519686177093536,0.5656751642031892,0.0,0.0,0.0,0.0,0.0,0,0,0,0,0,0.0,0.3482142857142857,0.864519976550533,0.0563597485013989,0.8206546628064016,0.6088972155191567,0.0,0.5357142857142857,0.05225536722732406
966,110,98.21428571428571,112,0,112,0,0,0.0,2.413569052975043,2.474221294927136,35.38335640013395,1.7918237913045727,0.09898962626387446,1.3852074720399388,9.107142857142858,4.519686177093536,0.5680897590730545,0.0,0.0,0.0,0.0,0.0,0,0,0,0,0,0.0,0.36607142857142855,0.870987794810178,0.057320424571054414,0.8331387845813781,0.6140591433580703,0.0,0.5,0.05256025137160827
967,111,99.10714285714286,112,0,111,1,0,0.0,2.4435760483135445,2.506340054379622,38.015514122180946,1.80146194308211,0.06174090982110388,1.3597156429943118,9.107142857142858,4.519686177093536,0.5678932962236765,0.9595021844432701,0.21641249923788608,1.0,0.04049781555672993,0.10821575463709107,0,0,0,1,0,1.0,0.36607142857142855,0.8826629128307909,0.0538658682797892,0.8408971824953665,0.613900571204723,0.0,0.4642857142857143,0.0529280934551091
968,112,100.0,112,0,112,0,0,0.0,2.4388825518962776,2.499688555985885,35.80622505539481,1.8104239791632535,0.09034589528531933,1.3470405179481024,9.107142857142858,4.519686177093536,0.5659158081437272,0.0,0.0,0.0,0.0,0.0,0,0,0,0,0,0.0,0.35714285714285715,0.8673102752656892,0.05802770668487676,0.8592314751172003,0.6200273087418969,0.0,0.4285714285714286,0.053107153925995555
969,112,100.0,112,0,111,1,0,0.0,2.4546326769855074,2.5150808599045127,36.39078211439793,1.819537506404489,0.0766618316676931,1.337497679477601,9.107142857142858,4.519686177093536,0.565963892750375,0.9321905792554361,0.14018471859546375,1.0,0.06780942074456386,0.11267374583135258,0,0,0,1,0,0.0,0.375,0.8710366551348624,0.05361628081444092,0.8433428958747943,0.6223923457785221,0.0,0.4285714285714286,0.05339185596692559
970,112,100.0,112,0,112,0,0,0.0,2.4529888969425078,2.5118348689372376,34.82860486444063,1.8281217639307101,0.09111854720955062,1.3323051763472253,9.107142857142858,4.519686177093536,0.5646084577765702,0.0,0.0,0.0,0.0,0.0,0,0,0,0,0,0.0,0.375,0.8589236104149356,0.058495843684310926,0.8495124004015635,0.6244731190008165,0.0,0.4285714285714286,0.05357762781711996
971,112,100.0,112,0,112,0,0,0.0,2.443305925315625,2.5013279174254968,33.55573113218757,1.835938134968025,0.1280746153773696,1.3540496244580267,9.107142857142858,4.519686177093536,0.562836993688764,0.0,0.0,0.0,0.0,0.0,0,0,0,0,0,0.0,0.38392857142857145,0.8462733367434131,0.06052620607478465,0.8496426692478036,0.6229987788710872,0.0,0.4642857142857143,0.05370585067964748
972,112,100.0,112,0,112,0,0,0.0,2.441249808259603,2.4979177990469896,32.10295688365809,1.8432779292448347,0.1410205310246721,1.315783106602632,9.107142857142858,4.519686177093536,0.56023108036124,0.0,0.0,0.0,0.0,0.0,0,0,0,0,0,0.0,0.39285714285714285,0.8288412736077504,0.06409744067654155,0.8728233702925153,0.6236447849706953,0.0,0.4285714285714286,0.053861437928045396
973,111,99.10714285714286,112,1,111,0,0,0.008928571428571428,2.448024856731696,2.49870129236437,31.724301645244534,1.8505098550332733,0.1690063540680963,1.3652180373437308,9.107142857142858,4.519686177093536,0.5590068703397533,0.960220273454333,0.06057956366769819,1.0,0.03977972654566697,0.12341220390514178,0,1,0,0,0,1.0,0.38392857142857145,0.8233821787300485,0.06709959722119435,0.8706127185040542,0.6134036719529161,0.008928571428571428,0.4464285714285714,0.05405874334550473
974,111,99.10714285714286,112,0,112,0,0,0.0,2.460410614519238,2.510434791585396,32.00408522408942,1.8576436363177662,0.16861953315389,1.3925372917827108,9.107142857142858,4.519686177093536,0.5622570063001122,0.0,0.0,0.0,0.0,0.0,0,0,0,0,0,0.0,0.38392857142857145,0.8298790260487177,0.06824073438880432,0.862507933100238,0.6132530061983517,0.0,0.4464285714285714,0.05428188439775209
975,111,99.10714285714286,112,0,112,0,0,0.0,2.4766811877391,2.5275941785824294,33.6713422747187,1.8650754334293833,0.14597257317574844,1.3752224838037002,9.107142857142858,4.519686177093536,0.5666705953323041,0.0,0.0,0.0,0.0,0.0,0,0,0,0,0,0.0,0.39285714285714285,0.8484434350267385,0.06533929020379502,0.8613697893296788,0.6155470814021281,0.0,0.41071428571428575,0.0545311842172331
976,111,99.10714285714286,112,0,112,0,0,0.0,2.4790048946537637,2.5320459419407486,34.0735773998415,1.8723323012207511,0.15963403595014322,1.387053786470668,9.107142857142858,4.519686177093536,0.5671144193800763,0.0,0.0,0.0,0.0,0.0,0,0,0,0,0,0.0,0.38392857142857145,0.8476676039296761,0.06571397529896485,0.8698374381088336,0.6128620704768829,0.0,0.41071428571428575,0.054706796577034617
977,111,99.10714285714286,112,0,112,0,0,0.0,2.4482610136148693,2.498281310379121,29.993267209654906,1.878040337053313,0.2312988723153368,1.367776539326355,9.107142857142858,4.519686177093536,0.558541611333969,0.0,0.0,0.0,0.0,0.0,0,0,0,0,0,0.0,0.39285714285714285,0.8037978224698407,0.0749027010775732,0.8764219333398584,0.6108532425302968,0.0,0.41071428571428575,0.05468206982509407
978,112,100.0,112,0,112,0,0,0.0,2.4567402490252954,2.506002285443897,29.649652798027812,1.8837695586535579,0.2402944256259109,1.410899112145184,9.107142857142858,4.519686177093536,0.5566951841246162,0.0,0.0,0.0,0.0,0.0,0,0,0,0,0,0.0,0.4017857142857143,0.7970639007431322,0.07891369969572516,0.8675827480089157,0.6083944049849093,0.0,0.41071428571428575,0.054853937420506864
979,112,100.0,112,0,112,0,0,0.0,2.4714420918048483,2.5231760769432263,32.192652361475126,1.8898607986014646,0.19634394657050702,1.3615836698043255,9.107142857142858,4.519686177093536,0.5614472881787627,0.0,0.0,0.0,0.0,0.0,0,0,0,0,0,0.0,0.39285714285714285,0.8236127465286786,0.07056534344631027,0.857587079316226,0.6142187539453557,0.0,0.4464285714285714,0.055065099099374196
980,112,100.0,112,0,112,0,0,0.0,2.460433010924846,2.5117440272174365,31.434482277595908,1.8952633794024598,0.21680744959599244,1.4359942618258146,9.107142857142858,4.519686177093536,0.5584558578685075,0.0,0.0,0.0,0.0,0.0,0,0,0,0,0,0.0,0.4107142857142857,0.8134707895732888,0.07081561294795187,0.8488365342743465,0.6129991903140967,0.0,0.48214285714285715,0.05513214354380863
981,112,100.0,112,0,112,0,0,0.0,2.4527665165557617,2.5024117747595223,30.291841960766156,1.9000843496863047,0.259107499281851,1.4388905447189215,9.107142857142858,4.519686177093536,0.5534966695383683,0.0,0.0,0.0,0.0,0.0,0,0,0,0,0,0.0,0.4107142857142857,0.8008914699106358,0.07310698210345114,0.8584824888659318,0.6045889217277267,0.0,0.4464285714285714,0.055202757435723566
982,112,100.0,112,0,112,0,0,0.0,2.4901967142281185,2.543110501096386,34.50443199184894,1.906158991009429,0.17853826148103275,1.402151789963699,9.107142857142858,4.519686177093536,0.5633601970939899,0.0,0.0,0.0,0.0,0.0,0,0,0,0,0,0.0,0.4107142857142857,0.8471164801393171,0.06570988593706581,0.8652237926431785,0.6087236072437887,0.0,0.41071428571428575,0.05552718578617998
983,111,99.10714285714286,112,1,111,0,0,0.008928571428571428,2.4508456045644755,2.497000778441906,31.544520152052126,1.9104857225063765,0.26629563121383365,1.5381644122326878,9.107142857142858,4.519686177093536,0.5563777984643017,0.9999994320478074,0.3099182667969629,1.0,5.679521926094111e-07,0.179981211333597,0,1,0,0,0,1.0,0.4375,0.8215241180674205,0.06865122267592419,0.8427834417117683,0.6021221655712837,0.008928571428571428,0.42857142857142855,0.055428207580555514
984,111,99.10714285714286,112,0,112,0,0,0.0,2.50386454307516,2.553214596454087,37.024697076653176,1.916455593140886,0.16533725792317636,1.3995620904548929,9.107142857142858,4.519686177093536,0.5656059474910455,0.0,0.0,0.0,0.0,0.0,0,0,0,0,0,0.0,0.44642857142857145,0.866903005140209,0.058848486363631325,0.8609559351720228,0.6035964320927123,0.0,0.39285714285714285,0.05582821198203808
985,111,99.10714285714286,112,0,112,0,0,0.0,2.5472685100997934,2.5992039587973723,41.983411020633106,1.923818504239748,0.08811400405795546,1.3615892560868557,9.107142857142858,4.519686177093536,0.5700910942103408,0.0,0.0,0.0,0.0,0.0,0,0,0,0,0,0.0,0.4375,0.8962200349038846,0.04976685837743803,0.856541918926021,0.6042545035864405,0.0,0.42857142857142855,0.056211622054744725
986,111,99.10714285714286,112,0,112,0,0,0.0,2.5420771927164547,2.5944291026012345,42.5491336697276,1.9306759880510644,0.07812398473262659,1.3181771276569691,9.107142857142858,4.519686177093536,0.5710640924140171,0.0,0.0,0.0,0.0,0.0,0,0,0,0,0,0.0,0.45535714285714285,0.9024711779797931,0.048808263107646084,0.8649913975491874,0.6063075282888095,0.0,0.3928571428571429,0.05634063384178628
987,111,99.10714285714286,112,0,112,0,0,0.0,2.544680594922586,2.5961899997392424,41.5245338530717,1.9372872047340957,0.0810540655615911,1.3506685968186882,9.107142857142858,4.519686177093536,0.5708354554698905,0.0,0.0,0.0,0.0,0.0,0,0,0,0,0,0.0,0.45535714285714285,0.8972495407793966,0.05019779601626526,0.8607470509578323,0.6099977223983251,0.0,0.42857142857142855,0.05650305397609727
988,112,100.0,112,0,112,0,0,0.0,2.599037760967493,2.652689025887293,45.15340127955842,1.9456424781105714,0.009470363260085879,1.3111694176990358,9.107142857142858,4.519686177093536,0.5782404431993051,0.0,0.0,0.0,0.0,0.0,0,0,0,0,0,0.0,0.42857142857142855,0.9253113613964402,0.049461563585280956,0.8607470509578323,0.6218564207935852,0.0,0.42857142857142855,0.05696365587424928
989,111,99.10714285714286,112,1,111,0,0,0.008928571428571428,2.5800969465916133,2.649368263628085,45.71860586523214,1.9529355997728093,0.01943310664363183,1.2636883251379525,9.107142857142858,4.519686177093536,0.5750328040872248,0.9974748604232472,0.16826827139872305,1.0,0.0025251395767528217,0.10790625257313745,0,1,0,0,0,1.0,0.44642857142857145,0.917400724343719,0.04795089868697062,0.869101212810822,0.6237075104153185,0.008928571428571428,0.41071428571428575,0.05703376490819327
990,110,98.21428571428571,112,1,111,0,0,0.008928571428571428,2.541533715221061,2.5950183816116548,38.803210752497904,1.958893050374008,0.15384909645127515,1.3265816201530676,9.107142857142858,4.519686177093536,0.5715222791111672,0.9701728160805843,0.32837991527765653,1.0,0.029827183919415745,0.21998208622844828,0,1,0,0,0,1.0,0.45535714285714285,0.8777025181948831,0.05612789936294975,0.8716414018032803,0.629519117705765,0.008928571428571428,0.4107142857142857,0.05697557778700528
991,110,98.21428571428571,112,0,112,0,0,0.0,2.5693712950548218,2.62564497019479,43.60493544340825,1.965293962174165,0.08324109778427509,1.3338042583039946,9.107142857142858,4.519686177093536,0.5767713162583423,0.0,0.0,0.0,0.0,0.0,0,0,0,0,0,0.0,0.44642857142857145,0.9121564816511702,0.048084428632173104,0.8801013268414817,0.6355708258689321,0.0,0.4107142857142857,0.05725941624909391
992,110,98.21428571428571,112,0,112,0,0,0.0,2.612518403206615,2.6705328804104767,47.14649341147244,1.9730286069870453,0.01131691197488438,1.300620865955894,9.107142857142858,4.519686177093536,0.5841066349232642,0.0,0.0,0.0,0.0,0.0,0,0,0,0,0,0.0,0.44642857142857145,0.9404059954503475,0.04785740388823225,0.8602585092146513,0.6434475371686267,0.0,0.4464285714285714,0.05764994262608039
993,109,97.32142857142857,112,1,111,0,0,0.008928571428571428,2.670700022831132,2.7377151421084616,53.33403395538821,1.9826106270042394,-0.05801909748222941,1.2917570049925104,9.107142857142858,4.519686177093536,0.5923301893740958,0.9999968458976987,0.1629486211880597,1.0,3.154102301339279e-06,0.10804950026171381,0,1,0,0,0,1.0,0.42857142857142855,0.9804215774397242,0.04482086498344418,0.8676565329106727,0.6445280031759479,0.008928571428571428,0.48214285714285715,0.05815738934130471
994,110,98.21428571428571,112,0,112,0,0,0.0,2.6748708900212845,2.7424247501168564,53.07389999997487,1.99216204242852,-0.04451617710867506,1.2973701515272682,9.107142857142858,4.519686177093536,0.5939352330703387,0.0,0.0,0.0,0.0,0.0,0,0,0,0,0,0.0,0.44642857142857145,0.9801430870448231,0.0453210875655708,0.8732363095044914,0.6497380649574241,0.0,0.44642857142857145,0.058394090678579466
995,111,99.10714285714286,112,0,112,0,0,0.0,2.6381906681177867,2.7050073554532776,51.495321303391364,1.999928844798602,0.007256721925251889,1.3442330100702884,9.107142857142858,4.519686177093536,0.5885443234357464,0.0,0.0,0.0,0.0,0.0,0,0,0,0,0,0.0,0.42857142857142855,0.965594496097952,0.04439313341299968,0.8746454922951501,0.6381663783073714,0.0,0.4464285714285714,0.058386207115623354
996,111,99.10714285714286,112,0,112,0,0,0.0,2.6459312397381223,2.7122405896866115,51.43235732377168,2.0076061476658023,-0.004610803177027619,1.3274075059094923,9.107142857142858,4.519686177093536,0.5899955710582041,0.0,0.0,0.0,0.0,0.0,0,0,0,0,0,0.0,0.45535714285714285,0.9677904018094926,0.045411567174797066,0.8766712905894597,0.6439278388936565,0.0,0.44642857142857145,0.058598404971956265
997,111,99.10714285714286,112,0,112,0,0,0.0,2.661934170172678,2.7277664151507044,51.38571235566744,2.015497835406444,-0.01176993537717059,1.3343879002410763,9.107142857142858,4.519686177093536,0.5921060995072769,0.0,0.0,0.0,0.0,0.0,0,0,0,0,0,0.0,0.4642857142857143,0.971874208128458,0.04725555144407196,0.8734344931208469,0.6470808506795359,0.0,0.44642857142857145,0.05885675938410563
998,112,100.0,112,0,112,0,0,0.0,2.6329114242480864,2.6960720484890053,46.48069440800487,2.021886854899991,0.05587949516041706,1.3629635800068844,9.107142857142858,4.519686177093536,0.5852781428291176,0.0,0.0,0.0,0.0,0.0,0,0,0,0,0,0.0,0.4375,0.9356094806907916,0.05273153938256577,0.8750960780010055,0.6509771550517003,0.0,0.44642857142857145,0.05885602746993351
999,111,99.10714285714286,112,1,111,0,0,0.008928571428571428,2.642033979804843,2.713370603369427,50.939475208396466,2.028433073360837,0.018949510312301854,1.3449782174997351,9.107142857142858,4.519686177093536,0.5865872264648306,0.9999999999626064,0.15019995594990604,1.0,3.739364373700482e-11,0.08802369036170077,1,0,0,0,0,1.0,0.44642857142857145,0.9540779508924058,0.04637241971014371,0.860029337834791,0.651116474858413,0.008928571428571428,0.4642857142857143,0.05904957451316589
1000,110,98.21428571428571,112,1,109,0,2,0.008928571428571428,2.6711485222084965,2.743320389852252,54.935465160992706,2.03603402267604,-0.012909105565045653,1.3576040140496903,9.107142857142858,4.519686177093536,0.5891547991341624,0.9996291215229852,0.3172764774026103,1.0,0.00037087847701481696,0.021374860460274814,0,3,0,0,0,1.0,0.44642857142857145,0.9758798271161488,0.04417446358593357,0.8555759038196095,0.6482945780889035,0.008928571428571428,0.42857142857142855,0.05936691675294771
1001,109,97.32142857142857,112,1,109,0,2,0.008928571428571428,2.6550766157846004,2.7287640773519364,53.24136430282061,2.0425915904041645,0.03348225902404461,1.436261168445222,9.107142857142858,4.519686177093536,0.5864417162037596,0.9948713035358073,0.31100249788946605,1.0,0.00512869646419271,-0.007668529276617393,1,2,0,0,0,1.0,0.4375,0.9631251279134193,0.045631881741303934,0.8617474521648558,0.6455377242506728,0.008928571428571428,0.42857142857142855,0.05943474796190902
1002,109,97.32142857142857,112,0,112,0,0,0.0,2.6642229608155197,2.739683786802623,53.69448725259097,2.0493329481647455,0.0410643771278275,1.4406330433662602,9.107142857142858,4.519686177093536,0.5855721469275894,0.0,0.0,0.0,0.0,0.0,0,0,0,0,0,0.0,0.42857142857142855,0.9560417362886111,0.04608513688670615,0.8662596414107808,0.6439042982339576,0.0,0.4285714285714286,0.05963282379449032
1003,109,97.32142857142857,112,0,112,0,0,0.0,2.6622912377228056,2.737468653284341,52.842411381892674,2.055689524043729,0.06235289315705409,1.4443579091673182,9.107142857142858,4.519686177093536,0.5851786027533412,0.0,0.0,0.0,0.0,0.0,0,0,0,0,0,0.0,0.42857142857142855,0.951682491051112,0.04755489592898705,0.8662596414107808,0.643784708926211,0.0,0.4285714285714286,0.05976681381969619
1004,109,97.32142857142857,112,1,111,0,0,0.008928571428571428,2.639893019611151,2.723069829898004,50.134037348593665,2.0609337539785697,0.12049303325650218,1.4310469588131365,9.107142857142858,4.519686177093536,0.5792112903183855,0.9999989477937803,0.3865303555771825,1.0,1.0522062197093618e-06,0.29708961945187884,1,0,0,0,0,1.0,0.4375,0.9280764958655706,0.04842819504591987,0.8530039629303117,0.6491351808614928,0.008928571428571428,0.4285714285714286,0.05977333409686792
1005,110,98.21428571428571,112,1,110,0,1,0.008928571428571428,2.6265603821482033,2.696308900562759,46.28149453449468,2.0656669483790266,0.1866165125581718,1.4682212202308034,9.107142857142858,4.519686177093536,0.5723665806790215,0.9239877352580909,0.3655061950869841,1.0,0.07601226474190914,-0.008240467770064264,1,1,0,0,0,0.5,0.4107142857142857,0.8964050570496804,0.05239079435981576,0.8468003134152399,0.6397072766704736,0.008928571428571428,0.42857142857142855,0.059813633676079385
1006,108,96.42857142857143,112,2,109,0,1,0.017857142857142856,2.688084519726385,2.7529115153171926,50.5866127954246,2.0721778679420093,0.1363365316806457,1.4326781350359035,9.107142857142858,4.519686177093536,0.5789632366916915,0.9698988026243933,0.3400248556019505,1.0,0.03010119737560668,0.09080618596009978,1,2,0,0,0,0.6666666666666666,0.4107142857142857,0.9244668225008633,0.05956691159145377,0.8300224675885699,0.649611801531489,0.017857142857142856,0.4821428571428571,0.0602683909297152
1007,108,96.42857142857143,112,0,112,0,0,0.0,2.7187856204464085,2.7854005407172147,55.644781406387715,2.079235021852231,0.0809579392575396,1.4283887225507919,9.107142857142858,4.519686177093536,0.5850500969101724,0.0,0.0,0.0,0.0,0.0,0,0,0,0,0,0.0,0.4017857142857143,0.9598085530612523,0.05406159688998501,0.8479489457633761,0.6510591921306276,0.0,0.4821428571428571,0.060581377038203564
1008,108,96.42857142857143,112,0,112,0,0,0.0,2.6438214413759646,2.7058992571963345,44.95269685042019,2.083098647735151,0.20688341301425708,1.464390190884433,9.107142857142858,4.519686177093536,0.5733795064668985,0.0,0.0,0.0,0.0,0.0,0,0,0,0,0,0.0,0.4107142857142857,0.895083973484781,0.06429778946397573,0.8418130884584425,0.6424708798013196,0.0,0.4821428571428572,0.06029386802533382
1009,109,97.32142857142857,112,0,112,0,0,0.0,2.673870315124732,2.737644450854845,47.13924700111038,2.0879354763568467,0.1634019281556688,1.458573862544848,9.107142857142858,4.519686177093536,0.5767285696116,0.0,0.0,0.0,0.0,0.0,0,0,0,0,0,0.0,0.42857142857142855,0.9067258946184708,0.06309761013582853,0.8401211958886114,0.6448668708748398,0.0,0.4464285714285714,0.060553417131389904
1010,110,98.21428571428571,112,0,112,0,0,0.0,2.613690644448174,2.6739210540373333,39.8249444351535,2.0902496174578893,0.26577017196943215,1.4888814145867164,9.107142857142858,4.519686177093536,0.5663668228598744,0.0,0.0,0.0,0.0,0.0,0,0,0,0,0,0.0,0.4017857142857143,0.8526442533128673,0.07209484382225052,0.8315744278793422,0.6398792028485707,0.0,0.4821428571428571,0.06030481473573824
1011,112,100.0,112,0,112,0,0,0.0,2.6018467114475734,2.6622337712327298,38.83386918854278,2.092036583839153,0.28760065343724844,1.503494063077277,9.107142857142858,4.519686177093536,0.5675448657316471,0.0,0.0,0.0,0.0,0.0,0,0,0,0,0,0.0,0.4107142857142857,0.847458570851997,0.07833651445046527,0.8373479409682252,0.6381427370275163,0.0,0.4821428571428571,0.060285977706996875
1012,112,100.0,112,0,112,0,0,0.0,2.620533608430389,2.6811328946943136,39.04556978593415,2.0944261298044395,0.26435642986060054,1.5023508972791855,9.107142857142858,4.519686177093536,0.5690319777617086,0.0,0.0,0.0,0.0,0.0,0,0,0,0,0,0.0,0.39285714285714285,0.8517575167126277,0.07787234867391402,0.849085211325822,0.6379842780612508,0.0,0.4464285714285714,0.060433412181255135
1013,112,100.0,112,0,112,0,0,0.0,2.6332860012247026,2.6947619844501873,41.16087471430025,2.0972004694596467,0.25745500192764226,1.5602358329314907,9.107142857142858,4.519686177093536,0.5700038250783048,0.0,0.0,0.0,0.0,0.0,0,0,0,0,0,0.0,0.39285714285714285,0.8602989733788943,0.07244729266422725,0.8285583528109868,0.6352007450221501,0.0,0.4821428571428571,0.06055986986817771
1014,112,100.0,112,0,112,0,0,0.0,2.6547759389221404,2.7188462523461134,45.273171354729634,2.100720244330508,0.20778163343908806,1.5289657095546094,9.107142857142858,4.519686177093536,0.5748493694244217,0.0,0.0,0.0,0.0,0.0,0,0,0,0,0,0.0,0.41964285714285715,0.8874277591535801,0.06763811510718057,0.8343318658998697,0.6389104453798282,0.0,0.4821428571428571,0.060746860945816473
1015,112,100.0,112,0,112,0,0,0.0,2.6136155346742322,2.6750789906536316,40.53304589521978,2.1024984221216214,0.25933288436744467,1.5324868402080238,9.107142857142858,4.519686177093536,0.571414373294906,0.0,0.0,0.0,0.0,0.0,0,0,0,0,0,0.0,0.41964285714285715,0.8604973891738235,0.07344646575759804,0.8381075112349127,0.6368048196594043,0.0,0.4821428571428571,0.060581242952491475
1016,112,100.0,112,0,112,0,0,0.0,2.6567339864200368,2.720854204578293,44.62444161872555,2.105851348669935,0.20950571589026099,1.5101627472850352,9.107142857142858,4.519686177093536,0.5777696380926454,0.0,0.0,0.0,0.0,0.0,0,0,0,0,0,0.0,0.4375,0.8885005997280074,0.06794582371192359,0.8401211958886114,0.6386887902962212,0.0,0.4464285714285714,0.060872606090086614
1017,112,100.0,112,0,112,0,0,0.0,2.6716659436471693,2.7360496081247625,45.54863117213832,2.1096021611034317,0.20787043018876333,1.5254731971713942,9.107142857142858,4.519686177093536,0.5795971050303479,0.0,0.0,0.0,0.0,0.0,0,0,0,0,0,0.0,0.42857142857142855,0.894747988781618,0.06641674052192761,0.8454118584351895,0.6441659676676478,0.0,0.4464285714285714,0.06103202835176501
1018,112,100.0,112,0,112,0,0,0.0,2.644117172496832,2.707753757711365,44.87541653286575,2.1121603416739827,0.2314415779534897,1.5255131961540247,9.107142857142858,4.519686177093536,0.5784050661110023,0.0,0.0,0.0,0.0,0.0,0,0,0,0,0,0.0,0.44642857142857145,0.8940931819842383,0.06091673477422945,0.8425592082498302,0.6426616399479056,0.0,0.4464285714285715,0.06095209536282946
1019,112,100.0,112,0,112,0,0,0.0,2.5916297711265037,2.651548304998156,38.64315241401873,2.11257065244926,0.3062880776049726,1.5506631427774538,9.107142857142858,4.519686177093536,0.5688441554989336,0.0,0.0,0.0,0.0,0.0,0,0,0,0,0,0.0,0.4107142857142857,0.8504403374566499,0.06477541162470364,0.8575651023131066,0.6406595836314691,0.0,0.4464285714285715,0.060698930735674485
1020,112,100.0,112,0,112,0,0,0.0,2.6370398310263874,2.7000892209472616,43.34073888171701,2.1147175361198527,0.2455198625672876,1.5404051020542424,9.107142857142858,4.519686177093536,0.5784298701950652,0.0,0.0,0.0,0.0,0.0,0,0,0,0,0,0.0,0.4107142857142857,0.8911361316810785,0.06270470200143743,0.8315744278793422,0.6466843068779925,0.0,0.4821428571428571,0.06097449723742293
1021,112,100.0,112,0,112,0,0,0.0,2.64337685846908,2.706260984627181,43.66876530089299,2.116990542865887,0.22901486879241012,1.5350218478725057,9.107142857142858,4.519686177093536,0.579034989200691,0.0,0.0,0.0,0.0,0.0,0,0,0,0,0,0.0,0.4107142857142857,0.8957495608517612,0.06083080735979813,0.8224565718877792,0.6463493277187676,0.0,0.5178571428571429,0.061057548760488856
1022,112,100.0,112,0,112,0,0,0.0,2.614664257371661,2.6765041336995217,42.307083474677896,2.118084883817723,0.2647069994637622,1.5635716357531668,9.107142857142858,4.519686177093536,0.5753731653836205,0.0,0.0,0.0,0.0,0.0,0,0,0,0,0,0.0,0.4017857142857143,0.8858541411877682,0.062145709476428716,0.8177555107901502,0.6368573056859682,0.0,0.5178571428571429,0.06093871614336697
1023,112,100.0,112,0,112,0,0,0.0,2.674277538760344,2.739238684117479,48.655772142966214,2.1213980878356313,0.17233705510030228,1.5374871167290551,9.107142857142858,4.519686177093536,0.5823283201815841,0.0,0.0,0.0,0.0,0.0,0,0,0,0,0,0.0,0.39285714285714285,0.9276926015735459,0.05628829929408781,0.8327112096263507,0.6406018783124774,0.0,0.5178571428571429,0.061311655762318534
1024,112,100.0,112,0,112,0,0,0.0,2.644590056715773,2.7073580495289176,43.919850743824654,2.123408821721788,0.22400300121253608,1.501462400078757,9.107142857142858,4.519686177093536,0.5771472075340263,0.0,0.0,0.0,0.0,0.0,0,0,0,0,0,0.0,0.39285714285714285,0.8936466860179813,0.060381928834731556,0.8348016812229664,0.6442400152250211,0.0,0.5535714285714285,0.061208657782851054
1025,112,100.0,112,0,112,0,0,0.0,2.6917153550104738,2.756220202765551,47.00935158836842,2.1270954095349666,0.1808125920949887,1.497128953331926,9.107142857142858,4.519686177093536,0.5813072250956752,0.0,0.0,0.0,0.0,0.0,0,0,0,0,0,0.0,0.39285714285714285,0.9151535117994817,0.05912682390141961,0.8542869540808273,0.6463491844415798,0.0,0.5178571428571429,0.061527595374223885
1026,112,100.0,112,0,112,0,0,0.0,2.6644272110637637,2.7278273265274806,43.76745126516019,2.1295887600262584,0.22594190906046727,1.507233434431118,9.107142857142858,4.519686177093536,0.5743958139478518,0.0,0.0,0.0,0.0,0.0,0,0,0,0,0,0.0,0.4107142857142857,0.8867678128168609,0.06094312388967969,0.866933234138707,0.6406890030728389,0.0,0.4821428571428571,0.06144750046324104
1027,112,100.0,112,0,112,0,0,0.0,2.6116608997938853,2.673160486748056,39.83201427049054,2.1299928032192765,0.3186930983681172,1.512817409940786,9.107142857142858,4.519686177093536,0.5649480880138298,0.0,0.0,0.0,0.0,0.0,0,0,0,0,0,0.0,0.39285714285714285,0.848349392213455,0.06497114037692442,0.8464856471371681,0.6332987522577788,0.0,0.5178571428571429,0.06119279964906381
1028,112,100.0,112,0,112,0,0,0.0,2.602601491990612,2.662911581386058,36.60010513736769,2.13000801024079,0.3338183820686948,1.4785825006458961,9.107142857142858,4.519686177093536,0.5616333346630962,0.0,0.0,0.0,0.0,0.0,0,0,0,0,0,0.0,0.38392857142857145,0.8224500216667511,0.06943576848274097,0.8537006355651713,0.638546686407563,0.0,0.5178571428571429,0.061147846264872095
1029,112,100.0,112,0,112,0,0,0.0,2.619753888993381,2.6800873396516627,36.38741687330958,2.130643562250368,0.32216342485844784,1.463828398511772,9.107142857142858,4.519686177093536,0.5621083275349954,0.0,0.0,0.0,0.0,0.0,0,0,0,0,0,0.0,0.38392857142857145,0.8172008291701534,0.07058531990166556,0.8675195526543631,0.6443074355581127,0.0,0.4821428571428571,0.06124797072804851
1030,112,100.0,112,0,112,0,0,0.0,2.6174320674044513,2.6781347891985967,37.56029883784436,2.131179789981278,0.3003208936836224,1.5060158418459622,9.107142857142858,4.519686177093536,0.5625226949868092,0.0,0.0,0.0,0.0,0.0,0,0,0,0,0,0.0,0.375,0.8267381263923095,0.06626168090674046,0.8675960474011101,0.6414670736794358,0.0,0.4464285714285715,0.0612484795254197
1031,112,100.0,112,0,112,0,0,0.0,2.580365802751934,2.6384838275716715,34.043725905881026,2.1302581026761684,0.3600619969723372,1.526652573440685,9.107142857142858,4.519686177093536,0.5585215550467761,0.0,0.0,0.0,0.0,0.0,0,0,0,0,0,0.0,0.39285714285714285,0.8064145374134218,0.06799579668563321,0.8763840850474531,0.6441580302407157,0.0,0.4107142857142857,0.061042319515294576
1032,112,100.0,112,0,112,0,0,0.0,2.5466523587747694,2.601878568226603,29.909564339922213,2.128054518467416,0.4141057770539592,1.536526205948098,9.107142857142858,4.519686177093536,0.5509814245796738,0.0,0.0,0.0,0.0,0.0,0,0,0,0,0,0.0,0.41964285714285715,0.7674208553508508,0.07565284681800923,0.8569710692188961,0.6401714328452466,0.0,0.4107142857142857,0.06082395474996695
1033,111,99.10714285714286,112,1,111,0,0,0.008928571428571428,2.5668038417913897,2.6193567725606113,32.05236101082116,2.1267315738801424,0.3440272590958342,1.5274039382044298,9.107142857142858,4.519686177093536,0.5569862190153159,0.9999939870165937,0.3169161020236982,1.0,6.0129834063005205e-06,0.08413541588955376,0,1,0,0,0,1.0,0.4375,0.7890687250919278,0.07110912403522507,0.8797237228474103,0.6517627766326084,0.008928571428571428,0.4107142857142857,0.06089481569322926
1034,111,99.10714285714286,112,0,112,0,0,0.0,2.5940096322077753,2.647551590955815,33.319459477875846,2.1263387995418777,0.31394345785779326,1.477180844930637,9.107142857142858,4.519686177093536,0.5561129232098236,0.0,0.0,0.0,0.0,0.0,0,0,0,0,0,0.0,0.4107142857142857,0.7905912386123666,0.06941183970191664,0.8555733292329988,0.6517442430757348,0.0,0.4464285714285715,0.06102196856157432
1035,111,99.10714285714286,112,0,112,0,0,0.0,2.5696369475763583,2.622051669773215,31.372458233384396,2.125041764240799,0.34282685493571435,1.490151810617963,9.107142857142858,4.519686177093536,0.5558521052620831,0.0,0.0,0.0,0.0,0.0,0,0,0,0,0,0.0,0.4107142857142857,0.7810720115194745,0.07475890842195511,0.8588099788228996,0.6503527399309846,0.0,0.4464285714285715,0.06087079417580979
1036,111,99.10714285714286,112,0,112,0,0,0.0,2.618959167313826,2.672757939032124,33.0614581943726,2.125636762259027,0.29852576737400155,1.4583378964974438,9.107142857142858,4.519686177093536,0.5620918572322757,0.0,0.0,0.0,0.0,0.0,0,0,0,0,0,0.0,0.41964285714285715,0.7952983657893195,0.0787345618335111,0.8555733292329988,0.661797215816316,0.0,0.4464285714285715,0.061130851296089056
1037,111,99.10714285714286,112,0,112,0,0,0.0,2.6099495969715916,2.661298825115655,30.854137202524225,2.1257905354439113,0.32071664986629145,1.4458476266576474,9.107142857142858,4.519686177093536,0.5591620088195199,0.0,0.0,0.0,0.0,0.0,0,0,0,0,0,0.0,0.42857142857142855,0.7779427667712093,0.08121586968768031,0.8552653219649602,0.6653687957608361,0.0,0.4464285714285715,0.06108927847706852
1038,112,100.0,112,0,112,0,0,0.0,2.632331662315123,2.684841541787953,32.65095702811665,2.1267886040923343,0.30371834897843814,1.4416313955916464,9.107142857142858,4.519686177093536,0.5589695837112569,0.0,0.0,0.0,0.0,0.0,0,0,0,0,0,0.0,0.44642857142857145,0.7840946636783146,0.07512739899017128,0.8583816768850007,0.6601192850696685,0.0,0.4464285714285715,0.06122374358915651
1039,112,100.0,112,0,112,0,0,0.0,2.6317679752921066,2.68441411109712,31.7151321973882,2.127726108349336,0.32271302913471595,1.4454809296094027,9.107142857142858,4.519686177093536,0.5550780799080008,0.0,0.0,0.0,0.0,0.0,0,0,0,0,0,0.0,0.42857142857142855,0.7680694509555049,0.07681837604580329,0.8659985688865285,0.6562298575778954,0.0,0.4464285714285714,0.061242111279198125
1040,112,100.0,112,0,112,0,0,0.0,2.6287128800064585,2.6797721503647374,30.483716905890155,2.1284533987099707,0.3350358018820398,1.4488215685731056,9.107142857142858,4.519686177093536,0.5556605064899636,0.0,0.0,0.0,0.0,0.0,0,0,0,0,0,0.0,0.45535714285714285,0.7644057528364863,0.08013996727302619,0.8424976970526086,0.6589969219853086,0.0,0.4464285714285715,0.061243271423718354
1041,112,100.0,112,0,112,0,0,0.0,2.6241427790300285,2.6743291353001712,27.936320510723732,2.128951012069116,0.3575549814109965,1.4512807604328006,9.107142857142858,4.519686177093536,0.5521990172566031,0.0,0.0,0.0,0.0,0.0,0,0,0,0,0,0.0,0.42857142857142855,0.7393028026592854,0.0902850132464513,0.8485424032257999,0.6532070198064682,0.0,0.4107142857142857,0.06123166619994053
1042,112,100.0,112,0,112,0,0,0.0,2.634471357726057,2.686228599209992,28.98485682358436,2.129856389606437,0.3382571934821989,1.4557262534829205,9.107142857142858,4.519686177093536,0.5533911760543848,0.0,0.0,0.0,0.0,0.0,0,0,0,0,0,0.0,0.4375,0.7450971740971133,0.08847384074114226,0.8623168407366172,0.6506001582296143,0.0,0.4107142857142857,0.06130376920512308
1043,112,100.0,112,0,112,0,0,0.0,2.6303631323183545,2.681919507540373,28.250171252819932,2.1305650409839143,0.3401872326408905,1.4578954161905664,9.107142857142858,4.519686177093536,0.554329222519129,0.0,0.0,0.0,0.0,0.0,0,0,0,0,0,0.0,0.42857142857142855,0.7407359806220463,0.08931298463596918,0.861772762154979,0.6535234161444146,0.0,0.4464285714285714,0.061299242487260375
1044,112,100.0,112,0,112,0,0,0.0,2.628825583581229,2.6804193322853487,29.33273608431791,2.1311874209721315,0.34809378914505373,1.4683314133581071,9.107142857142858,4.519686177093536,0.5528783250103289,0.0,0.0,0.0,0.0,0.0,0,0,0,0,0,0.0,0.41964285714285715,0.7438285926368345,0.08666925495577593,0.8469925649115267,0.6512260632563908,0.0,0.4821428571428571,0.061305619554722975
1045,112,100.0,112,0,112,0,0,0.0,2.631025966887963,2.6818516494992775,27.269452152506744,2.131833460332557,0.3700271307834674,1.4672794498963289,9.107142857142858,4.519686177093536,0.5483576950809186,0.0,0.0,0.0,0.0,0.0,0,0,0,0,0,0.0,0.4017857142857143,0.721782046495476,0.09337034594683355,0.8659000290569725,0.6497738749915677,0.0,0.4464285714285714,0.06133122094709251
1046,112,100.0,112,0,112,0,0,0.0,2.6245212934447855,2.675114922792453,26.449284075023517,2.132206717616705,0.382663154604454,1.47097822515187,9.107142857142858,4.519686177093536,0.5427025393612865,0.0,0.0,0.0,0.0,0.0,0,0,0,0,0,0.0,0.41964285714285715,0.7030536296970834,0.09209708669731093,0.8873834173732927,0.6404703470886837,0.0,0.4464285714285714,0.06130713260881494
1047,111,99.10714285714286,112,1,111,0,0,0.008928571428571428,2.5973043449589883,2.6491066444887035,24.2877105727196,2.1315266913411586,0.4357458730670493,1.497130493095226,9.107142857142858,4.519686177093536,0.535580654082848,0.9776730479543311,0.2920443191602641,1.0,0.022326952045668924,0.06758301274296052,0,1,0,0,0,1.0,0.42857142857142855,0.6741732019749627,0.09768910370442144,0.8836878422201784,0.6325936263295435,0.008928571428571428,0.4285714285714286,0.061155680339597715
1048,109,97.32142857142857,112,2,106,0,4,0.017857142857142856,2.6039299735065993,2.65232396081728,24.31407906296395,2.131255406544924,0.4460875497491522,1.5007797622869568,9.107142857142858,4.519686177093536,0.5363065008788583,0.9706838643029098,0.32117970494742804,1.0,0.02931613569709035,0.01982709447407009,2,4,0,0,0,1.0,0.42857142857142855,0.6779883280670264,0.09713737475330302,0.892099096823339,0.6374922596898857,0.017857142857142856,0.4464285714285714,0.06118267787161778
1049,108,96.42857142857143,112,1,111,0,0,0.008928571428571428,2.5832205190394193,2.623400758849987,22.717635305930976,2.130051344792362,0.47934725047823706,1.5289406135713057,9.107142857142858,4.519686177093536,0.5359314484313296,0.9996753442657256,0.27011173989227266,1.0,0.00032465573427442607,0.05664710492683395,0,1,0,0,0,1.0,0.41964285714285715,0.6670793889387225,0.10166544038378936,0.897838279223499,0.6326692911391643,0.008928571428571428,0.42857142857142855,0.06105192069298478
1050,107,95.53571428571429,112,1,110,0,1,0.008928571428571428,2.5858206345900467,2.6399268122475075,21.989807168329815,2.128717105664309,0.5216716790621531,1.5452335363912917,9.107142857142858,4.519686177093536,0.5344667779481664,0.9096348566713792,0.28611949284769655,1.0,0.09036514332862083,-0.009247894168686044,1,1,0,0,0,0.5,0.4107142857142857,0.6585984074026255,0.10852965609312398,0.8928509818367254,0.621765245147944,0.008928571428571428,0.4464285714285714,0.061034769560017924
1051,107,95.53571428571429,112,0,112,0,0,0.0,2.5993673596351883,2.65298858795028,22.435288051067904,2.12843117968174,0.5034386991442025,1.535558682290368,9.107142857142858,4.519686177093536,0.5369686968926697,0.0,0.0,0.0,0.0,0.0,0,0,0,0,0,0.0,0.4017857142857143,0.6675495698147963,0.10348242997857583,0.8710123143554239,0.6273876394367971,0.0,0.48214285714285715,0.061096041706688184
1052,108,96.42857142857143,112,0,112,0,0,0.0,2.5987223073185253,2.6519276075104394,22.184142920265188,2.1281198142672566,0.5008169562057804,1.5348985281450034,9.107142857142858,4.519686177093536,0.5365280645861563,0.0,0.0,0.0,0.0,0.0,0,0,0,0,0,0.0,0.41964285714285715,0.665721992670549,0.10573593942844295,0.8687389956540552,0.6262240480077225,0.0,0.48214285714285715,0.061085780075305546
1053,110,98.21428571428571,112,0,112,0,0,0.0,2.5845310117413978,2.637668712816851,22.06100673763631,2.1273069557583937,0.5135064843278063,1.565702043269834,9.107142857142858,4.519686177093536,0.533958939333324,0.0,0.0,0.0,0.0,0.0,0,0,0,0,0,0.0,0.4107142857142857,0.6613760005560047,0.10320488028208617,0.8650197253918697,0.6216501286473581,0.0,0.48214285714285715,0.060996454270587704
1054,111,99.10714285714286,112,0,112,0,0,0.0,2.6234438440444903,2.6782130265359,24.705252928607724,2.127996816497402,0.4805026464177713,1.5761246270925704,9.107142857142858,4.519686177093536,0.5411396454392037,0.0,0.0,0.0,0.0,0.0,0,0,0,0,0,0.0,0.39285714285714285,0.690510901338909,0.09432705449167611,0.8677294625764318,0.6279865448266337,0.0,0.5178571428571429,0.06120660820233424
1055,111,99.10714285714286,112,1,111,0,0,0.008928571428571428,2.7005802377630297,2.7510623837822568,29.227089630031863,2.1315566406539386,0.3951729272649129,1.5354441081198884,9.107142857142858,4.519686177093536,0.5532504145495203,0.980338802769996,0.31468591900949394,1.0,0.019661197230004035,0.20211487502726477,0,1,0,0,0,1.0,0.39285714285714285,0.7352599666742253,0.07581151482904286,0.8377879759855934,0.6421261466562432,0.008928571428571428,0.5,0.06167273661109285
1056,111,99.10714285714286,112,0,112,0,0,0.0,2.7004753181405508,2.7506629859105187,29.254233886368826,2.1346740376114846,0.3762483966823534,1.5119663527261213,9.107142857142858,4.519686177093536,0.5531414232490055,0.0,0.0,0.0,0.0,0.0,0,0,0,0,0,0.0,0.4107142857142857,0.7368725662587673,0.07255819849907004,0.8565456194604739,0.6469893065488304,0.0,0.5,0.061742660292668124
1057,111,99.10714285714286,112,0,112,0,0,0.0,2.6964726144549815,2.746164664331111,28.359072929596525,2.1374878899947536,0.39167320970982156,1.515007638958613,9.107142857142858,4.519686177093536,0.5492555781706201,0.0,0.0,0.0,0.0,0.0,0,0,0,0,0,0.0,0.39285714285714285,0.7199201226120131,0.07818417672971226,0.8475288573351601,0.6419426745420692,0.0,0.5,0.06178623542284549
1058,111,99.10714285714286,112,0,112,0,0,0.0,2.7812064574399,2.8339275175002556,33.71298191376843,2.1433478495154596,0.28990131792997575,1.5015257415675367,9.107142857142858,4.519686177093536,0.5606705656816067,0.0,0.0,0.0,0.0,0.0,0,0,0,0,0,0.0,0.4017857142857143,0.7678546013298353,0.07336997542517543,0.8438475807991126,0.6476419702481344,0.0,0.49999999999999994,0.062342330527990396
1059,110,98.21428571428571,112,1,111,0,0,0.008928571428571428,2.767516182193476,2.823934531238488,33.78806701490386,2.1484248133775883,0.32130978464438215,1.5305100735750372,9.107142857142858,4.519686177093536,0.5601035580133216,0.9999999999417903,0.18453324492469694,1.0,5.820965931491173e-11,0.09523166138791829,0,1,0,0,0,1.0,0.39285714285714285,0.7700231584341951,0.0716815093570106,0.8752739821790694,0.647447295351242,0.008928571428571428,0.4821428571428571,0.06238861056870461
1060,111,99.10714285714286,112,0,112,0,0,0.0,2.754507894830261,2.8097912039572677,30.488790087702082,2.152917749782471,0.34607677252271624,1.509165607725677,9.107142857142858,4.519686177093536,0.5543441150740887,0.0,0.0,0.0,0.0,0.0,0,0,0,0,0,0.0,0.4107142857142857,0.7406312010008318,0.07555196953102461,0.8525199978603857,0.6509365693042353,0.0,0.4821428571428572,0.06242510244470708
1061,110,98.21428571428571,112,1,110,0,1,0.008928571428571428,2.7998793450499724,2.848143658561275,32.09247527973117,2.1588950122264,0.30530551350810614,1.500857929645549,9.107142857142858,4.519686177093536,0.5604339996093128,0.9953326310695456,0.33917848390237676,1.0,0.004667368930454385,0.00920153562542081,1,1,0,0,0,1.0,0.4107142857142857,0.758505116030295,0.07416715551145593,0.8395193558970849,0.6540271732549671,0.008928571428571428,0.5357142857142858,0.06278703644802906
1062,109,97.32142857142857,112,1,110,0,1,0.008928571428571428,2.847923635584241,2.8929816110216247,33.93400444471695,2.166065815750001,0.2880540972914885,1.5066484583177389,9.107142857142858,4.519686177093536,0.563748562656541,0.8577702663782876,0.29228447051489415,1.0,0.14222973362171248,0.013207321134672767,1,1,0,0,0,0.5,0.4017857142857143,0.7725085737005698,0.07446396799302997,0.8565402226399448,0.6606261934837133,0.008928571428571428,0.5,0.06318930680852178
1063,108,96.42857142857143,112,1,108,1,2,0.008928571428571428,2.8741143940746996,2.9331356517328335,34.92597092371397,2.173735951634182,0.2671451165726631,1.4910678662841819,9.107142857142858,4.519686177093536,0.5670758935587354,0.9070857681884144,0.27397032267552296,1.0,0.09291423181158556,0.0008176821110552068,2,1,0,1,0,0.5,0.4017857142857143,0.779672973222896,0.07919322622990385,0.8569297145577719,0.6610093366672375,0.008928571428571428,0.4821428571428572,0.06349359363663487
1064,109,97.32142857142857,112,0,112,0,0,0.0,2.8556754702368123,2.912726854187913,32.982886306605316,2.1808067987058375,0.310998309298692,1.5146285948343363,9.107142857142858,4.519686177093536,0.5634647518894864,0.0,0.0,0.0,0.0,0.0,0,0,0,0,0,0.0,0.39285714285714285,0.763279675069404,0.08173000397877969,0.8564206185729152,0.6562782035575881,0.0,0.4821428571428572,0.06356118906629596
1065,108,96.42857142857143,112,1,111,0,0,0.008928571428571428,2.9055501216424866,2.9570040922195933,36.28432167002728,2.189430269215415,0.2473761353088725,1.4885679348101881,9.107142857142858,4.519686177093536,0.5709252030112058,0.9485810207489846,0.32680829890058705,1.0,0.05141897925101535,0.035911899202132336,1,0,0,0,0,0.0,0.38392857142857145,0.7930258230104469,0.07922682536383227,0.8579382904245247,0.6653958054402772,0.008928571428571428,0.4821428571428571,0.06400543922562789
1066,109,97.32142857142857,112,0,112,0,0,0.0,2.966889516548418,3.020100205402753,40.42274859480802,2.1996741331949536,0.1843497784803854,1.4678338601116288,9.107142857142858,4.519686177093536,0.5782308695075133,0.0,0.0,0.0,0.0,0.0,0,0,0,0,0,0.0,0.4017857142857143,0.8212461636662116,0.07406020856256142,0.8505587164502414,0.6710314526953477,0.0,0.48214285714285715,0.06454363145229927
1067,110,98.21428571428571,112,0,112,0,0,0.0,2.9671871778055054,3.0205551852479733,40.04464375877919,2.2094714575991463,0.18127310145018033,1.4546912491509159,9.107142857142858,4.519686177093536,0.5774558990039518,0.0,0.0,0.0,0.0,0.0,0,0,0,0,0,0.0,0.4017857142857143,0.8147611870463722,0.07927360344126105,0.8550355293296078,0.6675201376149291,0.0,0.4821428571428571,0.06476652391699536
1068,110,98.21428571428571,112,1,111,0,0,0.008928571428571428,3.038252093653967,3.0870191246062726,44.3786118064057,2.221458105983818,0.11456452236149024,1.4490708833828012,9.107142857142858,4.519686177093536,0.5819937354943396,0.9934655618185146,0.3292365534752302,1.0,0.006534438181485358,0.012682490385333756,0,1,0,0,0,1.0,0.39285714285714285,0.8378395606942544,0.07313296579143151,0.8508052384349413,0.6702233312044589,0.008928571428571428,0.5,0.06539272794130709
1069,110,98.21428571428571,112,0,112,0,0,0.0,2.9877863210034117,3.0353756696915095,40.70671868509611,2.2308067346904696,0.19269092044075148,1.4860305497947925,9.107142857142858,4.519686177093536,0.5752092685386567,0.0,0.0,0.0,0.0,0.0,0,0,0,0,0,0.0,0.39285714285714285,0.8098274345225915,0.07835959510362836,0.8545049198390985,0.6643619893154504,0.0,0.5,0.06535166341775547
1070,111,99.10714285714286,112,0,112,0,0,0.0,2.978959162672315,3.026664415124077,39.538037787926605,2.2394178576228905,0.21306572490226125,1.4839534030386476,9.107142857142858,4.519686177093536,0.5749002048374101,0.0,0.0,0.0,0.0,0.0,0,0,0,0,0,0.0,0.4017857142857143,0.8054638255082791,0.08219894753141943,0.8333037854162019,0.6606553570775493,0.0,0.5,0.06550212549253456
1071,111,99.10714285714286,112,0,112,0,0,0.0,2.960143635713639,3.0077366606655316,33.84382235005536,2.246955404740924,0.2645960844078167,1.4513512472624055,9.107142857142858,4.519686177093536,0.56789079964282,0.0,0.0,0.0,0.0,0.0,0,0,0,0,0,0.0,0.38392857142857145,0.7607758528176084,0.09464870566298511,0.8333037854162019,0.658869388018848,0.0,0.5,0.06557838459533404
1072,111,99.10714285714286,112,0,112,0,0,0.0,2.9734643452039893,3.021807064154147,33.47058034631477,2.254661028849001,0.279870632238985,1.4394282221396792,9.107142857142858,4.519686177093536,0.5681351378147157,0.0,0.0,0.0,0.0,0.0,0,0,0,0,0,0.0,0.36607142857142855,0.756906132026077,0.10096714712727164,0.8441967237199264,0.6589532369334854,0.0,0.5,0.06581912315662154
1073,112,100.0,112,0,112,0,0,0.0,3.0144817952665934,3.063145297299458,37.84768964652655,2.2635130696568653,0.2307201790401705,1.4501273283833154,9.107142857142858,4.519686177093536,0.5721821503475877,0.0,0.0,0.0,0.0,0.0,0,0,0,0,0,0.0,0.375,0.7840925770974306,0.08995504049709432,0.8483397148045049,0.6612277627293847,0.0,0.5,0.06622425263932644
1074,112,100.0,112,0,112,0,0,0.0,3.0071997132345416,3.056270506192613,35.71246204421328,2.271716450813258,0.2709190511876074,1.4849335285637741,9.107142857142858,4.519686177093536,0.5705576082365742,0.0,0.0,0.0,0.0,0.0,0,0,0,0,0,0.0,0.38392857142857145,0.7698551230076062,0.09926570558684616,0.8400464005167507,0.6518985598117953,0.0,0.5,0.06637322577125607
1075,111,99.10714285714286,112,1,111,0,0,0.008928571428571428,2.993857561310896,3.0312876415372894,34.026119093652284,2.279057703350862,0.32634863137448455,1.5265504591657453,9.107142857142858,4.519686177093536,0.5675140635545446,0.9995707853982383,0.3175787978270129,1.0,0.0004292146017617071,0.19957702611285466,0,1,0,0,0,1.0,0.4017857142857143,0.7580674636277888,0.10913578533244563,0.8460805103313987,0.6320058374984223,0.008928571428571428,0.46428571428571425,0.06647241579972163
1076,111,99.10714285714286,112,0,112,0,0,0.0,3.0287495086437213,3.066896353722341,36.80661936408885,2.286942719816507,0.29910692491608176,1.5382199628898534,9.107142857142858,4.519686177093536,0.5700567433754395,0.0,0.0,0.0,0.0,0.0,0,0,0,0,0,0.0,0.39285714285714285,0.7764806563630003,0.104665229912628,0.8452248351511381,0.6320557464881985,0.0,0.46428571428571425,0.06682506453601542
1077,111,99.10714285714286,112,0,112,0,0,0.0,3.053800026120144,3.0927281571226866,38.27847262845191,2.2954053714409564,0.29564181733962586,1.5561563489560262,9.107142857142858,4.519686177093536,0.5713919168166739,0.0,0.0,0.0,0.0,0.0,0,0,0,0,0,0.0,0.4017857142857143,0.7838355102170917,0.1032192266511261,0.849877959547618,0.6347489968135024,0.0,0.4285714285714286,0.06714155977124044
1078,111,99.10714285714286,112,0,112,0,0,0.0,3.0973865384322607,3.1377094409897235,42.558061786415834,2.305111948065094,0.2344127011253813,1.5980252064388931,9.107142857142858,4.519686177093536,0.5773814859535578,0.0,0.0,0.0,0.0,0.0,0,0,0,0,0,0.0,0.38392857142857145,0.8145571337719353,0.09490868544730037,0.8315408679691336,0.6375976210831745,0.0,0.4642857142857143,0.06757884573377611
1079,111,99.10714285714286,112,0,112,0,0,0.0,3.139226699766827,3.180513250842509,44.93252411425956,2.3159274961890306,0.20228564936041352,1.5972177699362202,9.107142857142858,4.519686177093536,0.5811209902499839,0.0,0.0,0.0,0.0,0.0,0,0,0,0,0,0.0,0.4107142857142857,0.8280658954508068,0.09486883768131088,0.8289297542330125,0.6387223045157283,0.0,0.4642857142857143,0.06803246095721616
1080,112,100.0,112,0,112,0,0,0.0,3.122975767847252,3.1637496523151665,42.974938994716524,2.3256480858430923,0.2219238662788439,1.5909556961777398,9.107142857142858,4.519686177093536,0.5762554529920279,0.0,0.0,0.0,0.0,0.0,0,0,0,0,0,0.0,0.41964285714285715,0.8082368742347414,0.09590950696562268,0.843788230623578,0.6371824264807293,0.0,0.4642857142857143,0.06817087637108159
1081,112,100.0,112,0,112,0,0,0.0,3.117227252759261,3.157603912791961,42.78287471943181,2.3347071208384604,0.24126221136023948,1.5741985529787077,9.107142857142858,4.519686177093536,0.5727789829714443,0.0,0.0,0.0,0.0,0.0,0,0,0,0,0,0.0,0.39285714285714285,0.8002857914652929,0.09980412089860567,0.8357602719920916,0.6277756766445606,0.0,0.46428571428571425,0.0683468537718735
1082,112,100.0,112,0,112,0,0,0.0,3.127134439084458,3.1678944319463356,44.282193376824075,2.343728795218781,0.23138677454705794,1.6308721368450017,9.107142857142858,4.519686177093536,0.5753872559896536,0.0,0.0,0.0,0.0,0.0,0,0,0,0,0,0.0,0.375,0.8123831326017069,0.09859407665012357,0.8357602719920916,0.6270293508586262,0.0,0.46428571428571425,0.06860026538845435
1083,112,100.0,112,0,112,0,0,0.0,3.1309151850756156,3.171133418390005,42.87194520103969,2.3524598318472507,0.2718259228446734,1.6486787911332592,9.107142857142858,4.519686177093536,0.5723469114734747,0.0,0.0,0.0,0.0,0.0,0,0,0,0,0,0.0,0.36607142857142855,0.7992186008494837,0.1023544231448626,0.8386378696494124,0.6234427497845305,0.0,0.46428571428571425,0.0688164768462171
1084,112,100.0,112,0,112,0,0,0.0,3.1286823297237416,3.1691207619468953,44.88313891878624,2.360723480416065,0.2692797387414637,1.6705611685257946,9.107142857142858,4.519686177093536,0.5718837848349625,0.0,0.0,0.0,0.0,0.0,0,0,0,0,0,0.0,0.35714285714285715,0.8087907451539676,0.09659703220879345,0.8247392258318996,0.6221697890710691,0.0,0.5,0.06899205806050186
1085,112,100.0,112,0,112,0,0,0.0,3.095425387419115,3.135609102365442,42.77184820830706,2.3674019405261366,0.29682957633609464,1.6775056618022341,9.107142857142858,4.519686177093536,0.5724328149293783,0.0,0.0,0.0,0.0,0.0,0,0,0,0,0,0.0,0.35714285714285715,0.8044841050815557,0.09835344714217815,0.8357602719920916,0.6277295587922006,0.0,0.46428571428571425,0.06897669606819753
1086,112,100.0,112,0,112,0,0,0.0,3.110606863790299,3.1505640816894003,43.28716813979091,2.3743192897044043,0.2829720456334524,1.6693257659455902,9.107142857142858,4.519686177093536,0.5722566173787875,0.0,0.0,0.0,0.0,0.0,0,0,0,0,0,0.0,0.4017857142857143,0.8071945247053208,0.09420956631083027,0.8238174612224769,0.6309001817998958,0.0,0.5357142857142857,0.0692089246873692
1087,112,100.0,112,0,112,0,0,0.0,3.120338018476232,3.160371213218651,45.704156770573555,2.381278597662518,0.2557564055044583,1.6750009107865043,9.107142857142858,4.519686177093536,0.5751971446519104,0.0,0.0,0.0,0.0,0.0,0,0,0,0,0,0.0,0.41964285714285715,0.825124902142532,0.08780438159965658,0.8127566735098075,0.6325270365253931,0.0,0.5714285714285714,0.06941484990070099
1088,112,100.0,112,0,112,0,0,0.0,3.140701110636163,3.181062072110997,45.77456259925562,2.3886714962522517,0.24479300254720787,1.6428309096285598,9.107142857142858,4.519686177093536,0.5743690303013524,0.0,0.0,0.0,0.0,0.0,0,0,0,0,0,0.0,0.38392857142857145,0.8230641027274889,0.08524926667487877,0.8235046192769415,0.6417033148558005,0.0,0.5357142857142858,0.069683733269324
1089,112,100.0,112,0,112,0,0,0.0,3.121548110309809,3.1611974921328145,44.89932962472773,2.395012005686009,0.2660674439656772,1.6226533954706102,9.107142857142858,4.519686177093536,0.5735916849561105,0.0,0.0,0.0,0.0,0.0,0,0,0,0,0,0.0,0.38392857142857145,0.8224178205164899,0.08423917796826606,0.7863330769234792,0.6416775508956931,0.0,0.5714285714285715,0.06973125383190965
1090,112,100.0,112,0,112,0,0,0.0,3.127212781970933,3.167139180399375,44.04972382355083,2.401280780521947,0.2924218477624893,1.6751658487121943,9.107142857142858,4.519686177093536,0.5732470313017568,0.0,0.0,0.0,0.0,0.0,0,0,0,0,0,0.0,0.38392857142857145,0.8165311369665681,0.08686879152778594,0.8238174612224769,0.6421216968182906,0.0,0.5357142857142857,0.06990124166508177
1091,112,100.0,112,0,112,0,0,0.0,3.1356239035003632,3.175525889365874,43.42426215992959,2.4075694687488496,0.29545841687825536,1.663855235727672,9.107142857142858,4.519686177093536,0.5705930411976841,0.0,0.0,0.0,0.0,0.0,0,0,0,0,0,0.0,0.375,0.8086437125472405,0.08548705548079671,0.8262477072108783,0.6440765868593468,0.0,0.5357142857142858,0.07008541175898483
1092,112,100.0,112,0,112,0,0,0.0,3.1791736804120316,3.2203362917622034,47.41068601955661,2.415194159653645,0.22259464848909868,1.651867972947181,9.107142857142858,4.519686177093536,0.5775041300517527,0.0,0.0,0.0,0.0,0.0,0,0,0,0,0,0.0,0.375,0.8369930269463727,0.0792377149002062,0.8262477072108783,0.653045044719956,0.0,0.5357142857142858,0.07047546669397825
1093,112,100.0,112,0,112,0,0,0.0,3.2215576813286857,3.2632664570434877,51.39787068350017,2.4240264854543887,0.13369708358511995,1.6141698925422918,9.107142857142858,4.519686177093536,0.5830219750677594,0.0,0.0,0.0,0.0,0.0,0,0,0,0,0,0.0,0.38392857142857145,0.8629158760722693,0.07419450062087295,0.8118452561937619,0.6608788468943467,0.0,0.5714285714285714,0.07088698340272756
1094,111,99.10714285714286,112,1,111,0,0,0.008928571428571428,3.1614523753819483,3.1968557276933165,46.473668186961326,2.430255797470948,0.24923222452200994,1.6594298437894375,9.107142857142858,4.519686177093536,0.5773244786550231,0.9999197235805157,0.24394120953541626,1.0,8.027641948427089e-05,0.1591851515987176,0,1,0,0,0,1.0,0.4017857142857143,0.8356781794549671,0.08001236731104132,0.81159292720379,0.6530556612770602,0.008928571428571428,0.5714285714285715,0.07072722955006411
1095,110,98.21428571428571,112,1,107,1,3,0.008928571428571428,3.150732565939102,3.1927779415273667,44.861186872560346,2.4356051937136525,0.30268942022038775,1.7059922909665173,9.107142857142858,4.519686177093536,0.5735818620449571,0.9292467155943818,0.3074671911519151,1.0,0.07075328440561827,0.005035373889008854,2,2,1,0,0,0.6,0.36607142857142855,0.8187634589519125,0.08349071585499389,0.8207104875285189,0.6502047135143239,0.008928571428571428,0.5357142857142858,0.0707945184641196
1096,110,98.21428571428571,112,0,112,0,0,0.0,3.1232123429090595,3.164622193593436,41.76857084444143,2.4399482759176663,0.38669704416951384,1.741354735682275,9.107142857142858,4.519686177093536,0.5676197160621534,0.0,0.0,0.0,0.0,0.0,0,0,0,0,0,0.0,0.375,0.7923304497769684,0.08916987229282744,0.8207104875285189,0.6436714755253712,0.0,0.5357142857142858,0.07075506419198671
1097,110,98.21428571428571,112,0,112,0,0,0.0,3.147368302112649,3.1885220999509705,41.26831237071981,2.4449592250468277,0.3684827178909597,1.7219024137477477,9.107142857142858,4.519686177093536,0.5674687347784433,0.0,0.0,0.0,0.0,0.0,0,0,0,0,0,0.0,0.38392857142857145,0.7853567509924168,0.09142473863535273,0.8105615309372645,0.6484894522228538,0.0,0.5357142857142857,0.0709890835755706
1098,110,98.21428571428571,112,0,112,0,0,0.0,3.1638393471443393,3.20533347181728,41.45294496695624,2.450351552001196,0.3694440188090426,1.7059134437244587,9.107142857142858,4.519686177093536,0.5681851902642969,0.0,0.0,0.0,0.0,0.0,0,0,0,0,0,0.0,0.375,0.7836874465587849,0.09301495901270793,0.809498493650015,0.6476563734895714,0.0,0.5357142857142857,0.07119329692871919
1099,111,99.10714285714286,112,0,112,0,0,0.0,3.209828696205919,3.25170252397611,43.300567184034286,2.457176751212281,0.31332656145931237,1.6511965789185001,9.107142857142858,4.519686177093536,0.5740094910786755,0.0,0.0,0.0,0.0,0.0,0,0,0,0,0,0.0,0.375,0.7978472400676612,0.09520972285103346,0.8207104875285189,0.6526914646825358,0.0,0.5357142857142858,0.07157748246667835
1100,112,100.0,112,0,112,0,0,0.0,3.233143578076208,3.274995992549214,45.49799296635289,2.4645357061814748,0.280212885843382,1.6376523261955336,9.107142857142858,4.519686177093536,0.5750018281855875,0.0,0.0,0.0,0.0,0.0,0,0,0,0,0,0.0,0.35714285714285715,0.8072592927987674,0.09131456492590072,0.8114918520424779,0.6531159892766057,0.0,0.5714285714285715,0.07186035771129039
1101,112,100.0,112,0,112,0,0,0.0,3.1939812259793072,3.2351243197531874,39.95715328314097,2.4701203998929966,0.382761872126212,1.656415644784317,9.107142857142858,4.519686177093536,0.5644439151564427,0.0,0.0,0.0,0.0,0.0,0,0,0,0,0,0.0,0.35714285714285715,0.7621111954574786,0.10351632509206395,0.8105653488930296,0.6435833117115657,0.0,0.5357142857142858,0.0717907512656622
1102,112,100.0,112,0,112,0,0,0.0,3.2415534858883985,3.2832004572765907,42.077062515363686,2.477190995408507,0.3416528650645523,1.6094213477948318,9.107142857142858,4.519686177093536,0.566410061050141,0.0,0.0,0.0,0.0,0.0,0,0,0,0,0,0.0,0.3482142857142857,0.7692635850065895,0.09931978173694105,0.8198272452903465,0.6515509520042849,0.0,0.5357142857142858,0.07218839692928403
1103,112,100.0,112,0,112,0,0,0.0,3.311236711868735,3.3549175888849385,45.689544093141045,2.4865351336229917,0.27452290365274484,1.540860951491067,9.107142857142858,4.519686177093536,0.5722368898912207,0.0,0.0,0.0,0.0,0.0,0,0,0,0,0,0.0,0.3482142857142857,0.7897152977311103,0.09762564168970925,0.8219434767092437,0.6582180615703176,0.0,0.5357142857142857,0.07274797592081
1104,112,100.0,112,0,112,0,0,0.0,3.3274181475137823,3.3716432008852304,47.796391630710495,2.496061702253119,0.2767478674316067,1.5667881903238183,9.107142857142858,4.519686177093536,0.5739012567713508,0.0,0.0,0.0,0.0,0.0,0,0,0,0,0,0.0,0.3392857142857143,0.7966605865328997,0.09443750621571764,0.8121672887391935,0.6582389527895071,0.0,0.5714285714285715,0.07304416860179883
1105,112,100.0,112,0,112,0,0,0.0,3.3590293343212214,3.4040053426936656,50.00798101106413,2.50632783367766,0.27865156957807174,1.577952122901878,9.107142857142858,4.519686177093536,0.5726354008685461,0.0,0.0,0.0,0.0,0.0,0,0,0,0,0,0.0,0.3392857142857143,0.8001205353665315,0.08877265617836419,0.8186538921382478,0.6540646665643267,0.0,0.5714285714285715,0.07343422299729464
1106,111,99.10714285714286,112,1,111,0,0,0.008928571428571428,3.443612914520448,3.4882231225702003,55.27415198111883,2.5192149201346203,0.2107399916774728,1.542746616395376,9.107142857142858,4.519686177093536,0.5795533130062998,0.9999999999417923,0.3348375033472424,1.0,5.820766091346741e-11,0.14851601329484243,0,1,0,0,0,1.0,0.35714285714285715,0.8237543782259181,0.09823070020261461,0.82651003041427,0.6797655744396199,0.008928571428571428,0.5357142857142858,0.07414836883090345
1107,111,99.10714285714286,112,0,112,0,0,0.0,3.5349993778429942,3.580457473567052,63.48280736414776,2.534814664825636,0.10324970943914373,1.509100809652174,9.107142857142858,4.519686177093536,0.587187680965662,0.0,0.0,0.0,0.0,0.0,0,0,0,0,0,0.0,0.36607142857142855,0.8596304015900529,0.09133961025482788,0.8280092988742376,0.6837091390212598,0.0,0.5357142857142857,0.07495783089974703
1108,111,99.10714285714286,112,0,112,0,0,0.0,3.529401370706189,3.5769034270674616,58.18926966847405,2.549580844613495,0.15567053143494508,1.502909332218125,9.107142857142858,4.519686177093536,0.5838089058138309,0.0,0.0,0.0,0.0,0.0,0,0,0,0,0,0.0,0.35714285714285715,0.8338151296223159,0.09886874677892882,0.8237598592326101,0.6869324494325609,0.0,0.5357142857142857,0.07526353335744132
1109,111,99.10714285714286,112,0,112,0,0,0.0,3.5496727370898946,3.598397258485417,59.69269299966959,2.5644568023966166,0.14860718233381917,1.5021385158369882,9.107142857142858,4.519686177093536,0.5875854216154204,0.0,0.0,0.0,0.0,0.0,0,0,0,0,0,0.0,0.36607142857142855,0.8427848730660388,0.1015970084605712,0.8288073964242949,0.6922499757525191,0.0,0.5,0.07570106349317686
1110,111,99.10714285714286,112,0,112,0,0,0.0,3.6017065688993446,3.6511404520620614,62.36637485179775,2.580567475035657,0.11566068625467293,1.4938586884918708,9.107142857142858,4.519686177093536,0.5883850101469477,0.0,0.0,0.0,0.0,0.0,0,0,0,0,0,0.0,0.36607142857142855,0.850644668597605,0.10086772541011517,0.8339800775637817,0.6943594791111612,0.0,0.5,0.07632530857437586
1111,112,100.0,112,0,112,0,0,0.0,3.6538329335172306,3.702748664781289,66.85006495073537,2.5978160192356072,0.06276657602078219,1.483754658526829,9.107142857142858,4.519686177093536,0.5913591317462845,0.0,0.0,0.0,0.0,0.0,0,0,0,0,0,0.0,0.38392857142857145,0.8677046014646789,0.09708538959220123,0.83735650657365,0.694042184420133,0.0,0.5,0.0769757304314428
1112,112,100.0,112,0,112,0,0,0.0,3.6158423731889338,3.663428818938006,61.99006039486382,2.6128632764576554,0.11506519216274118,1.5039665848677723,9.107142857142858,4.519686177093536,0.5866746205787889,0.0,0.0,0.0,0.0,0.0,0,0,0,0,0,0.0,0.39285714285714285,0.8454610999672528,0.10081495925123798,0.8344747718935759,0.6928865570795116,0.0,0.5357142857142857,0.07712582203214963
1113,112,100.0,112,0,112,0,0,0.0,3.589611814688691,3.6363745844238617,58.332033063662614,2.6262522316768835,0.1651795649327099,1.515577534647414,9.107142857142858,4.519686177093536,0.582623736655604,0.0,0.0,0.0,0.0,0.0,0,0,0,0,0,0.0,0.39285714285714285,0.8266359038381914,0.10253873365342588,0.842419252156633,0.693281213683486,0.0,0.5,0.07729723861879875
1114,112,100.0,112,0,112,0,0,0.0,3.6098033582121354,3.6567813611064475,57.545349720203696,2.6397739059497423,0.18153372045325789,1.5358526619314599,9.107142857142858,4.519686177093536,0.582056991955161,0.0,0.0,0.0,0.0,0.0,0,0,0,0,0,0.0,0.375,0.8198697072004009,0.10539399231336745,0.8322862674486069,0.6939346741025231,0.0,0.5357142857142857,0.077703764957927
1115,112,100.0,112,0,112,0,0,0.0,3.5910805918939936,3.640188396624407,51.63511208200923,2.6520844830419263,0.27024123151788854,1.5352961762281263,9.107142857142858,4.519686177093536,0.5757505259839348,0.0,0.0,0.0,0.0,0.0,0,0,0,0,0,0.0,0.36607142857142855,0.786103729295682,0.11249505731677681,0.8339846803868898,0.692533906950579,0.0,0.5357142857142857,0.07788835085191423
1116,112,100.0,112,0,112,0,0,0.0,3.53927991562676,3.5873611076368284,46.640921620896165,2.6619285585404704,0.33971207200769554,1.544849126002678,9.107142857142858,4.519686177093536,0.5695278127173382,0.0,0.0,0.0,0.0,0.0,0,0,0,0,0,0.0,0.38392857142857145,0.7593581900266467,0.11888322113437184,0.8339846803868898,0.6891460530008677,0.0,0.5357142857142857,0.07785180813036323
1117,112,100.0,112,0,112,0,0,0.0,3.508547283809032,3.5564486011017564,43.74446383990627,2.670209994091558,0.3822736428948384,1.5620038007720893,9.107142857142858,4.519686177093536,0.5655379076348876,0.0,0.0,0.0,0.0,0.0,0,0,0,0,0,0.0,0.4107142857142857,0.7433803434626665,0.12130974187966621,0.8464013688506196,0.6950174991667603,0.0,0.5,0.0778852924202083
1118,111,99.10714285714286,112,1,110,0,1,0.008928571428571428,3.5486172037808834,3.598411930804255,47.44706416358054,2.679541930640906,0.3757491092707766,1.6159043042613241,9.107142857142858,4.519686177093536,0.5694888391578539,0.999999608518745,0.14246952240177793,1.0,3.914812550243063e-07,0.1399965688554876,0,2,0,0,0,1.0,0.38392857142857145,0.7630203515054957,0.1109130006034147,0.8570333328231057,0.6902066595143311,0.008928571428571428,0.48214285714285715,0.07829652914320556
1119,110,98.21428571428571,112,1,109,0,2,0.008928571428571428,3.563128502327371,3.603592225282022,48.570839656623164,2.689053767886848,0.37565289752384595,1.6354491377392169,9.107142857142858,4.519686177093536,0.5697752919900883,0.9456860870253082,0.3433240432933579,1.0,0.05431391297469176,-0.00925786792424684,2,1,0,0,0,0.6666666666666666,0.38392857142857145,0.7696948879521519,0.10624655511517134,0.8440763559277956,0.6933816601491246,0.008928571428571428,0.5,0.07858403823253424
1120,109,97.32142857142857,112,1,111,0,0,0.008928571428571428,3.5805734257069015,3.6145079468780255,52.423288953495906,2.6983964255133728,0.32933832052256473,1.6392469302374597,9.107142857142858,4.519686177093536,0.5736273509986769,0.9853484365033318,0.32298379070819405,1.0,0.014651563496668185,0.007701844764822496,1,0,0,0,0,1.0,0.38392857142857145,0.7915728551240748,0.10054899827975373,0.8456852848847721,0.6942517614564273,0.008928571428571428,0.5178571428571429,0.0788823922520915
1121,108,96.42857142857143,112,1,109,0,2,0.008928571428571428,3.6328256833767236,3.6929065486620365,54.225927207321654,2.709089183975358,0.2978352279271562,1.6368556707773156,9.107142857142858,4.519686177093536,0.5781536660751927,0.8965931596013076,0.26630428349728436,1.0,0.10340684039869237,0.012021140336633299,0,3,0,0,0,0.6666666666666666,0.38392857142857145,0.8022078857581236,0.10657610293341117,0.8324564228762197,0.6890944503337112,0.008928571428571428,0.5178571428571428,0.07938529310351879
1122,107,95.53571428571429,112,1,111,0,0,0.008928571428571428,3.62848199136103,3.6621103606718117,51.939280185517795,2.7200218000262866,0.3711300474357221,1.7111638683141828,9.107142857142858,4.519686177093536,0.5759460577966242,0.9964263931690813,0.36837569612577675,1.0,0.003573606830918674,0.0014767773353119296,0,1,0,0,0,1.0,0.39285714285714285,0.7912887188145018,0.1104246019084111,0.7854476824576591,0.670574402107138,0.008928571428571428,0.5714285714285714,0.07961063461166458
1123,107,95.53571428571429,112,1,109,0,2,0.008928571428571428,3.5873416233857975,3.6402861856446216,49.580921990561116,2.7279724845838094,0.42193280311488784,1.767485960209042,9.107142857142858,4.519686177093536,0.5718421536339904,0.9028021413570232,0.29648328155850373,1.0,0.09719785864297688,0.0015097980636096242,0,3,0,0,0,0.6666666666666666,0.375,0.7753425447338659,0.11436890038953185,0.8239754573446609,0.6604510851830939,0.008928571428571428,0.5535714285714286,0.07958460576725375
1124,107,95.53571428571429,112,1,111,0,0,0.008928571428571428,3.5952260027662204,3.6463407382959003,48.93280192886508,2.736595575805687,0.4328085552926071,1.7715628205458918,9.107142857142858,4.519686177093536,0.5735962266669148,0.8392006629191529,0.3560786522431688,1.0,0.16079933708084715,0.02199636530258897,0,1,0,0,0,0.0,0.38392857142857145,0.7728817009347715,0.11721148249145057,0.8217323133774348,0.6641107619639143,0.008928571428571428,0.5535714285714286,0.07981889599515254
1125,107,95.53571428571429,112,1,111,0,0,0.008928571428571428,3.590154203705538,3.663029647584673,49.64598048630894,2.744578603945383,0.4808704035161812,1.8401438550873037,9.107142857142858,4.519686177093536,0.574899511256852,0.9999999999417923,0.35227306020022564,1.0,5.820766091346741e-11,-0.014382620632913845,0,1,0,0,0,1.0,0.3482142857142857,0.7760696407295055,0.11712479229901072,0.8073876785744281,0.6526356195871319,0.008928571428571428,0.5892857142857143,0.07997394090952081
1126,108,96.42857142857143,112,0,112,0,0,0.0,3.588208415044882,3.6604689335757787,49.690422792553534,2.7528856308894993,0.4986504022985564,1.869199999538583,9.107142857142858,4.519686177093536,0.5743217534964842,0.0,0.0,0.0,0.0,0.0,0,0,0,0,0,0.0,0.39285714285714285,0.7736315599187481,0.12106198929284781,0.8238904423982658,0.6466356674486783,0.0,0.5535714285714286,0.08015193774047785
1127,109,97.32142857142857,112,0,112,0,0,0.0,3.586974912415497,3.6608328907068035,47.56214569912715,2.7608303660612075,0.5191618185954259,1.8650168176009385,9.107142857142858,4.519686177093536,0.5739493593826122,0.0,0.0,0.0,0.0,0.0,0,0,0,0,0,0.0,0.36607142857142855,0.7647050976808843,0.13021029795058714,0.8000951777994245,0.6424760774443775,0.0,0.5892857142857143,0.08032530877601213
1128,110,98.21428571428571,112,0,112,0,0,0.0,3.570906076177802,3.644250315584661,44.46564304603266,2.7678164398510714,0.5677002416130362,1.8700097606541426,9.107142857142858,4.519686177093536,0.5697834220711109,0.0,0.0,0.0,0.0,0.0,0,0,0,0,0,0.0,0.38392857142857145,0.7426386295358764,0.13797212174914186,0.81278168509789,0.6378915920252207,0.0,0.5535714285714286,0.08040283890052466
1129,111,99.10714285714286,112,0,112,0,0,0.0,3.5866236602979202,3.659563505076868,46.86633065136802,2.775040451516536,0.5156063885258734,1.8466698001776742,9.107142857142858,4.519686177093536,0.5716460054713575,0.0,0.0,0.0,0.0,0.0,0,0,0,0,0,0.0,0.375,0.754747626677209,0.1317960731435327,0.8032394159279664,0.6441378886571244,0.0,0.5535714285714286,0.08064467814946308
1130,112,100.0,112,0,112,0,0,0.0,3.6364835436677128,3.7104117760426196,50.346358239350614,2.7837765063446285,0.46007006493116,1.8478339350298945,9.107142857142858,4.519686177093536,0.577653827905753,0.0,0.0,0.0,0.0,0.0,0,0,0,0,0,0.0,0.39285714285714285,0.7730768635680195,0.13034413027607655,0.8339401987280741,0.6516822494431408,0.0,0.5535714285714286,0.08109139869755633
1131,111,99.10714285714286,112,1,111,0,0,0.008928571428571428,3.576496003078872,3.6427799457951524,43.91932955766466,2.789868670470045,0.5759095674544997,1.8366273564394897,9.107142857142858,4.519686177093536,0.5707962751233719,0.9999949941769195,0.2800934909749766,1.0,5.00582308049502e-06,0.05155014077310982,0,1,0,0,0,1.0,0.38392857142857145,0.7365175121435797,0.14461483828134242,0.8205550438734326,0.6455882829410777,0.008928571428571428,0.5714285714285714,0.08092913434454328
1132,111,99.10714285714286,112,0,112,0,0,0.0,3.5458774954339622,3.6118935002897956,41.40733110277316,2.7943723628228976,0.6436521926926889,1.84990055152308,9.107142857142858,4.519686177093536,0.567187800853701,0.0,0.0,0.0,0.0,0.0,0,0,0,0,0,0.0,0.4017857142857143,0.7222314314272016,0.14295498641466578,0.819666900784513,0.6456832727218476,0.0,0.5714285714285714,0.08087781818668409
1133,111,99.10714285714286,112,0,112,0,0,0.0,3.544498342098493,3.610440074575357,42.29849466226299,2.7986199501901314,0.6407450162644885,1.8590393836371237,9.107142857142858,4.519686177093536,0.568878261095412,0.0,0.0,0.0,0.0,0.0,0,0,0,0,0,0.0,0.4107142857142857,0.7281357583341509,0.14658005386447073,0.8101494421151528,0.6421919386041441,0.0,0.5714285714285714,0.08096691122955516
1134,111,99.10714285714286,112,1,111,0,0,0.008928571428571428,3.544572188445868,3.6025122857867333,41.72795103758928,2.8026947333402816,0.6728882937844753,1.8895142955860176,9.107142857142858,4.519686177093536,0.5683833331237074,0.9999992624602161,0.1709080360363252,1.0,7.375397839126663e-07,0.1734122614112817,0,1,0,0,0,1.0,0.4017857142857143,0.7282370417111308,0.15128572075960292,0.8229164464508396,0.6452017097129741,0.008928571428571428,0.5357142857142858,0.08105936416668397
1135,111,99.10714285714286,112,0,112,0,0,0.0,3.508612214237583,3.565486011903185,39.97441660328142,2.804940749632326,0.7085450379252218,1.933934914753858,9.107142857142858,4.519686177093536,0.5621155812223553,0.0,0.0,0.0,0.0,0.0,0,0,0,0,0,0.0,0.4017857142857143,0.7145684718334999,0.14880892244917318,0.8229164464508396,0.6393710458316766,0.0,0.5357142857142858,0.08093032073958595
1136,111,99.10714285714286,112,0,112,0,0,0.0,3.4606115353880673,3.5167979650923327,38.0649251987195,2.8053248154991977,0.7609457320382859,1.9599200187940393,9.107142857142858,4.519686177093536,0.557384791804604,0.0,0.0,0.0,0.0,0.0,0,0,0,0,0,0.0,0.35714285714285715,0.7022586210772862,0.1480607095397498,0.7950582355729765,0.63683982178282,0.0,0.5714285714285714,0.08069899663128632
1137,111,99.10714285714286,112,0,112,0,0,0.0,3.5250192097240594,3.5829118566515055,43.38802316034781,2.8080820351285243,0.6869364439899649,1.9096641218199915,9.107142857142858,4.519686177093536,0.5654499821820385,0.0,0.0,0.0,0.0,0.0,0,0,0,0,0,0.0,0.38392857142857145,0.7359394604112678,0.1355368810720561,0.7874097980263499,0.6464943348356357,0.0,0.6071428571428572,0.08108334384019568
1138,111,99.10714285714286,112,0,112,0,0,0.0,3.526137538082931,3.5836164273152575,43.543509584371385,2.8107401125897105,0.6853417344301247,1.9559986068684492,9.107142857142858,4.519686177093536,0.5624212663389472,0.0,0.0,0.0,0.0,0.0,0,0,0,0,0,0.0,0.3482142857142857,0.730508917517909,0.13043875094053364,0.7958650283246484,0.6454163417125941,0.0,0.6071428571428571,0.08114900386178486
1139,112,100.0,112,0,112,0,0,0.0,3.5193063819830157,3.5780482572335477,42.91446732984014,2.8130767222405066,0.6897865263967938,1.9540567132082336,9.107142857142858,4.519686177093536,0.5615838355799676,0.0,0.0,0.0,0.0,0.0,0,0,0,0,0,0.0,0.375,0.7275321420848889,0.12948924059814665,0.7786428494166903,0.6463884816984083,0.0,0.6071428571428571,0.08116765179298513
1140,112,100.0,112,0,112,0,0,0.0,3.563064514907875,3.62295484460677,46.73727280432444,2.816931433925593,0.6340197000432056,1.9144334278883053,9.107142857142858,4.519686177093536,0.5661744631979491,0.0,0.0,0.0,0.0,0.0,0,0,0,0,0,0.0,0.35714285714285715,0.7473619529291982,0.12510360294117936,0.765711911633381,0.6520921029748844,0.0,0.6071428571428571,0.08147355289320826
1141,112,100.0,112,0,112,0,0,0.0,3.511313844818723,3.570563330021122,40.83761562569977,2.818717579105323,0.7404432358309163,1.9473408263478702,9.107142857142858,4.519686177093536,0.5580967195464761,0.0,0.0,0.0,0.0,0.0,0,0,0,0,0,0.0,0.36607142857142855,0.7094269185537828,0.13759657927131475,0.7726678821028545,0.6468354175495874,0.0,0.6071428571428571,0.08125516362115803
1142,111,99.10714285714286,112,1,111,0,0,0.008928571428571428,3.5163370023671248,3.588127294116738,39.46196790486278,2.8206753094444856,0.7655291159220793,1.9106464177066544,9.107142857142858,4.519686177093536,0.5578697254731124,0.9999999776538333,0.25582386812973545,1.0,2.2346166694831027e-08,0.1351687326684899,1,0,0,0,0,1.0,0.36607142857142855,0.6997159192724052,0.14296847971411866,0.792885489617114,0.6451863794676304,0.008928571428571428,0.5714285714285715,0.081324521042662
1143,111,99.10714285714286,112,0,112,0,0,0.0,3.5261819145276236,3.5990544917590506,37.996818288626876,2.8233224120789115,0.7816001387075628,1.9067384730995567,9.107142857142858,4.519686177093536,0.5566157896646284,0.0,0.0,0.0,0.0,0.0,0,0,0,0,0,0.0,0.36607142857142855,0.6889506280089054,0.15738775612428765,0.803330070148152,0.6382473163633138,0.0,0.5357142857142858,0.0814335659693953
1144,111,99.10714285714286,112,0,112,0,0,0.0,3.5182244258074076,3.5900443870470777,37.42173158667836,2.8255240912157085,0.7680562671014644,1.9121641937015035,9.107142857142858,4.519686177093536,0.5548524849080445,0.0,0.0,0.0,0.0,0.0,0,0,0,0,0,0.0,0.36607142857142855,0.6851489107416576,0.15865587112426358,0.7885831696878778,0.6387988662268052,0.0,0.5714285714285714,0.08144353301959911
1145,110,98.21428571428571,112,1,111,0,0,0.008928571428571428,3.499608752842461,3.572706305887942,33.64293557112458,2.826966982976719,0.8313374735642286,1.920809933984634,9.107142857142858,4.519686177093536,0.5507918328134105,0.9999999999408149,0.3446718007780044,1.0,5.91851012643474e-11,-0.05033539006807053,1,0,0,0,0,1.0,0.375,0.6608776211985907,0.1772961924751941,0.7885831696878778,0.6308251314006769,0.008928571428571428,0.5714285714285714,0.08138306174451078
1146,110,98.21428571428571,112,0,112,0,0,0.0,3.5453158059098806,3.620734414674964,37.45022558513782,2.8301136132955884,0.7684742676140898,1.8498366799299764,9.107142857142858,4.519686177093536,0.5575861441196679,0.0,0.0,0.0,0.0,0.0,0,0,0,0,0,0.0,0.375,0.6877296002696054,0.16567536033685856,0.7943844898663526,0.6370710237053352,0.0,0.5714285714285714,0.08168270591763097
1147,111,99.10714285714286,112,0,112,0,0,0.0,3.5513122793245335,3.6267698879259926,38.30893185560185,2.8333362533590902,0.7124246750979335,1.7543984473707888,9.107142857142858,4.519686177093536,0.5603717238923627,0.0,0.0,0.0,0.0,0.0,0,0,0,0,0,0.0,0.375,0.6979000616804287,0.16454264671767305,0.797926683263677,0.6386392934849469,0.0,0.5357142857142858,0.08178551489344801
1148,111,99.10714285714286,112,0,112,0,0,0.0,3.5759288149526225,3.6528604691939996,39.14584618668177,2.83735661012118,0.6856420428705144,1.7150906347680934,9.107142857142858,4.519686177093536,0.563283084749957,0.0,0.0,0.0,0.0,0.0,0,0,0,0,0,0.0,0.375,0.7040407972787096,0.1645827955438114,0.7997812799931806,0.648262083076915,0.0,0.5714285714285714,0.08199945132601147
1149,111,99.10714285714286,112,0,112,0,0,0.0,3.5982403739019326,3.6733806548293266,41.283976977885374,2.8419372177693623,0.6651324696733988,1.7178920059016447,9.107142857142858,4.519686177093536,0.5656148361118827,0.0,0.0,0.0,0.0,0.0,0,0,0,0,0,0.0,0.38392857142857145,0.7161730652578262,0.16135405401734468,0.7911858280662832,0.6466922641375549,0.0,0.5714285714285714,0.0822145236661089
1150,112,100.0,112,0,112,0,0,0.0,3.56063525266262,3.632589917458052,41.14463615443115,2.8448359056720407,0.6806901819937413,1.8147488025866176,9.107142857142858,4.519686177093536,0.5630760363954428,0.0,0.0,0.0,0.0,0.0,0,0,0,0,0,0.0,0.38392857142857145,0.7138761705364031,0.15508310512826037,0.7807856483106648,0.6483087209934679,0.0,0.5714285714285714,0.08209200385813957
1151,112,100.0,112,0,112,0,0,0.0,3.611120701661676,3.682799073850406,45.90581062962809,2.849419019019144,0.5926326044508025,1.817112851858323,9.107142857142858,4.519686177093536,0.5697407188697485,0.0,0.0,0.0,0.0,0.0,0,0,0,0,0,0.0,0.39285714285714285,0.7409785018643412,0.14271170531522048,0.7805863998710276,0.6551476211942918,0.0,0.5714285714285714,0.08244800227334964
1152,111,99.10714285714286,112,1,111,0,0,0.008928571428571428,3.568757535284101,3.6406281902422175,45.26667562718363,2.8521073277059648,0.6438339690365683,1.8685864994567294,9.107142857142858,4.519686177093536,0.5648742670023565,0.9999786700308224,0.21766903838389645,1.0,2.1329969177585895e-05,0.11800834909084576,0,1,0,0,0,1.0,0.38392857142857145,0.7290785586931178,0.13859193872032785,0.7888993491377769,0.6601312453703615,0.008928571428571428,0.5535714285714286,0.08229693799951968
1153,110,98.21428571428571,112,1,110,0,1,0.008928571428571428,3.6302864552139047,3.6931821325155907,48.45712777103004,2.8570635774694177,0.5937608194419297,1.8801420272861988,9.107142857142858,4.519686177093536,0.5672419467678591,0.9945498810804972,0.36309795460490135,1.0,0.0054501189195027555,-0.038565935308440324,1,1,0,0,0,1.0,0.39285714285714285,0.7405064036470833,0.13427437882741847,0.8085434652413149,0.6568916645143421,0.008928571428571428,0.5535714285714286,0.0827165860668992
1154,109,97.32142857142857,112,1,110,0,1,0.008928571428571428,3.576350446265795,3.6556315015570924,41.28226747664537,2.8595268168632364,0.695973596259068,1.9138051351485637,9.107142857142858,4.519686177093536,0.5572095856903725,0.9586944095797865,0.21698432235218473,1.0,0.041305590420213534,0.04727834166895996,1,1,0,0,0,0.5,0.36607142857142855,0.6974413169293868,0.1512760952649886,0.81161548398535,0.6413038747720236,0.008928571428571428,0.5535714285714286,0.08250257136735423
1155,109,97.32142857142857,112,0,112,0,0,0.0,3.5315669637405662,3.6116847609788967,36.72354492273752,2.8608746321129117,0.7431178701074358,1.867232517799758,9.107142857142858,4.519686177093536,0.5514535534307405,0.0,0.0,0.0,0.0,0.0,0,0,0,0,0,0.0,0.38392857142857145,0.6711292544305026,0.16412151972055822,0.8115096768831989,0.6371091829285483,0.0,0.5178571428571429,0.08230911246449424
1156,109,97.32142857142857,112,0,112,0,0,0.0,3.5836109716869857,3.664077630211499,38.70002545991408,2.8640559249578446,0.694792629349538,1.8332382130412388,9.107142857142858,4.519686177093536,0.5524095807825704,0.0,0.0,0.0,0.0,0.0,0,0,0,0,0,0.0,0.36607142857142855,0.6775377162899989,0.15878019586949274,0.8248559204503176,0.6428461827036964,0.0,0.5178571428571428,0.08264122473070898
1157,110,98.21428571428571,112,0,112,0,0,0.0,3.590720240772183,3.6710752206097625,41.15116363947329,2.867346448650581,0.6661464860486476,1.8610637990745467,9.107142857142858,4.519686177093536,0.5555057509644192,0.0,0.0,0.0,0.0,0.0,0,0,0,0,0,0.0,0.38392857142857145,0.6946877954883455,0.15220720201586005,0.8248559204503176,0.6430918685621471,0.0,0.5178571428571428,0.08275113174838228
1158,111,99.10714285714286,112,0,112,0,0,0.0,3.5741180416517815,3.655037232487624,39.55155605912741,2.869908357613031,0.7120099338416317,1.8572478717005279,9.107142857142858,4.519686177093536,0.5526662011795116,0.0,0.0,0.0,0.0,0.0,0,0,0,0,0,0.0,0.39285714285714285,0.6853607136179549,0.15580871230742963,0.8271941274883738,0.6388932883612826,0.0,0.5178571428571428,0.08272601587540304
1159,112,100.0,112,0,112,0,0,0.0,3.5914943833031927,3.6723389782822213,40.018866823571344,2.872980064020694,0.6912736486752217,1.8367427194035852,9.107142857142858,4.519686177093536,0.5529289513593347,0.0,0.0,0.0,0.0,0.0,0,0,0,0,0,0.0,0.35714285714285715,0.6846320268948398,0.15234442952747637,0.8294627099635921,0.6419175487743084,0.0,0.5178571428571428,0.08288231332861414
1160,111,99.10714285714286,112,1,111,0,0,0.008928571428571428,3.5910368625079516,3.6502919705283805,37.329626309217375,2.875930843736663,0.7839673396256551,1.9347306994430018,9.107142857142858,4.519686177093536,0.5513319830454777,0.9999999999417923,0.3526966667243322,1.0,5.820766091346741e-11,0.06853466684639486,1,0,0,0,0,1.0,0.3482142857142857,0.6707566902903207,0.16259107252340585,0.8212026309048168,0.6335850049768899,0.008928571428571428,0.5535714285714286,0.08294670871610749
1161,110,98.21428571428571,112,1,111,0,0,0.008928571428571428,3.588462397279985,3.6433355846225965,37.62268436000236,2.87779870321667,0.7981086028660661,1.96061944978164,9.107142857142858,4.519686177093536,0.5504605486753364,0.6782231845688526,0.29208735400816666,1.0,0.32177681543114744,-0.00041961395834755333,0,1,0,0,0,0.0,0.36607142857142855,0.6702561588704464,0.1572730212993422,0.811655742700929,0.6309621322432954,0.008928571428571428,0.5714285714285714,0.08297604708333035
1162,109,97.32142857142857,112,1,111,0,0,0.008928571428571428,3.6076823175840755,3.667683027471346,37.00259800113936,2.880169940063889,0.7994954902648758,1.945784282501786,9.107142857142858,4.519686177093536,0.5500849677616038,0.999464707329617,0.2704606041993452,1.0,0.0005352926703829919,0.010341117422786428,0,1,0,0,0,1.0,0.33035714285714285,0.6629156448894664,0.16619155476627626,0.7882475741099673,0.6293699754535304,0.008928571428571428,0.5357142857142858,0.08312573291685577
1163,109,97.32142857142857,112,0,111,1,0,0.0,3.652256060695938,3.711846930038928,39.12681055828934,2.88420636349549,0.7587075540026473,1.8918002184273826,9.107142857142858,4.519686177093536,0.5520620555599691,0.782860240347106,0.31814873325526394,1.0,0.217139759652894,0.0064028924340648885,0,0,1,0,0,0.0,0.33035714285714285,0.6723428182583352,0.16931130078983853,0.8051565901718625,0.6288734874513716,0.0,0.5714285714285714,0.0834398184683586
1164,108,96.42857142857143,112,2,110,0,0,0.017857142857142856,3.681440341276616,3.7287207606585073,45.32137028528419,2.8890519344402708,0.6254810419908587,1.8395806187337338,9.107142857142858,4.519686177093536,0.5587590674601914,0.8819902162789618,0.34173813703135303,1.0,0.11800978372103821,0.051350670116735,1,1,0,0,0,0.5,0.32142857142857145,0.7106914509564327,0.12578032979985085,0.7992636316760234,0.6598543505930871,0.017857142857142856,0.5535714285714286,0.08369524217135824
1165,108,96.42857142857143,112,1,109,0,2,0.008928571428571428,3.671568213466145,3.7334566832702945,43.50235588980924,2.8929528528323285,0.6502308116018185,1.8343433181220188,9.107142857142858,4.519686177093536,0.5568193357881746,0.9973095347544788,0.286544805154576,1.0,0.002690465245521153,0.011085487503169697,1,2,0,0,0,1.0,0.33035714285714285,0.6970442777927783,0.13186622817103508,0.8086431222077745,0.6573892485784862,0.008928571428571428,0.5357142857142857,0.08373403616697865
1166,108,96.42857142857143,112,0,112,0,0,0.0,3.679296745780512,3.744928880022178,41.70432014197583,2.89760768897891,0.6471396233245518,1.8178551894250004,9.107142857142858,4.519686177093536,0.5557164261057714,0.0,0.0,0.0,0.0,0.0,0,0,0,0,0,0.0,0.3482142857142857,0.6884443624599356,0.1350464098491481,0.8099692294716523,0.6573905222961172,0.0,0.5357142857142857,0.0838778708214922
1167,109,97.32142857142857,112,0,112,0,0,0.0,3.678177376604706,3.744624103849768,43.25525368827298,2.902041121198379,0.6446838465419048,1.8221579236106356,9.107142857142858,4.519686177093536,0.5560689057635009,0.0,0.0,0.0,0.0,0.0,0,0,0,0,0,0.0,0.3392857142857143,0.6988635047337867,0.12862334242393003,0.8263826245519654,0.6534153934452179,0.0,0.5,0.08397246258721025
1168,108,96.42857142857143,112,1,111,0,0,0.008928571428571428,3.709598627843403,3.7711567755317708,42.59585125238783,2.907398451549742,0.6352490179931934,1.7965970646591767,9.107142857142858,4.519686177093536,0.5575437678680888,0.7712135016436452,0.3398558457797313,1.0,0.22878649835635478,-0.024788545803056783,0,1,0,0,0,0.0,0.3392857142857143,0.6954244545794043,0.1325696930087528,0.8192638834627014,0.6563175320851479,0.008928571428571428,0.5178571428571429,0.08425063610307962
1169,109,97.32142857142857,112,1,110,0,1,0.008928571428571428,3.6974757288812907,3.762621079318088,41.130849541569496,2.9119661249647333,0.6780625728444044,1.8159968005894513,9.107142857142858,4.519686177093536,0.5529803103019255,0.9858269188299278,0.13691097831204851,1.0,0.014173081170072266,0.040656781220336266,0,2,0,0,0,1.0,0.3392857142857143,0.6829241005371282,0.13091662838736262,0.8177601778999808,0.6568004571577271,0.008928571428571428,0.5178571428571428,0.08429324386024513
1170,109,97.32142857142857,112,1,111,0,0,0.008928571428571428,3.704050029015577,3.7685522010387045,38.76585124220925,2.9166464645333328,0.7243199599076872,1.8375495137386053,9.107142857142858,4.519686177093536,0.5476062019167871,0.9843327697124931,0.3684873257368222,1.0,0.01566723028750694,-0.04899629587254184,1,0,0,0,0,1.0,0.30357142857142855,0.6632348513727301,0.13847590149423344,0.8209449842411874,0.6510872886601378,0.008928571428571428,0.4821428571428572,0.08443188369117807
1171,109,97.32142857142857,112,1,111,0,0,0.008928571428571428,3.723506927766118,3.7850163676889848,41.73748695163164,2.921821873534005,0.7302659168331457,1.8673071543768398,9.107142857142858,4.519686177093536,0.5508122216851994,0.9999141195357222,0.3088030364304507,1.0,8.588046427782103e-05,0.11642612128721541,1,0,0,0,0,1.0,0.3392857142857143,0.6809336695169474,0.13270989045545667,0.8275417707455145,0.6456945086385689,0.008928571428571428,0.4821428571428572,0.0846461243075365
1172,108,96.42857142857143,112,1,111,0,0,0.008928571428571428,3.79922865628571,3.8584017468024268,49.705601614141735,2.92939572629011,0.6215505293348841,1.849120943168789,9.107142857142858,4.519686177093536,0.5625972978171934,0.9999999998686897,0.3217072550205146,1.0,1.3131029596991084e-10,0.2249990934546433,0,1,0,0,0,1.0,0.35714285714285715,0.7297814586735919,0.11640190076468533,0.8275417707455145,0.6610353327965806,0.008928571428571428,0.4821428571428572,0.08519589013818
1173,109,97.32142857142857,112,0,112,0,0,0.0,3.7952164264000507,3.8562839628806533,50.802181363988936,2.9364297791524407,0.599627159721849,1.8326290145558468,9.107142857142858,4.519686177093536,0.5648637242261758,0.0,0.0,0.0,0.0,0.0,0,0,0,0,0,0.0,0.36607142857142855,0.7418889546561042,0.10919155026526528,0.8424890413960483,0.662293753363944,0.0,0.4464285714285715,0.08533478754620581
1174,108,96.42857142857143,112,1,111,0,0,0.008928571428571428,3.8456925627809326,3.901677815495806,55.69922341777216,2.9449432585353486,0.5348438075552401,1.7744014555420706,9.107142857142858,4.519686177093536,0.5736459665190663,0.9975646700018043,0.3500081561051227,1.0,0.0024353299981957344,-0.0017375434768600595,0,1,0,0,0,1.0,0.375,0.7722557929554226,0.10519961420919938,0.8444335465075765,0.6582803827281037,0.008928571428571428,0.46428571428571436,0.08577955950353973
1175,108,96.42857142857143,112,1,110,0,1,0.008928571428571428,3.8928503092808833,3.9584078028905445,59.75482248473365,2.954688662832468,0.47842996342385785,1.7829910921616083,9.107142857142858,4.519686177093536,0.5764316838100161,0.9540526849764397,0.3158766995113742,1.0,0.04594731502356031,0.028442020385223477,0,2,0,0,0,0.5,0.375,0.7872186387108118,0.10032909220103478,0.8245030855352928,0.6638328269605458,0.008928571428571428,0.49999999999999994,0.08623557908149887
1176,109,97.32142857142857,112,0,112,0,0,0.0,3.851711878485375,3.9152862937942987,55.94067637599198,2.9627129304936863,0.5501221655133417,1.8522878304524226,9.107142857142858,4.519686177093536,0.5721344172131588,0.0,0.0,0.0,0.0,0.0,0,0,0,0,0,0.0,0.39285714285714285,0.767419788127226,0.10833303405612864,0.830870064153574,0.6572360819137357,0.0,0.49999999999999994,0.08621122278566987
1177,110,98.21428571428571,112,0,112,0,0,0.0,3.8300242930028685,3.8955686326062278,53.65705326545465,2.969661585312876,0.6451415497191645,1.9097210148930963,9.107142857142858,4.519686177093536,0.5674419090738909,0.0,0.0,0.0,0.0,0.0,0,0,0,0,0,0.0,0.375,0.751229759112087,0.11352190947950443,0.834570810881857,0.6479350621107675,0.0,0.49999999999999994,0.08625981355393575
1178,110,98.21428571428571,112,0,112,0,0,0.0,3.842267789783855,3.908781882737957,54.99793781751267,2.9767739406925084,0.6157636085666456,1.889302566024781,9.107142857142858,4.519686177093536,0.5698497200763684,0.0,0.0,0.0,0.0,0.0,0,0,0,0,0,0.0,0.4017857142857143,0.7597622428725895,0.11195032247893623,0.834570810881857,0.6521345901844493,0.0,0.49999999999999994,0.0864817591093202
1179,110,98.21428571428571,112,1,111,0,0,0.008928571428571428,3.8273830796559536,3.894324819858374,55.42761763742697,2.982887772992584,0.6049620117480842,1.8839712556399384,9.107142857142858,4.519686177093536,0.5677649260793383,0.9620667938966847,0.22611762751561615,1.0,0.0379332061033153,0.03353367319830647,0,1,0,0,0,1.0,0.38392857142857145,0.7562321018524961,0.11259440116248053,0.8376861589844908,0.6618873244266688,0.008928571428571428,0.49999999999999994,0.08654549857535929
1180,111,99.10714285714286,112,0,112,0,0,0.0,3.7996623207869655,3.8648493028594237,53.920263289676605,2.9878138544038912,0.6580478463548385,1.9291710074841524,9.107142857142858,4.519686177093536,0.5660841732418052,0.0,0.0,0.0,0.0,0.0,0,0,0,0,0,0.0,0.35714285714285715,0.7512660061024778,0.11337156985773382,0.8290907395939309,0.6589425682006667,0.0,0.49999999999999994,0.08651821649132396
1181,111,99.10714285714286,112,0,112,0,0,0.0,3.814778980594736,3.882989564324099,52.792523391436724,2.9931731987065056,0.6830789526422275,1.9255696118706958,9.107142857142858,4.519686177093536,0.5653864899108378,0.0,0.0,0.0,0.0,0.0,0,0,0,0,0,0.0,0.35714285714285715,0.7428674556437598,0.11298395737564448,0.8423737910588049,0.6652734276591273,0.0,0.5,0.08671491256217687
1182,111,99.10714285714286,112,0,112,0,0,0.0,3.8460217685101545,3.9120419866464777,54.917783157750584,2.9993407801181444,0.6606050393179229,1.8992497116333118,9.107142857142858,4.519686177093536,0.5662830207086975,0.0,0.0,0.0,0.0,0.0,0,0,0,0,0,0.0,0.36607142857142855,0.7478554612280558,0.11084288033809447,0.8367531508612158,0.6693113853509551,0.0,0.5,0.08701050416401537
1183,111,99.10714285714286,112,0,112,0,0,0.0,3.7951725474781886,3.860847562634774,50.643814715663964,3.00337854436086,0.7161996790277784,1.9216415636289441,9.107142857142858,4.519686177093536,0.5627401316088056,0.0,0.0,0.0,0.0,0.0,0,0,0,0,0,0.0,0.38392857142857145,0.7298772337373877,0.1176047179291232,0.830570350487674,0.6691473618230237,0.0,0.49999999999999994,0.08684750519502638
1184,111,99.10714285714286,112,1,110,1,0,0.008928571428571428,3.823808730577833,3.8752242141785187,52.80500063687244,3.0081882695687754,0.7169014667365895,1.9443115484696223,9.107142857142858,4.519686177093536,0.5627948618038627,0.9137243966344288,0.34497599220356545,1.0,0.08627560336557116,0.052807239211110746,0,1,0,1,0,0.5,0.35714285714285715,0.7350612056051994,0.11549696177093731,0.8229824880290466,0.6700742732988506,0.008928571428571428,0.5178571428571428,0.08709937835321375
1185,111,99.10714285714286,112,0,111,1,0,0.0,3.821381806370197,3.8694803468128955,54.996583047075156,3.012138294856329,0.7028727445854129,1.9389325327177898,9.107142857142858,4.519686177093536,0.561820662761535,0.8398359020344457,0.3540135779725767,1.0,0.1601640979655543,-0.005179273850450361,0,0,0,1,0,0.0,0.39285714285714285,0.7405265308134952,0.10904807262726693,0.8157752476071674,0.6701103940462109,0.0,0.5178571428571428,0.08717650810563221
1186,110,98.21428571428571,112,1,111,0,0,0.008928571428571428,3.816020896423432,3.8491145743205326,51.80471945594282,3.0157177114226736,0.7453555024930202,1.9402510754708036,9.107142857142858,4.519686177093536,0.5601233654970488,0.909919279318983,0.3570876402238144,1.0,0.09008072068101702,0.000692094068383664,0,1,0,0,0,0.0,0.4107142857142857,0.7259554417535534,0.11793109054472903,0.8250982659035715,0.6700955755522929,0.008928571428571428,0.4821428571428572,0.08723059275378323
1187,109,97.32142857142857,112,2,110,0,0,0.017857142857142856,3.855093168133488,3.868817824961503,54.84863741326723,3.019958863278741,0.7089280564484327,1.9453881840814387,9.107142857142858,4.519686177093536,0.5658300135650127,0.988738989715488,0.34752177028941234,1.0,0.011261010284511985,-0.012398685491378958,1,1,0,0,0,1.0,0.41964285714285715,0.7455924722829997,0.11735071096842972,0.8189267827791212,0.6621500868262497,0.017857142857142856,0.48214285714285715,0.08752179748942761
1188,109,97.32142857142857,112,0,112,0,0,0.0,3.8683125636376823,3.8799056427827354,60.92438908966246,3.0237538471981193,0.6400612320519198,1.9975737474844237,9.107142857142858,4.519686177093536,0.570437166934481,0.0,0.0,0.0,0.0,0.0,0,0,0,0,0,0.0,0.4107142857142857,0.7751481069870897,0.10724641506220858,0.8149493013237018,0.6628507027532793,0.0,0.4821428571428571,0.08767365514876212
1189,109,97.32142857142857,112,0,112,0,0,0.0,3.850458930230585,3.861840306097941,55.923186742225255,3.0267241125338797,0.7062196800228023,1.996321044033001,9.107142857142858,4.519686177093536,0.5659402499077539,0.0,0.0,0.0,0.0,0.0,0,0,0,0,0,0.0,0.4017857142857143,0.7492496434349206,0.11843159734517228,0.8202689704889623,0.6591052470424723,0.0,0.4821428571428571,0.08765151031762831
1190,109,97.32142857142857,112,0,112,0,0,0.0,3.879558158537384,3.892041184206618,60.20792129490827,3.030652119128429,0.6412698254532342,1.9703171960530228,9.107142857142858,4.519686177093536,0.5680916610215054,0.0,0.0,0.0,0.0,0.0,0,0,0,0,0,0.0,0.4017857142857143,0.7677931237026264,0.1123194866496948,0.8340515829842546,0.6606495654369205,0.0,0.4464285714285714,0.0878857732447069
1191,110,98.21428571428571,112,0,112,0,0,0.0,3.791629115511926,3.808117469213531,51.23295798880064,3.0313681213152113,0.7842867620339143,2.026781071840868,9.107142857142858,4.519686177093536,0.5579829986805862,0.0,0.0,0.0,0.0,0.0,0,0,0,0,0,0.0,0.39285714285714285,0.7251635744681421,0.11995961365280765,0.8209752574709311,0.6570840251880835,0.0,0.4821428571428571,0.08746230855551144
1192,112,100.0,112,0,112,0,0,0.0,3.8529380025331084,3.868672139206029,57.34573951957171,3.0342412672895183,0.7168137239369672,2.009657872818915,9.107142857142858,4.519686177093536,0.5643067978811176,0.0,0.0,0.0,0.0,0.0,0,0,0,0,0,0.0,0.42857142857142855,0.7518042040967315,0.1094165946494644,0.8131108322697768,0.6605915408394333,0.0,0.4821428571428571,0.08783378158134159
1193,112,100.0,112,0,112,0,0,0.0,3.8761363828327338,3.8900327456520443,60.29182553352033,3.0377569019838844,0.6416601995826852,1.968747281616346,9.107142857142858,4.519686177093536,0.5692184557658346,0.0,0.0,0.0,0.0,0.0,0,0,0,0,0,0.0,0.42857142857142855,0.7703025961846415,0.1024134476250536,0.8150942346729719,0.674419741159009,0.0,0.4821428571428571,0.08802922131049891
1194,112,100.0,112,0,112,0,0,0.0,3.891587085712861,3.906745474664179,60.84243356116995,3.041717931345313,0.6585886808175319,1.9815984848434027,9.107142857142858,4.519686177093536,0.5686311913739404,0.0,0.0,0.0,0.0,0.0,0,0,0,0,0,0.0,0.42857142857142855,0.7702368478341953,0.10032168477396908,0.8253551208030885,0.6742265340802678,0.0,0.48214285714285715,0.08819598787315909
1195,112,100.0,112,0,112,0,0,0.0,3.9271480101207907,3.946414590725584,62.62314170843589,3.046934270254385,0.6063109731650639,1.9511245023659245,9.107142857142858,4.519686177093536,0.5717331049973478,0.0,0.0,0.0,0.0,0.0,0,0,0,0,0,0.0,0.41964285714285715,0.7790954835539694,0.09949703355306337,0.8222628635809057,0.6806959648291977,0.0,0.48214285714285715,0.08849167356951057
1196,111,99.10714285714286,112,1,111,0,0,0.008928571428571428,3.99208440887416,4.013573011257196,74.52992846122774,3.054243353480094,0.489409131143614,1.9491809070304993,9.107142857142858,4.519686177093536,0.5812551036638043,0.999999977938733,0.2928892469468597,1.0,2.2061267035411447e-08,0.1463892883286223,0,1,0,0,0,1.0,0.44642857142857145,0.8284519475079865,0.08781796480668394,0.8314677399271759,0.6934021303301929,0.008928571428571428,0.4464285714285714,0.08898152937538975
1197,110,98.21428571428571,112,1,111,0,0,0.008928571428571428,4.020262193736626,4.058173247150023,78.72960999379865,3.0623686451312917,0.4455271026237197,2.009144509588563,9.107142857142858,4.519686177093536,0.5842956735532225,0.9999999999417923,0.30960760252849073,1.0,5.820766091346741e-11,0.013139018272239733,1,0,0,0,0,1.0,0.44642857142857145,0.8468805793815529,0.08212268520167376,0.8321272122322814,0.6963254123465303,0.008928571428571428,0.4464285714285714,0.08930603714150594
1198,110,98.21428571428571,112,0,112,0,0,0.0,3.973835817365232,4.008466363358812,73.97780999058486,3.068895272896184,0.48442477018702446,2.0177666192803563,9.107142857142858,4.519686177093536,0.5812760174172507,0.0,0.0,0.0,0.0,0.0,0,0,0,0,0,0.0,0.4375,0.8326768822107813,0.08515047858587685,0.8218752189591814,0.6907401632652499,0.0,0.48214285714285715,0.08922139680610905
1199,110,98.21428571428571,112,0,112,0,0,0.0,4.078888944075929,4.114417244860706,86.42324783391032,3.0789578354447555,0.33925615913788665,1.9876704404498056,9.107142857142858,4.519686177093536,0.5880722961623694,0.0,0.0,0.0,0.0,0.0,0,0,0,0,0,0.0,0.42857142857142855,0.8719805401249651,0.07580935625656887,0.8206867590639434,0.6935432955967075,0.0,0.4821428571428571,0.08997406056394712
1200,110,98.21428571428571,112,0,112,0,0,0.0,4.076780257866298,4.113790393714227,85.41270511089883,3.0885429363810633,0.36160440956176065,1.9969292086710584,9.107142857142858,4.519686177093536,0.5879727840630811,0.0,0.0,0.0,0.0,0.0,0,0,0,0,0,0.0,0.41964285714285715,0.8694308844942172,0.07513277737117088,0.8337077871864668,0.6986637418441026,0.0,0.48214285714285715,0.09018012537393835
1201,111,99.10714285714286,112,0,112,0,0,0.0,4.009655264000781,4.046704184782426,77.12540543701448,3.0952691519458315,0.4758462414448439,2.029144910704737,9.107142857142858,4.519686177093536,0.5847117289111228,0.0,0.0,0.0,0.0,0.0,0,0,0,0,0,0.0,0.41964285714285715,0.8451092037355146,0.08287804979273129,0.8271557629189944,0.6939902973677301,0.0,0.4821428571428571,0.08999650232217193
1202,112,100.0,112,0,112,0,0,0.0,4.003681785206354,4.040437156709466,76.35067030769,3.1014647636742545,0.451650782128373,2.007533341535217,9.107142857142858,4.519686177093536,0.5864485322963857,0.0,0.0,0.0,0.0,0.0,0,0,0,0,0,0.0,0.4017857142857143,0.8475578363480541,0.08539736470229285,0.8310168023231029,0.6960364733786311,0.0,0.4821428571428571,0.09010664603163776
1203,112,100.0,112,0,112,0,0,0.0,4.01484523261425,4.051469401342805,74.40857135432834,3.107779251464374,0.45249823330507527,1.9405836554974607,9.107142857142858,4.519686177093536,0.5844010701746476,0.0,0.0,0.0,0.0,0.0,0,0,0,0,0,0.0,0.4375,0.8345468679847332,0.09104584103265366,0.8271557629189944,0.6960002102349047,0.0,0.4821428571428571,0.0903051607845794
1204,111,99.10714285714286,112,1,111,0,0,0.008928571428571428,4.064765107717832,4.115403079819819,83.41597225224291,3.115439631483238,0.3657261490067704,1.9361870556143614,9.107142857142858,4.519686177093536,0.5918194889915263,0.9978530902519376,0.3810936388255538,1.0,0.00214690974806242,0.27191526786461173,1,0,0,0,0,1.0,0.4642857142857143,0.8682038791092387,0.08147588267958324,0.8373577747999663,0.7102195405903812,0.008928571428571428,0.4821428571428571,0.09072787272851002
1205,111,99.10714285714286,112,0,112,0,0,0.0,4.0330122566121345,4.081338866101448,77.94631828375313,3.1222025039606227,0.3877290376297524,1.9290962874767639,9.107142857142858,4.519686177093536,0.5880010863394574,0.0,0.0,0.0,0.0,0.0,0,0,0,0,0,0.0,0.45535714285714285,0.8468737568089647,0.0865585878080997,0.8277736490115876,0.706928024350112,0.0,0.4821428571428571,0.09072193877924893
1206,111,99.10714285714286,112,0,112,0,0,0.0,4.02400887659616,4.071665659596601,75.00324442925387,3.128309956963647,0.42367924677679275,1.9545166527663678,9.107142857142858,4.519686177093536,0.5843222621818711,0.0,0.0,0.0,0.0,0.0,0,0,0,0,0,0.0,0.41964285714285715,0.8335361046123492,0.09289181978944418,0.8345633509885945,0.7000474647345768,0.0,0.4642857142857142,0.09081494073374416
1207,111,99.10714285714286,112,0,112,0,0,0.0,3.9313414494123697,3.9771515890864664,64.78993291885982,3.1307239807533183,0.5755584182442904,1.9861376276074287,9.107142857142858,4.519686177093536,0.5744421327318476,0.0,0.0,0.0,0.0,0.0,0,0,0,0,0,0.0,0.41964285714285715,0.790909094015047,0.10765497521588573,0.8289639584568816,0.6845355991178896,0.0,0.4642857142857142,0.09040615674759196
1208,111,99.10714285714286,112,0,112,0,0,0.0,3.9712968121101473,4.019792810827903,66.161159665462,3.134570697767289,0.5395957144681195,1.9660045389497738,9.107142857142858,4.519686177093536,0.5758155503881095,0.0,0.0,0.0,0.0,0.0,0,0,0,0,0,0.0,0.4375,0.7938681014134316,0.10642421719214011,0.8289639584568816,0.6864421216250352,0.0,0.4642857142857142,0.09069286332965702
1209,112,100.0,112,0,112,0,0,0.0,4.030485934355141,4.080552236006563,71.81812999503,3.140440463516972,0.46527548167138105,1.9509455078705777,9.107142857142858,4.519686177093536,0.5812672421283045,0.0,0.0,0.0,0.0,0.0,0,0,0,0,0,0.0,0.42857142857142855,0.8184801135240471,0.10199209503917449,0.822042821338691,0.690342900888945,0.0,0.5178571428571428,0.09112145643649008
1210,112,100.0,112,0,112,0,0,0.0,4.077256632514638,4.126003721300731,76.97979091573215,3.1476883458739393,0.3913006632539722,1.919257261710138,9.107142857142858,4.519686177093536,0.5864849492607598,0.0,0.0,0.0,0.0,0.0,0,0,0,0,0,0.0,0.4017857142857143,0.8403748811181061,0.10068655366200155,0.822042821338691,0.6911174635312765,0.0,0.5178571428571428,0.09151910069579751
1211,112,100.0,112,0,112,0,0,0.0,4.133283876931769,4.179869149954338,83.34039585753196,3.156556285360357,0.3441346596477473,1.922027057405105,9.107142857142858,4.519686177093536,0.5893250749794545,0.0,0.0,0.0,0.0,0.0,0,0,0,0,0,0.0,0.41964285714285715,0.858367735833073,0.09820176034093196,0.8335470976257714,0.6937335698230032,0.0,0.4821428571428571,0.09199963843546347
1212,111,99.10714285714286,112,1,111,0,0,0.008928571428571428,4.056600606843441,4.098272142068314,77.64046308956956,3.1620665317584797,0.4307020123076143,1.9522988794097043,9.107142857142858,4.519686177093536,0.582516518988955,0.9999925221779413,0.35765581223890575,1.0,7.477822058676864e-06,-0.031426226687154335,0,1,0,0,0,1.0,0.41964285714285715,0.8366526745779704,0.09813406663896905,0.8376815146245763,0.6853528136607107,0.008928571428571428,0.48214285714285715,0.09174074500741171
1213,111,99.10714285714286,112,0,112,0,0,0.0,4.030992049194957,4.072097674729917,73.10292439175787,3.1663878763901034,0.48985682948424125,1.9657216357733691,9.107142857142858,4.519686177093536,0.5787572584006169,0.0,0.0,0.0,0.0,0.0,0,0,0,0,0,0.0,0.4107142857142857,0.8180070049098872,0.09899562589654515,0.8405011014201793,0.681262130824256,0.0,0.4464285714285714,0.09171035782715932
1214,111,99.10714285714286,112,0,112,0,0,0.0,4.142629846425662,4.184054546980778,86.51280645781476,3.174561989229289,0.31352440357637235,1.9031734085819683,9.107142857142858,4.519686177093536,0.5884692305310033,0.0,0.0,0.0,0.0,0.0,0,0,0,0,0,0.0,0.41964285714285715,0.8641920603028141,0.08949041700382758,0.8467607864543542,0.6912211421409148,0.0,0.4464285714285714,0.0924532689373592
1215,111,99.10714285714286,112,0,112,0,0,0.0,4.227416297544215,4.265106847465719,95.1816628310589,3.1852973055173694,0.21653005232218808,1.873315954771826,9.107142857142858,4.519686177093536,0.5952988798114511,0.0,0.0,0.0,0.0,0.0,0,0,0,0,0,0.0,0.42857142857142855,0.8928426606952276,0.08813909379462664,0.8321200062308836,0.6991349652746458,0.0,0.4464285714285714,0.09311980249612178
1216,111,99.10714285714286,112,0,112,0,0,0.0,4.142468507695644,4.177831520518906,83.41468347732278,3.1923917624886884,0.3820879078874465,1.9046263301764408,9.107142857142858,4.519686177093536,0.5886052456611313,0.0,0.0,0.0,0.0,0.0,0,0,0,0,0,0.0,0.4375,0.851002722196509,0.09912715605324988,0.8424536107240704,0.6987140138002012,0.0,0.44642857142857145,0.0928553871424152
1217,112,100.0,112,0,112,0,0,0.0,4.126592222860628,4.159839735639915,80.89253126177039,3.198515034497583,0.43187006311448634,1.9282804931986,9.107142857142858,4.519686177093536,0.5832313568458856,0.0,0.0,0.0,0.0,0.0,0,0,0,0,0,0.0,0.41964285714285715,0.8353377022806651,0.10007933763413221,0.8208031128571083,0.6905294708528363,0.0,0.4464285714285714,0.09291438205752604
1218,112,100.0,112,0,112,0,0,0.0,4.199526299664995,4.23118388158873,92.48882610221031,3.206941179029998,0.33971677892523494,1.9225366955427556,9.107142857142858,4.519686177093536,0.5918791259216192,0.0,0.0,0.0,0.0,0.0,0,0,0,0,0,0.0,0.41964285714285715,0.8760057245086578,0.09454770631700869,0.8208031128571083,0.6952555684026367,0.0,0.4464285714285714,0.09346947008639461
1219,112,100.0,112,0,112,0,0,0.0,4.144268142146642,4.174074147582101,90.47740689455266,3.2129215436697804,0.4190526198133628,1.9694614594867892,9.107142857142858,4.519686177093536,0.5887115836358803,0.0,0.0,0.0,0.0,0.0,0,0,0,0,0,0.0,0.42857142857142855,0.8691408785460698,0.09108675719608142,0.8208031128571083,0.6957527303294836,0.0,0.4464285714285714,0.09332832615578487
1220,112,100.0,112,0,112,0,0,0.0,4.1222799590881225,4.150282422891504,86.88173869351418,3.217771365561893,0.4680523346973154,1.9868801674929197,9.107142857142858,4.519686177093536,0.5868084059281342,0.0,0.0,0.0,0.0,0.0,0,0,0,0,0,0.0,0.4107142857142857,0.8555994771843665,0.1005678767614153,0.8315737013959549,0.689905401910409,0.0,0.4464285714285714,0.09332798360532801
1221,112,100.0,112,0,112,0,0,0.0,4.092661686022481,4.124212782832544,81.65168195938868,3.221459377989804,0.5220889762513277,1.9751648275635625,9.107142857142858,4.519686177093536,0.5817565755321219,0.0,0.0,0.0,0.0,0.0,0,0,0,0,0,0.0,0.4107142857142857,0.8353571667003602,0.10003362633211897,0.8405628934223525,0.6859575934177291,0.0,0.44642857142857145,0.0932632355339567
1222,112,100.0,112,0,112,0,0,0.0,4.107712702707099,4.141682228847627,76.95338874732245,3.2256123551392086,0.5256844920689719,1.9433465491097726,9.107142857142858,4.519686177093536,0.5808272212101371,0.0,0.0,0.0,0.0,0.0,0,0,0,0,0,0.0,0.4107142857142857,0.8196083757423037,0.1035569209151404,0.8373914136410644,0.6904210713039086,0.0,0.48214285714285715,0.09343234138445952
1223,112,100.0,112,0,112,0,0,0.0,4.177800365513738,4.214160393264061,78.85434495909595,3.2321982592172853,0.46457287807721653,1.905344788916704,9.107142857142858,4.519686177093536,0.585030126050005,0.0,0.0,0.0,0.0,0.0,0,0,0,0,0,0.0,0.41964285714285715,0.8255474182609249,0.10788629795064025,0.8354087243692325,0.6904484586793141,0.0,0.4464285714285714,0.09393161079661946
1224,112,100.0,112,0,112,0,0,0.0,4.220864834925305,4.256351199830955,85.96588930474492,3.240012014741036,0.39428154504909474,1.895509061425803,9.107142857142858,4.519686177093536,0.5882684444345405,0.0,0.0,0.0,0.0,0.0,0,0,0,0,0,0.0,0.4017857142857143,0.8456641914841772,0.09756971899191905,0.8446191986191334,0.6989692178181922,0.0,0.4464285714285714,0.09432351175783671
1225,112,100.0,112,0,112,0,0,0.0,4.207561386158017,4.243371891533308,80.66051667078314,3.247003313834058,0.4660679398235314,1.8987759146547896,9.107142857142858,4.519686177093536,0.5844701522144069,0.0,0.0,0.0,0.0,0.0,0,0,0,0,0,0.0,0.4017857142857143,0.8249095425639869,0.10570543672947563,0.8350408851127561,0.6941733947436496,0.0,0.48214285714285715,0.09441498690335356
1226,112,100.0,112,0,112,0,0,0.0,4.1771454778043475,4.216864104096404,75.91601213649216,3.252720173104662,0.544984143845313,1.962343012905625,9.107142857142858,4.519686177093536,0.5821832154271069,0.0,0.0,0.0,0.0,0.0,0,0,0,0,0,0.0,0.4017857142857143,0.8116726666028576,0.10801450240925183,0.8445029739786878,0.6903261351765685,0.0,0.4107142857142857,0.09439209941069392
1227,112,100.0,112,0,112,0,0,0.0,4.154052866965636,4.194409943303508,75.26998085208686,3.2573667621958187,0.5444651405161778,1.9766813540391133,9.107142857142858,4.519686177093536,0.5802641168412304,0.0,0.0,0.0,0.0,0.0,0,0,0,0,0,0.0,0.38392857142857145,0.8107339724511041,0.10810532329265504,0.824952823623186,0.6865503374352665,0.0,0.44642857142857145,0.09438164197893004
1228,112,100.0,112,0,112,0,0,0.0,4.199981962654134,4.240285930253116,75.72818328620667,3.2634621005547286,0.4956903830598409,1.9228633010712965,9.107142857142858,4.519686177093536,0.5849536279731882,0.0,0.0,0.0,0.0,0.0,0,0,0,0,0,0.0,0.4017857142857143,0.8170693256307807,0.11045033924636596,0.8329041891723,0.6923722053298198,0.0,0.4464285714285714,0.09474903253999989
1229,112,100.0,112,0,112,0,0,0.0,4.151408552559244,4.189825204334486,70.32438355188499,3.2674574155850196,0.5615638620413884,1.9338741146060012,9.107142857142858,4.519686177093536,0.5809187370427091,0.0,0.0,0.0,0.0,0.0,0,0,0,0,0,0.0,0.4017857142857143,0.795599211734415,0.11992709296752911,0.8491577473629625,0.686782313971657,0.0,0.4107142857142857,0.09459645334010314
1230,112,100.0,112,0,112,0,0,0.0,4.128456218702015,4.165392227342373,72.65190431928343,3.2703887198071433,0.5601351445476667,1.9655548140791386,9.107142857142858,4.519686177093536,0.580188962223116,0.0,0.0,0.0,0.0,0.0,0,0,0,0,0,0.0,0.38392857142857145,0.803046769757805,0.11560768339554787,0.8464230101647608,0.6805273466943358,0.0,0.44642857142857145,0.09454793454668493
1231,112,100.0,112,0,112,0,0,0.0,4.1100316961903705,4.144063273192018,72.274530784741,3.2724163368435697,0.565291043953816,1.9780137311667656,9.107142857142858,4.519686177093536,0.5781444060286773,0.0,0.0,0.0,0.0,0.0,0,0,0,0,0,0.0,0.38392857142857145,0.8017603531884417,0.11174813559858705,0.8296755874865736,0.682070450898146,0.0,0.4464285714285714,0.09450163289758659
1232,112,100.0,112,0,112,0,0,0.0,4.069199581928549,4.101174033446029,67.9074902227023,3.2728015447208674,0.6136008868638003,1.991050218699971,9.107142857142858,4.519686177093536,0.5697340561643651,0.0,0.0,0.0,0.0,0.0,0,0,0,0,0,0.0,0.39285714285714285,0.7776446577143895,0.11447243490615,0.8490920100623487,0.6724365513275414,0.0,0.44642857142857145,0.09430617741986913
1233,112,100.0,112,0,112,0,0,0.0,4.0455971180119406,4.077270093649787,65.57134702392658,3.2723050359607813,0.656693156231421,1.9989849641488628,9.107142857142858,4.519686177093536,0.5676684973206902,0.0,0.0,0.0,0.0,0.0,0,0,0,0,0,0.0,0.39285714285714285,0.7690399761588104,0.11977926862672482,0.8301136526970118,0.6711076201855936,0.0,0.4821428571428571,0.09417694478138725
1234,112,100.0,112,0,112,0,0,0.0,4.0068277771618686,4.036266477479804,64.05371391839678,3.270348380020778,0.7087475455875127,2.0341666637718054,9.107142857142858,4.519686177093536,0.5639732050670079,0.0,0.0,0.0,0.0,0.0,0,0,0,0,0,0.0,0.4017857142857143,0.7608130810534102,0.11918384551557354,0.8301136526970118,0.6632343104893147,0.0,0.4821428571428571,0.0939388807231101
1235,112,100.0,112,0,112,0,0,0.0,4.003285272180812,4.030877045424159,65.05451131298194,3.2682852904563147,0.6805623147563652,2.0105573699507393,9.107142857142858,4.519686177093536,0.5652856938883855,0.0,0.0,0.0,0.0,0.0,0,0,0,0,0,0.0,0.39285714285714285,0.7653758986170386,0.1163120148870153,0.8156380457893483,0.664609139405524,0.0,0.44642857142857145,0.09387454561127176
1236,112,100.0,112,0,112,0,0,0.0,3.94310797818733,3.9711770390943273,62.76194214554499,3.264156843718666,0.7556743693408079,2.057085987249325,9.107142857142858,4.519686177093536,0.5595367652808447,0.0,0.0,0.0,0.0,0.0,0,0,0,0,0,0.0,0.38392857142857145,0.7531449335086998,0.11620735598240892,0.8115693888110161,0.6526966070600739,0.0,0.4821428571428571,0.09348036272303925
1237,112,100.0,112,0,112,0,0,0.0,4.00764858670352,4.032320780731997,70.36356735456802,3.262425794008712,0.676316708968155,2.032545487071329,9.107142857142858,4.519686177093536,0.5642794410493248,0.0,0.0,0.0,0.0,0.0,0,0,0,0,0,0.0,0.36607142857142855,0.7785909970557043,0.10832609765511514,0.8242651602107359,0.6613713443986899,0.0,0.4107142857142857,0.0937639467583905
1238,111,99.10714285714286,112,1,111,0,0,0.008928571428571428,4.014606595992213,4.0283969465502505,70.93977536596572,3.2609791115858733,0.6605071716492404,2.0322399163659584,9.107142857142858,4.519686177093536,0.5664609938893965,0.9999999999417868,0.3623015328605136,1.0,5.821321202859053e-11,0.0291171154275216,0,1,0,0,0,1.0,0.36607142857142855,0.7842532012347602,0.1107303236787982,0.8252425167075228,0.6623821382592657,0.008928571428571428,0.4464285714285714,0.09376604405208822
1239,111,99.10714285714286,112,0,112,0,0,0.0,4.172747175127406,4.181439334653642,91.85542845994313,3.264783437931133,0.4629326358175363,2.000116410970411,9.107142857142858,4.519686177093536,0.5808082186266164,0.0,0.0,0.0,0.0,0.0,0,0,0,0,0,0.0,0.38392857142857145,0.852788327256502,0.0939602190030309,0.832225509104753,0.6727575971682448,0.0,0.4464285714285714,0.0946427187537433
1240,111,99.10714285714286,112,0,112,0,0,0.0,4.170594148615561,4.179554076512353,91.79922283344072,3.268347654463143,0.5182929270856305,2.0367422543026295,9.107142857142858,4.519686177093536,0.5758966929634977,0.0,0.0,0.0,0.0,0.0,0,0,0,0,0,0.0,0.3482142857142857,0.8425453072386831,0.09768430370635908,0.8311919296262338,0.6599779285201203,0.0,0.4107142857142857,0.09471249932214355
1241,111,99.10714285714286,112,0,112,0,0,0.0,4.193648752872648,4.201311957225042,98.48743070621626,3.272537489934834,0.46512920495851506,2.0235941634715275,9.107142857142858,4.519686177093536,0.5791043078406459,0.0,0.0,0.0,0.0,0.0,0,0,0,0,0,0.0,0.36607142857142855,0.864830612247868,0.0888211424152017,0.8311919296262338,0.6694030789248077,0.0,0.4107142857142857,0.09492245605075747
1242,111,99.10714285714286,112,0,112,0,0,0.0,4.246164373590707,4.2523113552816065,103.11257994359251,3.2783819681873587,0.3883080537375058,1.9781706071926226,9.107142857142858,4.519686177093536,0.5812943417474927,0.0,0.0,0.0,0.0,0.0,0,0,0,0,0,0.0,0.375,0.8744043573888544,0.08902381640039064,0.847078957877174,0.6679260349972121,0.0,0.4107142857142857,0.09531711019219907
1243,112,100.0,112,0,112,0,0,0.0,4.310411253640918,4.314503279466801,114.37187479885132,3.2862109982047145,0.30276245452358663,1.9692767937061244,9.107142857142858,4.519686177093536,0.5894815591634441,0.0,0.0,0.0,0.0,0.0,0,0,0,0,0,0.0,0.3482142857142857,0.9101545693097883,0.08321105953126164,0.8508621565754331,0.6762742826261336,0.0,0.4107142857142857,0.09581526838619758
1244,112,100.0,112,0,112,0,0,0.0,4.269548642121995,4.270465511326665,109.53079690152589,3.2920938854991113,0.3393680064230574,1.9436692583909223,9.107142857142858,4.519686177093536,0.5854797196476424,0.0,0.0,0.0,0.0,0.0,0,0,0,0,0,0.0,0.38392857142857145,0.8954407498281791,0.08702268503369838,0.8406583049925328,0.6782249529809449,0.0,0.4107142857142857,0.0957438993505324
1245,112,100.0,112,0,112,0,0,0.0,4.264540785191357,4.264800458979045,108.51885385341832,3.2975060506793437,0.3559205228615688,1.9738682259657814,9.107142857142858,4.519686177093536,0.5855930752314142,0.0,0.0,0.0,0.0,0.0,0,0,0,0,0,0.0,0.4017857142857143,0.8938070657829388,0.09058574186520855,0.8323926334017413,0.6772243679979846,0.0,0.4107142857142857,0.09584116650664541
1246,112,100.0,112,0,112,0,0,0.0,4.25139256704129,4.254584368887832,110.20058662155559,3.302304214808691,0.3665752639210219,1.9880815583342668,9.107142857142858,4.519686177093536,0.5893459953913478,0.0,0.0,0.0,0.0,0.0,0,0,0,0,0,0.0,0.41964285714285715,0.9071968880469699,0.0852157662353779,0.7949567188807857,0.6844719923767967,0.0,0.4464285714285714,0.09588385639634928
1247,112,100.0,112,0,112,0,0,0.0,4.228261708612069,4.230801200128388,109.32147339973021,3.3060255773044136,0.3863716525802768,1.9801179566214842,9.107142857142858,4.519686177093536,0.587413381176005,0.0,0.0,0.0,0.0,0.0,0,0,0,0,0,0.0,0.4375,0.9049764813492731,0.0815898259578183,0.7865557974119846,0.682623983632725,0.0,0.4464285714285714,0.09585229905736252
1248,112,100.0,112,0,112,0,0,0.0,4.330530650954737,4.331548430622627,127.19167021165762,3.3132215128141795,0.2531896925853892,1.9596468853179714,9.107142857142858,4.519686177093536,0.5953193073794472,0.0,0.0,0.0,0.0,0.0,0,0,0,0,0,0.0,0.41964285714285715,0.9503786556539385,0.07401255396147847,0.7861435465018943,0.6828516753149012,0.0,0.44642857142857145,0.0965262606203496
1249,111,99.10714285714286,112,1,111,0,0,0.008928571428571428,4.332210531204377,4.330631740345391,120.5697747748714,3.320205576252534,0.27339320210237844,1.9313066118290014,9.107142857142858,4.519686177093536,0.594854498625806,0.9745714826390744,0.36035675528634403,1.0,0.02542851736092555,0.07965167321514532,0,1,0,0,0,1.0,0.4107142857142857,0.9310700270524731,0.08106786148307114,0.7716786296292332,0.6801918078131959,0.008928571428571428,0.44642857142857145,0.09669248889650918
1250,111,99.10714285714286,112,0,112,0,0,0.0,4.328107143765933,4.327511956836396,115.58639825390618,3.326614671551723,0.36485150499441593,2.008656089388965,9.107142857142858,4.519686177093536,0.5899583016056635,0.0,0.0,0.0,0.0,0.0,0,0,0,0,0,0.0,0.4017857142857143,0.9091854754202299,0.0845814008657425,0.7722827988609378,0.6722948353355793,0.0,0.44642857142857145,0.09681680745647404
1251,111,99.10714285714286,112,0,112,0,0,0.0,4.408503008752732,4.402068838147824,140.8355932016084,3.335429885503562,0.23316168912420895,1.9788231508395795,9.107142857142858,4.519686177093536,0.5967672571046416,0.0,0.0,0.0,0.0,0.0,0,0,0,0,0,0.0,0.39285714285714285,0.9701731513206858,0.06905312196573608,0.7781804525891415,0.6736186379660404,0.0,0.44642857142857145,0.09741799678463929
1252,110,98.21428571428571,112,1,111,0,0,0.008928571428571428,4.471749104724573,4.470760962568725,153.50015746914545,3.346134047601067,0.17768287071932967,2.0387352341913663,9.107142857142858,4.519686177093536,0.6037545183638362,0.9881852242594584,0.3473039509869938,1.0,0.011814775740541572,0.02133551782368759,0,1,0,0,0,1.0,0.4107142857142857,0.9983210412176524,0.06545734436858373,0.7740726324506301,0.6775939526911757,0.008928571428571428,0.4464285714285714,0.0979761245318458
1253,110,98.21428571428571,112,0,112,0,0,0.0,4.546247892643221,4.543410572099835,166.3930705587061,3.359177609261262,0.08447584411247659,2.007694153877396,9.107142857142858,4.519686177093536,0.6083442503600893,0.0,0.0,0.0,0.0,0.0,0,0,0,0,0,0.0,0.38392857142857145,1.021599100150058,0.06448928979819475,0.7967805761365547,0.6819483187436148,0.0,0.48214285714285715,0.0986433824981173
1254,111,99.10714285714286,112,0,112,0,0,0.0,4.579276668750138,4.574514664868623,174.41904031275683,3.372756288773207,0.04132057038295819,2.0103819941249665,9.107142857142858,4.519686177093536,0.608848972369443,0.0,0.0,0.0,0.0,0.0,0,0,0,0,0,0.0,0.4107142857142857,1.0356451551378847,0.06258368166727853,0.8080974024163885,0.6843585691421069,0.0,0.4464285714285714,0.09911538322911848
1255,111,99.10714285714286,112,0,112,0,0,0.0,4.595617376143748,4.5916544361748795,170.1831361903948,3.38634098568383,0.03744605844766115,1.948702204393431,9.107142857142858,4.519686177093536,0.6086983088535922,0.0,0.0,0.0,0.0,0.0,0,0,0,0,0,0.0,0.4107142857142857,1.0248326471311064,0.06524461193364454,0.8061509422497788,0.6860533461085839,0.0,0.48214285714285715,0.09950407960032127
1256,111,99.10714285714286,112,0,112,0,0,0.0,4.627790547001454,4.622971159396754,173.86875956693984,3.400444031014446,0.04735596170950692,1.994154697062879,9.107142857142858,4.519686177093536,0.6092219706602295,0.0,0.0,0.0,0.0,0.0,0,0,0,0,0,0.0,0.39285714285714285,1.0277711527162534,0.06410321308332803,0.7967805761365547,0.6862877076472763,0.0,0.48214285714285715,0.09998365214978834
1257,112,100.0,112,0,112,0,0,0.0,4.615658353638071,4.611053046648038,166.9373612992147,3.4134787339191255,0.0936063559347305,2.0253130559667056,9.107142857142858,4.519686177093536,0.6064059228639831,0.0,0.0,0.0,0.0,0.0,0,0,0,0,0,0.0,0.4107142857142857,1.013151196417175,0.0668250908394567,0.7999407678892857,0.6836738785838435,0.0,0.4464285714285714,0.10021755501567545
1258,112,100.0,112,0,112,0,0,0.0,4.611183449393848,4.605986489983717,160.39724782539656,3.4257411151894273,0.10141127234656519,1.96944915363485,9.107142857142858,4.519686177093536,0.6042933798340842,0.0,0.0,0.0,0.0,0.0,0,0,0,0,0,0.0,0.4107142857142857,0.9973624972523366,0.07315054132566595,0.7881036186756664,0.6874584577473856,0.0,0.4464285714285714,0.10047229107008249
1259,110,98.21428571428571,112,2,110,0,0,0.017857142857142856,4.682866608225784,4.618431667854499,169.4812129529118,3.4400109940863044,0.05308935367721736,2.0121555363523393,9.107142857142858,4.519686177093536,0.6114459543245339,0.9952030748670397,0.3829064016555443,1.0,0.004796925132960206,0.01388944399100489,0,2,0,0,0,1.0,0.4107142857142857,1.0284976817424034,0.07082127445430451,0.8137614760818679,0.6952049366404705,0.017857142857142856,0.5,0.10115318373623725
1260,108,96.42857142857143,112,2,110,0,0,0.017857142857142856,4.818786277794899,4.779240486984645,200.71015349591906,3.4563077735898298,-0.12153711613428454,2.0109013376936242,9.107142857142858,4.519686177093536,0.6201000372728815,0.9987484157920181,0.3328945315329025,1.0,0.0012515842079818817,0.027860129034665504,1,1,0,0,0,1.0,0.39285714285714285,1.0806183504521993,0.06343143923235718,0.7752619727779543,0.6906101294519453,0.017857142857142856,0.5,0.10220106372934895
1261,108,96.42857142857143,112,0,112,0,0,0.0,4.925233597913746,4.8811900124982825,226.7526852359686,3.4765850851271254,-0.2783365146923323,1.9532201449391502,9.107142857142858,4.519686177093536,0.6260633710357077,0.0,0.0,0.0,0.0,0.0,0,0,0,0,0,0.0,0.38392857142857145,1.1213115695290958,0.05719821286372638,0.7694032070863339,0.6908108697872625,0.0,0.5178571428571428,0.10319153575326184
1262,108,96.42857142857143,112,0,112,0,0,0.0,4.793124912600224,4.752889641860807,193.2809802139155,3.491306906524294,-0.029157955084820157,2.037330887153142,9.107142857142858,4.519686177093536,0.6162495466651141,0.0,0.0,0.0,0.0,0.0,0,0,0,0,0,0.0,0.4017857142857143,1.062293557075028,0.06567187862462603,0.7767497498386946,0.6859272866609455,0.0,0.5178571428571428,0.10286368239004635
1263,108,96.42857142857143,112,0,112,0,0,0.0,4.662573716676856,4.627595303877862,166.64151351110974,3.500833019095161,0.17173057360105773,2.08920795423519,9.107142857142858,4.519686177093536,0.6075767106587167,0.0,0.0,0.0,0.0,0.0,0,0,0,0,0,0.0,0.375,1.0117611866564913,0.07346252701625391,0.8207676502543165,0.6797957975286549,0.0,0.4821428571428571,0.10242620160696944
1264,110,98.21428571428571,112,0,112,0,0,0.0,4.688515771462599,4.650927342837754,171.2084106128118,3.510772209224712,0.162068060919528,2.08133342797755,9.107142857142858,4.519686177093536,0.609127158622389,0.0,0.0,0.0,0.0,0.0,0,0,0,0,0,0.0,0.39285714285714285,1.02033245230925,0.07620403339171956,0.7872109628237585,0.675259744551781,0.0,0.4821428571428571,0.10278052198209833
1265,112,100.0,112,0,112,0,0,0.0,4.757591996212201,4.719720162033993,175.71731878662715,3.522749554783899,0.08040962561546763,2.045814934051606,9.107142857142858,4.519686177093536,0.6130203533013199,0.0,0.0,0.0,0.0,0.0,0,0,0,0,0,0.0,0.375,1.0287788581724333,0.07822224156033386,0.7873543853263631,0.6861082308372224,0.0,0.4821428571428571,0.103396572321657
1266,112,100.0,112,0,112,0,0,0.0,4.81078799838969,4.770321361054164,195.64570027073478,3.5360151742295116,-0.009350409179095973,2.0725301870017785,9.107142857142858,4.519686177093536,0.6176905051625432,0.0,0.0,0.0,0.0,0.0,0,0,0,0,0,0.0,0.36607142857142855,1.0662890193451824,0.07090803124317421,0.7873543853263631,0.6867571698058913,0.0,0.4821428571428571,0.10396233451673903
1267,112,100.0,112,0,112,0,0,0.0,4.901198972663397,4.860992063584503,207.90428427457564,3.551959654273884,-0.11038590276862147,2.021377061021597,9.107142857142858,4.519686177093536,0.6226626925770125,0.0,0.0,0.0,0.0,0.0,0,0,0,0,0,0.0,0.375,1.0843537794016294,0.07051800965777252,0.8129458373940972,0.6948645041976569,0.0,0.4821428571428571,0.10477470961839502
1268,112,100.0,112,0,112,0,0,0.0,5.006303872690481,4.961593916094806,229.2396035862033,3.5708210042751287,-0.23345395134795396,1.9424106888636261,9.107142857142858,4.519686177093536,0.6285815228416762,0.0,0.0,0.0,0.0,0.0,0,0,0,0,0,0.0,0.4017857142857143,1.1151135024852756,0.06896410616236406,0.8129458373940972,0.6963556883304379,0.0,0.4821428571428571,0.1057264710329402
1269,112,100.0,112,0,112,0,0,0.0,4.988008766250384,4.9451301774196725,212.9245611806865,3.5882345929906476,-0.21096182940191507,1.8579217602657667,9.107142857142858,4.519686177093536,0.6248806891105401,0.0,0.0,0.0,0.0,0.0,0,0,0,0,0,0.0,0.39285714285714285,1.0851190186997268,0.0768854071976785,0.8136152960875986,0.6952763745995275,0.0,0.4821428571428571,0.10602851528179533
1270,111,99.10714285714286,112,1,111,0,0,0.008928571428571428,5.015870176999049,4.970164857510877,216.12249948181184,3.6059464563786503,-0.19546896822432153,1.87903864737149,9.107142857142858,4.519686177093536,0.6252062068735904,0.9999999986726658,0.36304272450034714,1.0,1.3273342425179635e-09,0.0906137435047969,1,0,0,0,0,1.0,0.4107142857142857,1.0853038987758372,0.07290060742797243,0.805264984925352,0.7002133645594993,0.008928571428571428,0.4642857142857143,0.10656808265616527
1271,111,99.10714285714286,112,0,112,0,0,0.0,5.01983286019883,4.976354742686909,216.76430372568979,3.6229014867789973,-0.1099385060116972,1.918208748731569,9.107142857142858,4.519686177093536,0.6232779817567689,0.0,0.0,0.0,0.0,0.0,0,0,0,0,0,0.0,0.4017857142857143,1.0798115364631136,0.0693669735723241,0.8108858326882546,0.6991003677887038,0.0,0.4642857142857143,0.10697105315482743
1272,111,99.10714285714286,112,0,112,0,0,0.0,5.005104672006986,4.960598664090797,216.85533853389506,3.6385205027689294,-0.11184071644379287,1.9103776928187461,9.107142857142858,4.519686177093536,0.6254812216056842,0.0,0.0,0.0,0.0,0.0,0,0,0,0,0,0.0,0.41964285714285715,1.0860187127279464,0.06897086771151087,0.8271894382311222,0.7046087041259549,0.0,0.42857142857142855,0.10725037746721569
1273,111,99.10714285714286,112,0,112,0,0,0.0,5.047577982668189,5.000525889699227,226.26164255873815,3.6548772564895433,-0.22317454992291402,1.886261217299096,9.107142857142858,4.519686177093536,0.6294605149077044,0.0,0.0,0.0,0.0,0.0,0,0,0,0,0,0.0,0.4017857142857143,1.1053844709612788,0.0697233005019796,0.8007580171883643,0.7057920068100498,0.0,0.46428571428571425,0.10783238098898762
1274,111,99.10714285714286,112,0,112,0,0,0.0,4.937473720049954,4.893328186145381,195.0930978057277,3.666618736441478,-0.044782013223339794,1.922077397012523,9.107142857142858,4.519686177093536,0.622497662013636,0.0,0.0,0.0,0.0,0.0,0,0,0,0,0,0.0,0.39285714285714285,1.0555757163877344,0.0801576456278236,0.817094604541437,0.7035720511878104,0.0,0.4642857142857143,0.10754719869908336
1275,112,100.0,112,0,112,0,0,0.0,5.005480632952243,4.960578892591911,213.55062304882236,3.6802611550536484,-0.1457402808360962,1.9192014354288847,9.107142857142858,4.519686177093536,0.6277585692875167,0.0,0.0,0.0,0.0,0.0,0,0,0,0,0,0.0,0.4107142857142857,1.0874623451288614,0.07264874297447943,0.8095067784688375,0.7120629018316588,0.0,0.4642857142857143,0.10819553051771255
1276,112,100.0,112,0,112,0,0,0.0,4.934809239350053,4.894466142489153,190.58784579328835,3.6908965080954297,-0.011643500370623958,1.9324499195184024,9.107142857142858,4.519686177093536,0.6251462191523567,0.0,0.0,0.0,0.0,0.0,0,0,0,0,0,0.0,0.41964285714285715,1.0538893978464403,0.08212323346028422,0.7991843530105418,0.708804204508624,0.0,0.4642857142857143,0.10808251584035883
1277,112,100.0,112,0,112,0,0,0.0,4.853262588403121,4.814870729541166,165.03971201278887,3.6981732062546078,0.11380524717361684,1.8757003723651557,9.107142857142858,4.519686177093536,0.6190516070059688,0.0,0.0,0.0,0.0,0.0,0,0,0,0,0,0.0,0.4107142857142857,1.0068413396966525,0.09189808587636818,0.8106826481443593,0.7088613383503751,0.0,0.4642857142857143,0.10783922454604877
1278,112,100.0,112,0,112,0,0,0.0,4.89675058424771,4.855596348842078,169.35643312754993,3.7065935566418013,0.046619519063465474,1.8518621582482122,9.107142857142858,4.519686177093536,0.6238596949262427,0.0,0.0,0.0,0.0,0.0,0,0,0,0,0,0.0,0.42857142857142855,1.0189612797496028,0.09629974695191929,0.8106826481443593,0.7105050695462568,0.0,0.4642857142857143,0.10824695123152814
1279,112,100.0,112,0,112,0,0,0.0,4.874438844771698,4.831068081811041,166.64294021674422,3.7137464530608955,0.05459315603965046,1.8830910424896052,9.107142857142858,4.519686177093536,0.6237077738341195,0.0,0.0,0.0,0.0,0.0,0,0,0,0,0,0.0,0.4375,1.0167625562845757,0.09821783035236673,0.8106826481443593,0.7081190538735005,0.0,0.4642857142857143,0.10829703676950589
1280,112,100.0,112,0,112,0,0,0.0,4.894606272474804,4.851261468790217,160.42510203450217,3.7213062031852613,0.05581698088609536,1.8358005984117347,9.107142857142858,4.519686177093536,0.6222880153387886,0.0,0.0,0.0,0.0,0.0,0,0,0,0,0,0.0,0.4732142857142857,1.0024841646812037,0.10387108560461547,0.8095067784688375,0.7064107839311308,0.0,0.4642857142857143,0.1085687123987183
1281,112,100.0,112,0,112,0,0,0.0,4.831743178355195,4.793979231104779,145.2175901281947,3.7264530944253553,0.17689728099801996,1.887844081029252,9.107142857142858,4.519686177093536,0.6183141053168519,0.0,0.0,0.0,0.0,0.0,0,0,0,0,0,0.0,0.4732142857142857,0.9732179859794556,0.11004891868679006,0.7921703310087436,0.7043895067676021,0.0,0.5,0.10837070859408454
1282,111,99.10714285714286,112,1,111,0,0,0.008928571428571428,4.919920293176408,4.906372485410355,163.90650229280556,3.734449703565189,0.09359929843116685,1.8610937617297412,9.107142857142858,4.519686177093536,0.6216542360755717,0.9999998225514934,0.3436771817952453,1.0,1.7744850655532218e-07,0.06887057281723674,1,0,0,0,0,1.0,0.4642857142857143,0.9997728911590171,0.10132584301065252,0.7871315773964518,0.6995845822929626,0.008928571428571428,0.4999999999999999,0.10899230498715523
1283,111,99.10714285714286,112,0,112,0,0,0.0,4.863536018621123,4.851866968507844,155.2163859992563,3.7410956250879353,0.20944997647829883,1.9120540360541727,9.107142857142858,4.519686177093536,0.6183515388382006,0.0,0.0,0.0,0.0,0.0,0,0,0,0,0,0.0,0.4375,0.9834331087586871,0.10157977443554521,0.7943965827413234,0.6988163492009102,0.0,0.5,0.10886057101258083
1284,111,99.10714285714286,112,0,112,0,0,0.0,4.799104255069758,4.789883650342004,134.9641952471103,3.7452000106436816,0.4050393089242125,1.9821916327613895,9.107142857142858,4.519686177093536,0.6080540757312094,0.0,0.0,0.0,0.0,0.0,0,0,0,0,0,0.0,0.42857142857142855,0.9275485906999945,0.11153886299169137,0.7785810444128856,0.6907586450206659,0.0,0.5357142857142857,0.10863116486813286
1285,111,99.10714285714286,112,0,112,0,0,0.0,4.779822759005434,4.771678751043028,123.75000876462073,3.748460647399074,0.4591984048476512,1.9891538127405917,9.107142857142858,4.519686177093536,0.6061233450019681,0.0,0.0,0.0,0.0,0.0,0,0,0,0,0,0.0,0.44642857142857145,0.9042051498122985,0.12738018955257951,0.7785810444128856,0.6887892049082086,0.0,0.5357142857142857,0.10860844266217058
1286,111,99.10714285714286,112,0,112,0,0,0.0,4.743241104296042,4.735843604321535,115.60222846737365,3.750278204667419,0.5603784482871131,2.045413905642005,9.107142857142858,4.519686177093536,0.6011053421510755,0.0,0.0,0.0,0.0,0.0,0,0,0,0,0,0.0,0.42857142857142855,0.8811837304188804,0.13159368540022048,0.8027248130669827,0.6816186841724673,0.0,0.4642857142857143,0.10846660833093269
1287,111,99.10714285714286,112,1,111,0,0,0.008928571428571428,4.757446305756933,4.779777384103249,120.86785431691243,3.7525915977748183,0.5450332410293355,2.036869138118236,9.107142857142858,4.519686177093536,0.602304300257358,0.9999142460933765,0.3312761922555525,1.0,8.575390662346472e-05,0.06740821452219437,0,1,0,0,0,1.0,0.45535714285714285,0.8908461214826752,0.12287847255892224,0.8062647698011655,0.6857203699725313,0.008928571428571428,0.48214285714285715,0.10858991339248564
1288,111,99.10714285714286,112,0,112,0,0,0.0,4.771610698183736,4.792787976891021,123.45315521871514,3.756281414598572,0.5154061042193276,2.0121226784594617,9.107142857142858,4.519686177093536,0.6021119383762987,0.0,0.0,0.0,0.0,0.0,0,0,0,0,0,0.0,0.41964285714285715,0.8960754856140277,0.12113688910516242,0.8062647698011655,0.6819205756049607,0.0,0.48214285714285715,0.10874411942509127
1289,111,99.10714285714286,112,0,112,0,0,0.0,4.897700172437256,4.915256559900912,144.5845686362558,3.7642326197754463,0.29117309167714556,1.936318867923898,9.107142857142858,4.519686177093536,0.6104708052731302,0.0,0.0,0.0,0.0,0.0,0,0,0,0,0,0.0,0.42857142857142855,0.9413830826697923,0.1119511397081518,0.8122504808421853,0.6932144553008747,0.0,0.4464285714285714,0.10955425155700464
1290,111,99.10714285714286,112,0,112,0,0,0.0,4.823133264827782,4.841945505154065,129.50050707967233,3.7691737117448896,0.4172036874078354,1.9477349669092845,9.107142857142858,4.519686177093536,0.6061898768232856,0.0,0.0,0.0,0.0,0.0,0,0,0,0,0,0.0,0.4375,0.9107470061381265,0.12094384733046888,0.791032168530643,0.6932339450273963,0.0,0.4821428571428571,0.1092930779443275
1291,111,99.10714285714286,112,0,112,0,0,0.0,4.838511721637827,4.8569721864667175,132.02722956458814,3.774434808934124,0.4503414242825548,1.938956320081346,9.107142857142858,4.519686177093536,0.6042051787471556,0.0,0.0,0.0,0.0,0.0,0,0,0,0,0,0.0,0.4375,0.9077324971749187,0.12108554126529611,0.7896136283128967,0.6840544303789393,0.0,0.4821428571428571,0.10948886276959036
1292,112,100.0,112,0,112,0,0,0.0,4.885308399515611,4.9047517034444414,134.90126700019667,3.781185708420392,0.4047780833304107,1.9401245415981745,9.107142857142858,4.519686177093536,0.6046515024202659,0.0,0.0,0.0,0.0,0.0,0,0,0,0,0,0.0,0.41964285714285715,0.9109796899895103,0.11890808486432607,0.7960958884910012,0.6890865028045222,0.0,0.5178571428571428,0.10987540589443444
1293,112,100.0,112,0,112,0,0,0.0,4.875408787259821,4.893119457825091,135.68880866884427,3.7872108956378754,0.416452814438435,1.9560004003475275,9.107142857142858,4.519686177093536,0.6025907619974009,0.0,0.0,0.0,0.0,0.0,0,0,0,0,0,0.0,0.42857142857142855,0.9119260170409575,0.11783109160362001,0.8028940084876703,0.6881917660964252,0.0,0.48214285714285715,0.10996206761006179
1294,111,99.10714285714286,112,1,111,0,0,0.008928571428571428,4.877495998516125,4.870486109968456,137.58573054436303,3.79295951709755,0.3894180958852421,1.9384263293658073,9.107142857142858,4.519686177093536,0.6033852602530168,0.9999999708144973,0.39560792406166984,1.0,2.9185502681272624e-08,0.025160440323447553,0,1,0,0,0,1.0,0.42857142857142855,0.9197882681802688,0.11779379915814604,0.7816565941042082,0.6812072393333884,0.008928571428571428,0.4642857142857142,0.11010241349108647
1295,111,99.10714285714286,112,0,112,0,0,0.0,5.0160598264170755,5.005325827413157,154.84032199817267,3.8025096657326056,0.21416161305239814,1.8939840312235054,9.107142857142858,4.519686177093536,0.6108327217440057,0.0,0.0,0.0,0.0,0.0,0,0,0,0,0,0.0,0.42857142857142855,0.9529858679690616,0.11194242054053755,0.7436650670580736,0.6912173220810869,0.0,0.5178571428571428,0.11101105100446648
1296,111,99.10714285714286,112,0,112,0,0,0.0,4.998329494722986,4.989501314214669,149.23204235732464,3.8110560029514122,0.2235277572296534,1.882582236142955,9.107142857142858,4.519686177093536,0.6114471960887358,0.0,0.0,0.0,0.0,0.0,0,0,0,0,0,0.0,0.44642857142857145,0.9482772950052645,0.11471383570513655,0.7436650670580736,0.6938614217377844,0.0,0.5178571428571428,0.11111553315695913
1297,111,99.10714285714286,112,0,112,0,0,0.0,5.043727069069851,5.035115474601491,153.99914344212138,3.820865366069733,0.18662456665887892,1.8449735568428172,9.107142857142858,4.519686177093536,0.6114671843461699,0.0,0.0,0.0,0.0,0.0,0,0,0,0,0,0.0,0.44642857142857145,0.949785777293078,0.11034605515355744,0.7376455849783587,0.6942096331280148,0.0,0.5178571428571428,0.11156419724315329
1298,111,99.10714285714286,112,0,112,0,0,0.0,5.165227678015254,5.150596126826532,188.95560719561814,3.8344068672197995,-0.03337774297668946,1.850576619968743,9.107142857142858,4.519686177093536,0.6204093735840115,0.0,0.0,0.0,0.0,0.0,0,0,0,0,0,0.0,0.45535714285714285,1.0134861325528486,0.0980136668993126,0.7797192393509678,0.6992686390140348,0.0,0.4642857142857143,0.11247771696570556
1299,112,100.0,112,0,112,0,0,0.0,5.134999667216464,5.121209552165493,170.473318400729,3.846273790251915,0.10224037277296436,1.868587062069705,9.107142857142858,4.519686177093536,0.6177774740691357,0.0,0.0,0.0,0.0,0.0,0,0,0,0,0,0.0,0.42857142857142855,0.9817288813325745,0.10956117141428287,0.7523560438852872,0.698192780982947,0.0,0.5178571428571428,0.11259475075167603
1300,112,100.0,112,0,112,0,0,0.0,5.098486421291677,5.085463625225075,163.97106809762099,3.8563118826290617,0.09399117972009043,1.874193904048933,9.107142857142858,4.519686177093536,0.6161362980027791,0.0,0.0,0.0,0.0,0.0,0,0,0,0,0,0.0,0.45535714285714285,0.9735997438728347,0.11634250017300095,0.740341510970399,0.694330159070824,0.0,0.5178571428571428,0.112639029658859
1301,112,100.0,112,0,112,0,0,0.0,5.085216144430865,5.07106530062296,157.48077122433483,3.8653756774631747,0.11812276515979965,1.8492549970223788,9.107142857142858,4.519686177093536,0.6139986063482741,0.0,0.0,0.0,0.0,0.0,0,0,0,0,0,0.0,0.42857142857142855,0.9600194580296958,0.12442319394771062,0.7627282200109966,0.6893279777074682,0.0,0.5178571428571428,0.1127775058156737
1302,112,100.0,112,0,112,0,0,0.0,5.123562229746665,5.105141847839295,167.52360369493343,3.8752619396103847,0.09682631428016439,1.8457863064183246,9.107142857142858,4.519686177093536,0.6141663227618079,0.0,0.0,0.0,0.0,0.0,0,0,0,0,0,0.0,0.41964285714285715,0.9698067161461338,0.11699478192326718,0.7815221022201551,0.6869216485226067,0.0,0.5,0.11319265025410204
1303,112,100.0,112,0,112,0,0,0.0,5.094018125009447,5.075836724704634,155.2423618966319,3.883641774054297,0.18731331072380492,1.867483958081142,9.107142857142858,4.519686177093536,0.6083124536302265,0.0,0.0,0.0,0.0,0.0,0,0,0,0,0,0.0,0.4107142857142857,0.9402090990572035,0.12743944362120246,0.7885514823820019,0.6808844649983727,0.0,0.5178571428571428,0.11323430083992836
1304,111,99.10714285714286,112,1,111,0,0,0.008928571428571428,5.131112510668174,5.087943874000843,153.97171282813167,3.8929997365820115,0.1545061119658924,1.8439274402838801,9.107142857142858,4.519686177093536,0.6080297597018685,0.9999995428550619,0.398219975777669,1.0,4.571449381263193e-07,-0.05213575088167843,0,1,0,0,0,1.0,0.4017857142857143,0.9371088353181529,0.1253982464353582,0.7870730433153751,0.682972404926134,0.008928571428571428,0.5178571428571428,0.11363124803763336
1305,111,99.10714285714286,112,0,112,0,0,0.0,5.115451396769346,5.073044056586147,148.34359296522447,3.900476902400138,0.23903732116369802,1.8672533042657058,9.107142857142858,4.519686177093536,0.6057939873993368,0.0,0.0,0.0,0.0,0.0,0,0,0,0,0,0.0,0.4107142857142857,0.9232110328458759,0.12956510583006725,0.7897240731466888,0.6803830850177024,0.0,0.5178571428571428,0.11372191468309932
1306,111,99.10714285714286,112,0,112,0,0,0.0,5.241532179267714,5.194870146601888,162.78864069370846,3.9120210493487715,0.11617092571782793,1.8357863214569714,9.107142857142858,4.519686177093536,0.6121865853458648,0.0,0.0,0.0,0.0,0.0,0,0,0,0,0,0.0,0.39285714285714285,0.946643620001023,0.12772865276594772,0.7843140786342155,0.6884984508961904,0.0,0.5178571428571428,0.11461319820254152
1307,111,99.10714285714286,112,0,112,0,0,0.0,5.313635737581146,5.263268623406244,177.86871649181782,3.9255165542846804,0.013660775228323476,1.8043077528658331,9.107142857142858,4.519686177093536,0.6163725689135988,0.0,0.0,0.0,0.0,0.0,0,0,0,0,0,0.0,0.39285714285714285,0.9727599508083439,0.12120994221840366,0.7891104695257773,0.6931713080556957,0.0,0.5178571428571428,0.11527869322966731
1308,111,99.10714285714286,112,0,112,0,0,0.0,5.285990732561808,5.240150880575859,161.2719835120412,3.937566225207743,0.06644561212687261,1.8042060888894276,9.107142857142858,4.519686177093536,0.6118672296860375,0.0,0.0,0.0,0.0,0.0,0,0,0,0,0,0.0,0.41964285714285715,0.9408573404818278,0.1304539765090614,0.791553365945384,0.6921263726733596,0.0,0.5178571428571429,0.11541277186011809
1309,111,99.10714285714286,112,1,111,0,0,0.008928571428571428,5.242550010154054,5.184147689041455,150.2607204063423,3.947558877827627,0.19631488568760272,1.7921577639970645,9.107142857142858,4.519686177093536,0.6080551371265417,0.9999999999019955,0.3827621721321579,1.0,9.800449340957584e-11,-0.13870218020126623,1,0,0,0,0,1.0,0.4107142857142857,0.919616919638635,0.13529213572337748,0.7867498255899705,0.6842717960718856,0.008928571428571428,0.5178571428571428,0.11542138651767225
1310,111,99.10714285714286,112,0,112,0,0,0.0,5.379887456747256,5.31611259662884,177.58473740963768,3.9613588898446728,0.023011531130156953,1.758072226202538,9.107142857142858,4.519686177093536,0.6171209352012836,0.0,0.0,0.0,0.0,0.0,0,0,0,0,0,0.0,0.4017857142857143,0.9682751809451806,0.12190425885774009,0.7871727306886156,0.6890897709101679,0.0,0.5178571428571428,0.1164199323684241
1311,111,99.10714285714286,112,1,111,0,0,0.008928571428571428,5.378455587628621,5.294059331478187,177.75982454393795,3.9744431919479353,0.04710780897380878,1.768595769201577,9.107142857142858,4.519686177093536,0.6173281616355739,0.9997060960267565,0.3819460971112692,1.0,0.00029390397324347006,-0.1178316338895189,0,1,0,0,0,1.0,0.42857142857142855,0.9704111848371355,0.12126750861917139,0.7539529924319672,0.6814415731347844,0.008928571428571428,0.5357142857142857,0.11670845771959609
1312,111,99.10714285714286,112,0,112,0,0,0.0,5.381478385378864,5.2980195836494826,176.8407393035917,3.9863739194105614,0.11778021963046521,1.8660480037513245,9.107142857142858,4.519686177093536,0.6152034431513402,0.0,0.0,0.0,0.0,0.0,0,0,0,0,0,0.0,0.4017857142857143,0.9630941698923495,0.1216733350865475,0.770886546939845,0.6753761892667401,0.0,0.5357142857142856,0.11699318742832479
1313,111,99.10714285714286,112,0,112,0,0,0.0,5.214629054563874,5.136459048926431,156.38633203531055,3.991923792108819,0.3601274722267357,1.9650039433391182,9.107142857142858,4.519686177093536,0.6020938679464578,0.0,0.0,0.0,0.0,0.0,0,0,0,0,0,0.0,0.41964285714285715,0.9184844806953849,0.12255127581586805,0.7823535387411595,0.6631268310029726,0.0,0.5357142857142856,0.11628435918884457
1314,111,99.10714285714286,112,0,112,0,0,0.0,5.161458869092818,5.084487891779259,145.03330890723154,3.9953436814133614,0.44994678305018315,1.9805487738423158,9.107142857142858,4.519686177093536,0.597497560191548,0.0,0.0,0.0,0.0,0.0,0,0,0,0,0,0.0,0.4107142857142857,0.8943537230585022,0.12869190661497779,0.7801669153054722,0.6594903945926335,0.0,0.5357142857142856,0.11609579239357395
1315,111,99.10714285714286,112,0,112,0,0,0.0,5.1868739585451555,5.110987886305043,148.44112531680426,3.999567175725345,0.43290646977942693,1.9943344383218442,9.107142857142858,4.519686177093536,0.596269631535506,0.0,0.0,0.0,0.0,0.0,0,0,0,0,0,0.0,0.4375,0.8941716679056494,0.1299096064631069,0.777322210774583,0.6565176578736952,0.0,0.5357142857142857,0.11631831218514016
1316,111,99.10714285714286,112,1,111,0,0,0.008928571428571428,5.193364085993465,5.1034196850983875,138.10804763394623,4.003834975438921,0.5042192437475663,1.9566446007845042,9.107142857142858,4.519686177093536,0.5937628611496848,0.9699210278033901,0.4007247460575334,1.0,0.030078972196609932,0.022837988966206257,0,1,0,0,0,1.0,0.4107142857142857,0.8716333166539743,0.14129354150991644,0.7673901874351239,0.6491048349600821,0.008928571428571428,0.5357142857142856,0.11644720839924197
1317,111,99.10714285714286,112,0,112,0,0,0.0,5.2174322900687855,5.128078832919051,134.02948689222475,4.0082926556298935,0.46263439212216084,1.9389860767544815,9.107142857142858,4.519686177093536,0.5957377617460231,0.0,0.0,0.0,0.0,0.0,0,0,0,0,0,0.0,0.42857142857142855,0.8667713598200677,0.1508095393206478,0.7619028785174806,0.6560567846976071,0.0,0.5357142857142856,0.11666828599732378
1318,111,99.10714285714286,112,0,112,0,0,0.0,5.144290833981333,5.056582366893732,124.4772755999123,4.00996372995181,0.5743810361234084,1.9828834075328392,9.107142857142858,4.519686177093536,0.5927249348532468,0.0,0.0,0.0,0.0,0.0,0,0,0,0,0,0.0,0.4017857142857143,0.849829629677689,0.16006620752174766,0.7536999818434122,0.6475696987330635,0.0,0.5357142857142856,0.11634034237445483
1319,111,99.10714285714286,112,0,112,0,0,0.0,5.168567614387541,5.078932752429493,127.54859590055669,4.01236741078706,0.5054990276331903,1.9712536122744733,9.107142857142858,4.519686177093536,0.5951543563486748,0.0,0.0,0.0,0.0,0.0,0,0,0,0,0,0.0,0.4107142857142857,0.8595702523761527,0.1609405844006004,0.7506818919328264,0.6479040888063837,0.0,0.5357142857142856,0.11651604569171198
1320,111,99.10714285714286,112,0,112,0,0,0.0,5.190388178410174,5.102051315344539,125.26298949258106,4.015498361985788,0.508747954966943,1.9769775144273827,9.107142857142858,4.519686177093536,0.5976425829454248,0.0,0.0,0.0,0.0,0.0,0,0,0,0,0,0.0,0.42857142857142855,0.855253079072977,0.16211343197867126,0.7468093386322092,0.6507186903600576,0.0,0.5357142857142857,0.11669590309609539
1321,112,100.0,112,0,112,0,0,0.0,5.2089743315842565,5.119296465760391,123.863248340351,4.019111345359627,0.5037024246141487,1.9371768773738316,9.107142857142858,4.519686177093536,0.595822573845975,0.0,0.0,0.0,0.0,0.0,0,0,0,0,0,0.0,0.4642857142857143,0.8478125185910771,0.17316655568773232,0.7451462822214924,0.6481450866957706,0.0,0.5357142857142857,0.11687048161702984
1322,112,100.0,112,0,112,0,0,0.0,5.167036595949055,5.08065756452086,123.83476566437483,4.021163947560695,0.6043018065100253,1.9882363061260613,9.107142857142858,4.519686177093536,0.5937279765535592,0.0,0.0,0.0,0.0,0.0,0,0,0,0,0,0.0,0.42857142857142855,0.8441196673773587,0.16444909617702047,0.7494422735776873,0.6459274482160389,0.0,0.5714285714285714,0.11670717852783002
1323,111,99.10714285714286,112,1,111,0,0,0.008928571428571428,5.192656444829731,5.117380004524785,129.531808423794,4.023994245823303,0.575321233010321,1.978909715534923,9.107142857142858,4.519686177093536,0.5953390515861752,0.9942432108364361,0.32806256089409547,1.0,0.0057567891635639246,0.04489081308552967,1,0,0,0,0,1.0,0.41964285714285715,0.8532752660149342,0.16240507124594786,0.7542252222460846,0.644345441248438,0.008928571428571428,0.5357142857142857,0.11689923807190622
1324,110,98.21428571428571,112,1,111,0,0,0.008928571428571428,5.208923108855523,5.125434874001003,126.23582857701567,4.027679949905877,0.5642415152477102,1.9713939164676018,9.107142857142858,4.519686177093536,0.5982585951320176,0.9989561998102234,0.2757878012651431,1.0,0.001043800189776567,0.14533444672024232,0,1,0,0,0,1.0,0.4107142857142857,0.8534061714248083,0.16939470948267835,0.7549344059713207,0.6480316213336142,0.008928571428571428,0.5357142857142857,0.1170638625210095
1325,110,98.21428571428571,112,0,112,0,0,0.0,5.239885888716308,5.156436227910913,134.21238569266637,4.03208524429124,0.4816743151447154,1.953585377052797,9.107142857142858,4.519686177093536,0.5999857011086003,0.0,0.0,0.0,0.0,0.0,0,0,0,0,0,0.0,0.42857142857142855,0.8696277525591556,0.16088685193851673,0.7818000286569258,0.6529598395548223,0.0,0.5,0.1173182291610112
1326,110,98.21428571428571,112,0,112,0,0,0.0,5.251216934113768,5.16591797614375,135.77088370667704,4.036634269406587,0.4326253113223427,1.9468970841893944,9.107142857142858,4.519686177093536,0.6025299069090928,0.0,0.0,0.0,0.0,0.0,0,0,0,0,0,0.0,0.44642857142857145,0.8785508962177186,0.1628162650927564,0.7766154796106337,0.6579939734312354,0.0,0.5,0.11747768521766393
1327,110,98.21428571428571,112,0,112,0,0,0.0,5.235356786269841,5.1517221731792056,132.43976764193104,4.040464408267152,0.44988649699180744,1.9311119558785932,9.107142857142858,4.519686177093536,0.6029222990956116,0.0,0.0,0.0,0.0,0.0,0,0,0,0,0,0.0,0.4375,0.8741931982342246,0.16460098502012258,0.7800216932908006,0.663083047832605,0.0,0.5,0.1174849396067665
1328,109,97.32142857142857,112,2,110,0,0,0.017857142857142856,5.39473921096985,5.337488966641053,159.89284308620896,4.049641727006047,0.20665662031559404,1.8273907251805146,9.107142857142858,4.519686177093536,0.6117309415795731,0.9927573901518717,0.3735689848214826,1.0,0.007242609848128301,-0.04721751556266973,1,1,0,0,0,1.0,0.4375,0.9216785745335485,0.15438642642829464,0.7779202466816714,0.6582864539318743,0.017857142857142856,0.5,0.11848924473350138
1329,110,98.21428571428571,112,1,110,0,1,0.008928571428571428,5.310586195827824,5.2256945006773154,145.29716113396194,4.0565787378308915,0.39056655215467273,1.9822062900497441,9.107142857142858,4.519686177093536,0.6091682343022762,0.9999999999417886,0.40879975784149863,1.0,5.821143567175113e-11,0.5543484190637118,0,2,0,0,0,1.0,0.41964285714285715,0.9046657534814132,0.16603840477825135,0.7818000286569258,0.6469577354707291,0.008928571428571428,0.5,0.11822524521746824
1330,110,98.21428571428571,112,0,112,0,0,0.0,5.429186916096714,5.340854513120939,167.33546129624904,4.066345999888795,0.28886843163923714,1.9563579439446044,9.107142857142858,4.519686177093536,0.612748616773616,0.0,0.0,0.0,0.0,0.0,0,0,0,0,0,0.0,0.41964285714285715,0.934516293972052,0.14782172998566362,0.7898336642203427,0.6494032931964853,0.0,0.5,0.11903897361536847
1331,109,97.32142857142857,112,1,111,0,0,0.008928571428571428,5.40616628130131,5.351648570762931,169.37415447283988,4.074892533160744,0.37841154341461725,2.029219668746788,9.107142857142858,4.519686177093536,0.610887094678852,0.9999999999417923,0.3495971620934949,1.0,5.820766091346741e-11,0.02349351080281603,0,1,0,0,0,1.0,0.4017857142857143,0.9291855072946095,0.1445842725150253,0.7834380357170316,0.6429820597472017,0.008928571428571428,0.5,0.11911700868284796
1332,109,97.32142857142857,112,0,112,0,0,0.0,5.313528851076245,5.262045846972766,150.4422985686168,4.080982545630424,0.4771761396694009,2.025410130077264,9.107142857142858,4.519686177093536,0.6042924987966607,0.0,0.0,0.0,0.0,0.0,0,0,0,0,0,0.0,0.4017857142857143,0.8954208127717415,0.15586101347610892,0.7817672789803741,0.6419144191604488,0.0,0.5,0.11879144625761032
1333,110,98.21428571428571,112,0,112,0,0,0.0,5.210168250654954,5.1617190600716825,132.1511517930823,4.083169743912736,0.5934624822335783,2.0657811983886285,9.107142857142858,4.519686177093536,0.596288517188881,0.0,0.0,0.0,0.0,0.0,0,0,0,0,0,0.0,0.4017857142857143,0.8599106280310517,0.1685102629661479,0.7845616940699052,0.6396560983372968,0.0,0.5,0.11832407050471949
1334,111,99.10714285714286,112,0,112,0,0,0.0,5.182810313438139,5.13384355422883,129.73361558782025,4.084250179389117,0.586160839212335,2.093516468073206,9.107142857142858,4.519686177093536,0.5956811873668553,0.0,0.0,0.0,0.0,0.0,0,0,0,0,0,0.0,0.39285714285714285,0.8594361010571687,0.17408400384569866,0.7834380357170316,0.6419749358074027,0.0,0.5,0.11821169696507464
1335,110,98.21428571428571,112,1,111,0,0,0.008928571428571428,5.1888728802353326,5.135110585467673,136.1602810815949,4.0854610387230785,0.5819223371190072,2.1314099579628905,9.107142857142858,4.519686177093536,0.5968415797797282,0.999999989101733,0.3248190614505896,1.0,1.0898266955550184e-08,0.13020645766058292,0,1,0,0,0,1.0,0.41964285714285715,0.8763923613268724,0.1707525715114539,0.7875525186311644,0.6438062160277779,0.008928571428571428,0.48214285714285715,0.11826937332003115
1336,111,99.10714285714286,112,0,112,0,0,0.0,5.194034152857802,5.143916561696583,133.89180663741078,4.08680212952555,0.6211932004911368,2.1220737468532223,9.107142857142858,4.519686177093536,0.5932487975707099,0.0,0.0,0.0,0.0,0.0,0,0,0,0,0,0.0,0.39285714285714285,0.8618497630284886,0.1665980046717768,0.7927189588438296,0.6447291115328838,0.0,0.48214285714285715,0.11832548623095429
1337,111,99.10714285714286,112,0,112,0,0,0.0,5.16899715031802,5.120779048763023,123.49024201125316,4.087246012853375,0.698634513322992,2.1300218138166453,9.107142857142858,4.519686177093536,0.5914565855714156,0.0,0.0,0.0,0.0,0.0,0,0,0,0,0,0.0,0.4017857142857143,0.8398636200702486,0.18077585468054713,0.7927189588438296,0.640351595022384,0.0,0.48214285714285715,0.11821033228496045
1338,111,99.10714285714286,112,0,112,0,0,0.0,5.135838606418512,5.0869706183368475,121.30140062136742,4.086447406082458,0.7184576765348231,2.147326846645479,9.107142857142858,4.519686177093536,0.5917244180673853,0.0,0.0,0.0,0.0,0.0,0,0,0,0,0,0.0,0.41964285714285715,0.8394400053439899,0.18187650756726917,0.7688732805542775,0.6415770009723359,0.0,0.5178571428571428,0.11802649230554568
1339,111,99.10714285714286,112,0,112,0,0,0.0,5.234982159750934,5.183429121849194,128.0777085983742,4.0891725911512795,0.6144670122743907,2.1065651848794724,9.107142857142858,4.519686177093536,0.5958777280589955,0.0,0.0,0.0,0.0,0.0,0,0,0,0,0,0.0,0.42857142857142855,0.8516810428220023,0.18419986127747284,0.7927189588438296,0.6466030456950198,0.0,0.48214285714285715,0.11858379497863565
1340,111,99.10714285714286,112,1,111,0,0,0.008928571428571428,5.3404558811751395,5.281397416743825,149.26853972060377,4.095493204251425,0.4951747775873816,2.1287705984130767,9.107142857142858,4.519686177093536,0.6016688004419597,0.9999999999417923,0.3454095518782887,1.0,5.820766091346741e-11,0.0309745648783748,1,0,0,0,0,1.0,0.42857142857142855,0.8903589411450062,0.16652110431212744,0.7927189588438296,0.6498491069469784,0.008928571428571428,0.48214285714285715,0.1192539995240541
1341,109,97.32142857142857,112,2,108,1,1,0.017857142857142856,5.428881017851242,5.405124388617781,158.44317309358607,4.104504221845998,0.42965405205534996,2.1211119823518647,9.107142857142858,4.519686177093536,0.6068318250920317,0.9292023510709213,0.3123128768295306,1.0,0.07079764892907878,-0.002832739201578671,2,1,0,1,0,0.5,0.41964285714285715,0.9016180975107773,0.16774191057408083,0.7925826356308308,0.6550742845626368,0.017857142857142856,0.4821428571428571,0.1198997600657533
1342,108,96.42857142857143,112,1,111,0,0,0.008928571428571428,5.410788289361646,5.415179609469428,164.83191660590126,4.113801395295692,0.47004522033678586,2.2059684537453093,9.107142857142858,4.519686177093536,0.6037026279356248,0.9999999899430367,0.3411941476934302,1.0,1.0056963262172758e-08,0.0418882731810446,0,1,0,0,0,1.0,0.4017857142857143,0.9014601381369338,0.15467035525888545,0.7897712305099279,0.6468560811984122,0.008928571428571428,0.4821428571428571,0.12001939795493843
1343,108,96.42857142857143,112,0,112,0,0,0.0,5.301023827089954,5.305251118397453,146.16392119226805,4.11969504344608,0.6171488917343559,2.242543308433202,9.107142857142858,4.519686177093536,0.598742913562085,0.0,0.0,0.0,0.0,0.0,0,0,0,0,0,0.0,0.41964285714285715,0.8723157126751996,0.17009761441490026,0.789292834632523,0.640734179286839,0.0,0.4821428571428571,0.11960376284396977
1344,108,96.42857142857143,112,0,112,0,0,0.0,5.279547332159426,5.2843016884546365,143.36316318617295,4.124564838404242,0.7053114178380936,2.2332841351584927,9.107142857142858,4.519686177093536,0.5980135103596749,0.0,0.0,0.0,0.0,0.0,0,0,0,0,0,0.0,0.41964285714285715,0.8654673893400638,0.1700754472576789,0.79064554105629,0.6379511099423886,0.0,0.4821428571428571,0.11960643009410557
1345,109,97.32142857142857,112,0,112,0,0,0.0,5.3410602236139875,5.345167425682243,155.14156438576427,4.131415286162479,0.6108518873603982,2.1912830992585453,9.107142857142858,4.519686177093536,0.6031498498333294,0.0,0.0,0.0,0.0,0.0,0,0,0,0,0,0.0,0.4375,0.8884683434121908,0.16315363868450194,0.7888634248860097,0.6500107893290561,0.0,0.4464285714285714,0.1200688039215774
1346,111,99.10714285714286,112,0,112,0,0,0.0,5.332428179850801,5.335819769516241,150.23754213668857,4.137618127401424,0.5888286043721728,2.200244920452669,9.107142857142858,4.519686177093536,0.6024660624692659,0.0,0.0,0.0,0.0,0.0,0,0,0,0,0,0.0,0.44642857142857145,0.881121177945421,0.16686453327234804,0.7924452219222577,0.6533507020304318,0.0,0.4464285714285714,0.1201658181817933
1347,112,100.0,112,0,112,0,0,0.0,5.406206400484462,5.407501760389968,158.50089072437945,4.146132460508694,0.5367825741888678,2.2518074906669443,9.107142857142858,4.519686177093536,0.6077646270736403,0.0,0.0,0.0,0.0,0.0,0,0,0,0,0,0.0,0.4375,0.9006530073073723,0.17193633185049947,0.789292834632523,0.6542723714930426,0.0,0.4821428571428571,0.12072711985322208
1348,112,100.0,112,0,112,0,0,0.0,5.398737185540135,5.401008599053986,160.6980555149536,4.154027196067155,0.590929944246807,2.204643126906878,9.107142857142858,4.519686177093536,0.6057271566117748,0.0,0.0,0.0,0.0,0.0,0,0,0,0,0,0.0,0.44642857142857145,0.8978816444730366,0.16532031392839822,0.7832751566863393,0.6506475141512357,0.0,0.4464285714285714,0.12086818241437738
1349,112,100.0,112,0,112,0,0,0.0,5.373608697302616,5.3754235154815975,152.34512026765657,4.160640021965367,0.6798357547200456,2.2488595621766927,9.107142857142858,4.519686177093536,0.6018541709424525,0.0,0.0,0.0,0.0,0.0,0,0,0,0,0,0.0,0.4375,0.879685538358735,0.17390050607813304,0.79064554105629,0.6450002492407478,0.0,0.4821428571428571,0.12089197946220816
1350,111,99.10714285714286,112,1,111,0,0,0.008928571428571428,5.407195918318506,5.394574277548486,144.92716394886614,4.168162265531825,0.6852242112171841,2.2003838747251003,9.107142857142858,4.519686177093536,0.6007147080965121,0.9999998940416299,0.35081631481703823,1.0,1.0595837007798536e-07,0.057787062285083124,0,1,0,0,0,1.0,0.44642857142857145,0.8633338475622966,0.1817339144055436,0.775352797726599,0.6597152991698386,0.008928571428571428,0.5,0.12122990646862786
1351,111,99.10714285714286,112,0,112,0,0,0.0,5.469961129418215,5.456896063954913,155.8417394516546,4.177082073458498,0.6146559170839841,2.173341686897088,9.107142857142858,4.519686177093536,0.6032551289069856,0.0,0.0,0.0,0.0,0.0,0,0,0,0,0,0.0,0.44642857142857145,0.878645960453916,0.17121491380651685,0.7771311330927243,0.6641341072637943,0.0,0.5,0.121745306187069
1352,111,99.10714285714286,112,0,112,0,0,0.0,5.609009908815598,5.593856395807553,192.14281440268533,4.190550875808764,0.403400873814078,2.1290404827289406,9.107142857142858,4.519686177093536,0.6116526079774098,0.0,0.0,0.0,0.0,0.0,0,0,0,0,0,0.0,0.44642857142857145,0.9352608789546585,0.1511692036905299,0.7667314241741677,0.6679670077887938,0.0,0.5,0.12274492388307841
1353,111,99.10714285714286,112,0,112,0,0,0.0,5.771000203592231,5.754377122668091,232.7435648278126,4.2092149570436135,0.13448145843674197,2.074334750735751,9.107142857142858,4.519686177093536,0.6208965400981004,0.0,0.0,0.0,0.0,0.0,0,0,0,0,0,0.0,0.4375,0.9937555817699273,0.13693300448619702,0.7704771459748319,0.6712657156210448,0.0,0.5,0.12397665430678806
1354,111,99.10714285714286,112,0,112,0,0,0.0,5.754136412646796,5.736614649320134,230.7814457905871,4.226393233936716,0.16163153217759976,2.095913886273022,9.107142857142858,4.519686177093536,0.6208609927973703,0.0,0.0,0.0,0.0,0.0,0,0,0,0,0,0.0,0.4375,0.993584679200621,0.1394556328474679,0.7709635277385256,0.6688969125528216,0.0,0.5,0.1242805374551611
1355,112,100.0,112,0,112,0,0,0.0,5.820121422974821,5.800319046032609,252.82131454651312,4.24509849767355,0.0741141564121016,2.113862319278185,9.107142857142858,4.519686177093536,0.623333625961789,0.0,0.0,0.0,0.0,0.0,0,0,0,0,0,0.0,0.44642857142857145,1.021258970403908,0.1307000359711372,0.7471559975272686,0.6647311500563771,0.0,0.5714285714285715,0.12503317211655252
1356,112,100.0,112,0,112,0,0,0.0,5.899921266352762,5.8797213052648285,272.8016754464386,4.265829328538735,-0.05331185890797079,2.1645567805372954,9.107142857142858,4.519686177093536,0.6288345244856648,0.0,0.0,0.0,0.0,0.0,0,0,0,0,0,0.0,0.44642857142857145,1.0479844786624664,0.12857824299259427,0.76347914770974,0.6668894373357072,0.0,0.5357142857142857,0.12590065558194743
1357,112,100.0,112,0,112,0,0,0.0,5.819190347359269,5.800456237416316,242.13743006065317,4.28275716505506,0.19717598601338754,2.1698846376833334,9.107142857142858,4.519686177093536,0.6220835666914861,0.0,0.0,0.0,0.0,0.0,0,0,0,0,0,0.0,0.44642857142857145,1.0025837114754068,0.13763063025883882,0.775650438862341,0.6651310360502354,0.0,0.5357142857142857,0.12587954353053463
1358,112,100.0,112,0,112,0,0,0.0,5.8184433256649175,5.798674234505252,228.62629079804688,4.298855483732878,0.2956493636466623,2.1775909396263606,9.107142857142858,4.519686177093536,0.6194167708296097,0.0,0.0,0.0,0.0,0.0,0,0,0,0,0,0.0,0.4375,0.9802304575409682,0.14429724904728844,0.7724169709064441,0.6663928355681582,0.0,0.5357142857142858,0.12623960516407576
1359,112,100.0,112,0,112,0,0,0.0,5.749771805754412,5.729112596810437,223.97248045439648,4.311711034747908,0.340644323158907,2.2480645451517978,9.107142857142858,4.519686177093536,0.6165176924254121,0.0,0.0,0.0,0.0,0.0,0,0,0,0,0,0.0,0.44642857142857145,0.9744274639824566,0.1415682554395077,0.7825098973867924,0.6625628154693264,0.0,0.5,0.12618676284563102
1360,112,100.0,112,0,112,0,0,0.0,5.784237026477835,5.763463512318256,240.82759687851305,4.325227598064652,0.2855551644440015,2.265586599616119,9.107142857142858,4.519686177093536,0.6200526900974312,0.0,0.0,0.0,0.0,0.0,0,0,0,0,0,0.0,0.44642857142857145,1.0003374768987081,0.13055970200057787,0.7671797033527668,0.6613548123118205,0.0,0.5,0.1266645420711706
1361,112,100.0,112,0,112,0,0,0.0,5.7423750860139515,5.7210623617812395,246.2827525823055,4.336600135985752,0.26737867821942884,2.2885602360597033,9.107142857142858,4.519686177093536,0.6169268706722095,0.0,0.0,0.0,0.0,0.0,0,0,0,0,0,0.0,0.44642857142857145,1.007552697914273,0.12519056937750916,0.7524482732497783,0.6569130280406679,0.0,0.5714285714285715,0.12671223388105354
1362,112,100.0,112,0,112,0,0,0.0,5.684917034742978,5.663830135949063,229.02139285555498,4.345389297282622,0.42853927349079307,2.333952642804931,9.107142857142858,4.519686177093536,0.6144509595462169,0.0,0.0,0.0,0.0,0.0,0,0,0,0,0,0.0,0.42857142857142855,0.9854422259382402,0.1329727726913581,0.7582488292147527,0.6536221056655701,0.0,0.5714285714285715,0.1266235648788072
1363,112,100.0,112,0,112,0,0,0.0,5.6775395411752045,5.655707343718741,223.480289141938,4.353487516297173,0.42737313145077,2.3428818104465168,9.107142857142858,4.519686177093536,0.6128384221177416,0.0,0.0,0.0,0.0,0.0,0,0,0,0,0,0.0,0.4375,0.9779335094480989,0.13801972009202917,0.7301333076576828,0.6492818293304952,0.0,0.5714285714285714,0.12676968445366404
1364,112,100.0,112,0,112,0,0,0.0,5.79914593276181,5.776577564893213,248.7185004506549,4.3655900849692495,0.2737968204671538,2.3350396384034204,9.107142857142858,4.519686177093536,0.6170733015717442,0.0,0.0,0.0,0.0,0.0,0,0,0,0,0,0.0,0.42857142857142855,1.0059700687358544,0.12958956576286204,0.7105623519164853,0.6575364333586649,0.0,0.6071428571428572,0.12765121547326963
1365,112,100.0,112,0,112,0,0,0.0,5.793358731432185,5.771295057385322,231.2684725452652,4.376954653308671,0.37380695341622616,2.3046676713315173,9.107142857142858,4.519686177093536,0.6142719611077045,0.0,0.0,0.0,0.0,0.0,0,0,0,0,0,0.0,0.4375,0.977652662551416,0.1397952495046406,0.7631842538108313,0.657972617106304,0.0,0.5357142857142858,0.12787910087878307
1366,112,100.0,112,0,112,0,0,0.0,5.778058160594556,5.756498012915489,225.71132727107434,4.38727055484495,0.44648153620759895,2.3540042189446373,9.107142857142858,4.519686177093536,0.6106749743226076,0.0,0.0,0.0,0.0,0.0,0,0,0,0,0,0.0,0.4107142857142857,0.9651363086290942,0.1439050525096797,0.7619264605040941,0.6497234715591047,0.0,0.5,0.12803572121248383
1367,111,99.10714285714286,112,1,111,0,0,0.008928571428571428,5.958263965343919,5.917582786718627,257.36161255529004,4.403562718939901,0.25938939890891416,2.31487811844202,9.107142857142858,4.519686177093536,0.6191394986165373,0.99999999723696,0.38357665423014936,1.0,2.7630400190048476e-09,0.0002222542841199271,0,1,0,0,0,1.0,0.4017857142857143,1.00401386347938,0.1310803745532148,0.7536230509087052,0.6652726098693451,0.008928571428571428,0.5714285714285715,0.1293049275805051
1368,111,99.10714285714286,112,0,112,0,0,0.0,6.00323241585411,5.962134106625496,284.73314764762193,4.420111304293874,0.17632129563018392,2.3266841662176345,9.107142857142858,4.519686177093536,0.6230406442725716,0.0,0.0,0.0,0.0,0.0,0,0,0,0,0,0.0,0.4107142857142857,1.0395794072186326,0.11961102694892373,0.7631842538108313,0.6601955371665807,0.0,0.5357142857142858,0.12990374189543008
1369,111,99.10714285714286,112,0,112,0,0,0.0,6.066710649563554,6.025283042017822,297.95036970531095,4.438195252486227,0.09264227780466618,2.2967365533666606,9.107142857142858,4.519686177093536,0.6262734887304735,0.0,0.0,0.0,0.0,0.0,0,0,0,0,0,0.0,0.41964285714285715,1.0553187388347403,0.11780971383308796,0.7714874085129422,0.6613405519639952,0.0,0.5,0.13062980191733856
1370,111,99.10714285714286,112,0,112,0,0,0.0,6.027248436960291,5.985768513580303,302.0368175397142,4.454033116828072,0.12519363176906445,2.3360016880169803,9.107142857142858,4.519686177093536,0.6241086375353606,0.0,0.0,0.0,0.0,0.0,0,0,0,0,0,0.0,0.4107142857142857,1.059718984078824,0.11330082122475361,0.7704102934321063,0.655482835046631,0.0,0.46428571428571425,0.13079040173702483
1371,111,99.10714285714286,112,0,112,0,0,0.0,5.8894697165437675,5.852451444534522,267.27741546225406,4.464334748891415,0.3734102677141407,2.4008144140835936,9.107142857142858,4.519686177093536,0.6154901075308628,0.0,0.0,0.0,0.0,0.0,0,0,0,0,0,0.0,0.39285714285714285,1.0180393008690345,0.12171011047077489,0.7714874085129422,0.650693273514926,0.0,0.5,0.1303343088551332
1372,111,99.10714285714286,112,1,111,0,0,0.008928571428571428,5.9829785916679645,5.937054030837527,312.7350664330665,4.477410652801865,0.14765412073074508,2.3827877825713815,9.107142857142858,4.519686177093536,0.6244526911752148,0.9999958013348004,0.33353109008848913,1.0,4.198665199628415e-06,0.049084173333397096,0,1,0,0,0,1.0,0.41964285714285715,1.0796851467892556,0.11193028028325379,0.7740783941222702,0.6521776698175705,0.008928571428571428,0.42857142857142855,0.1310973481415395
1373,110,98.21428571428571,112,1,108,0,3,0.008928571428571428,5.964695356105198,5.961374106458487,314.2852610804774,4.4890069377055895,0.13387400533849383,2.3621632009073843,9.107142857142858,4.519686177093536,0.6225949004616624,0.9667395572015105,0.3130124761450844,1.0,0.03326044279848947,0.004573410598562033,1,3,0,0,0,0.75,0.4017857142857143,1.0762861238875365,0.11148584862273819,0.7675769872220616,0.64715815828142,0.008928571428571428,0.4464285714285714,0.13126798980665066
1374,110,98.21428571428571,112,0,112,0,0,0.0,5.955945272366445,5.95289919281653,316.7401723034967,4.501359801216573,0.15708560662240892,2.3814651151921393,9.107142857142858,4.519686177093536,0.6222085048419685,0.0,0.0,0.0,0.0,0.0,0,0,0,0,0,0.0,0.4107142857142857,1.079568928142528,0.11238766238503871,0.7738579042914125,0.6398926334651138,0.0,0.48214285714285715,0.13150339472024747
1375,110,98.21428571428571,112,0,112,0,0,0.0,6.08096218733547,6.076982802184647,340.7894999928944,4.517640905855496,0.08129105091330402,2.3665579599915216,9.107142857142858,4.519686177093536,0.6272041698622282,0.0,0.0,0.0,0.0,0.0,0,0,0,0,0,0.0,0.4017857142857143,1.0993217130770594,0.11196778175783867,0.749830976395006,0.6366018285957527,0.0,0.5178571428571429,0.13249640671301438
1376,110,98.21428571428571,112,0,112,0,0,0.0,6.158407184834045,6.154066108198549,349.6440680937771,4.535973294479979,0.08582315375827511,2.3643751860533735,9.107142857142858,4.519686177093536,0.628252654034519,0.0,0.0,0.0,0.0,0.0,0,0,0,0,0,0.0,0.4017857142857143,1.0989923503283106,0.10875138706363777,0.7681414830042641,0.6398412358112803,0.0,0.48214285714285715,0.13329791491780318
1377,110,98.21428571428571,112,1,111,0,0,0.008928571428571428,6.071173559444737,6.0883723747393885,309.752556086766,4.55040084345168,0.2965433751259358,2.389961582063129,9.107142857142858,4.519686177093536,0.620577968586163,0.996994035481656,0.35957209632236364,1.0,0.0030059645183440065,0.004345307230450679,1,0,0,0,0,1.0,0.38392857142857145,1.0488414045708108,0.11786896692793533,0.7681414830042641,0.6314144825770418,0.008928571428571428,0.48214285714285715,0.1331877867591403
1378,111,99.10714285714286,112,0,112,0,0,0.0,5.92046414411246,5.937718696233265,252.01889704681938,4.559430006446529,0.6337664176549492,2.45739436490091,9.107142857142858,4.519686177093536,0.6109862268878776,0.0,0.0,0.0,0.0,0.0,0,0,0,0,0,0.0,0.4017857142857143,0.978693940353584,0.1381614584875639,0.7721623583500153,0.6255078506843663,0.0,0.4821428571428571,0.13263828459837165
1379,111,99.10714285714286,112,0,112,0,0,0.0,5.767122067726319,5.7857447070951595,197.73896771831238,4.562556081705711,1.0130953034753136,2.5399631601884534,9.107142857142858,4.519686177093536,0.5953160724103397,0.0,0.0,0.0,0.0,0.0,0,0,0,0,0,0.0,0.38392857142857145,0.8932362667743613,0.16039258897020683,0.7772558877395611,0.6139662735781043,0.0,0.4821428571428571,0.13194221861212835
1380,111,99.10714285714286,112,0,112,0,0,0.0,5.700766927907551,5.717406983480025,173.50272959921006,4.56306994765514,1.1393854932734373,2.5421608723073668,9.107142857142858,4.519686177093536,0.5922176625621345,0.0,0.0,0.0,0.0,0.0,0,0,0,0,0,0.0,0.39285714285714285,0.8590799984362445,0.18023325404299828,0.7634744093083692,0.6140487578001793,0.0,0.4821428571428571,0.13162205547717706
1381,111,99.10714285714286,112,0,112,0,0,0.0,5.7394263124098,5.755987127962866,179.03908082779589,4.564955549642116,1.0602885713579604,2.5009140575493327,9.107142857142858,4.519686177093536,0.5950992503462611,0.0,0.0,0.0,0.0,0.0,0,0,0,0,0,0.0,0.38392857142857145,0.8713714695439513,0.1825212861813968,0.7634744093083692,0.6211970951877464,0.0,0.4821428571428571,0.1318579640458685
1382,112,100.0,112,0,112,0,0,0.0,5.721104930437322,5.738017164032853,176.69649284518954,4.566106179556115,1.086117431072434,2.473978420000555,9.107142857142858,4.519686177093536,0.5934714277459749,0.0,0.0,0.0,0.0,0.0,0,0,0,0,0,0.0,0.4017857142857143,0.865672763349125,0.17919842319227874,0.767386519907534,0.6226022936688914,0.0,0.5178571428571428,0.13179235956659235
1383,112,100.0,112,0,112,0,0,0.0,5.68615616402356,5.70253324371677,167.77258467014286,4.565921795135649,1.1720131101113636,2.574856414298312,9.107142857142858,4.519686177093536,0.5900947004679098,0.0,0.0,0.0,0.0,0.0,0,0,0,0,0,0.0,0.38392857142857145,0.8484722915184351,0.18252835151994207,0.7738579042914125,0.6210970455175132,0.0,0.48214285714285715,0.1316134489359413
1384,112,100.0,112,0,112,0,0,0.0,5.641105821150258,5.65698058840324,156.27399092241845,4.5640986746599435,1.2849215945865922,2.6044483352148697,9.107142857142858,4.519686177093536,0.5872889784601898,0.0,0.0,0.0,0.0,0.0,0,0,0,0,0,0.0,0.4017857142857143,0.8299684200874549,0.1936807706479172,0.7681414830042641,0.6162834029794896,0.0,0.48214285714285715,0.13134699755950868
1385,112,100.0,112,0,112,0,0,0.0,5.716863420319905,5.731646680864623,171.19426531073407,4.565057691956331,1.1498032045580768,2.5606805702399567,9.107142857142858,4.519686177093536,0.593931016993408,0.0,0.0,0.0,0.0,0.0,0,0,0,0,0,0.0,0.375,0.8578479976499713,0.1850890349551801,0.7639870286070026,0.6234065940489939,0.0,0.5178571428571428,0.13174745784144729
1386,112,100.0,112,0,112,0,0,0.0,5.797636237704158,5.813109149112145,182.72400452957694,4.56891884301406,1.0824385292097338,2.517783975306524,9.107142857142858,4.519686177093536,0.5997072092776579,0.0,0.0,0.0,0.0,0.0,0,0,0,0,0,0.0,0.39285714285714285,0.8773897150420934,0.18094806172142056,0.7824854213087556,0.6327828272524167,0.0,0.5178571428571428,0.13223857788368498
1387,112,100.0,112,0,112,0,0,0.0,5.7987963199798935,5.814727032070181,190.79241673218553,4.57266398074709,1.0844859460347795,2.553322005212512,9.107142857142858,4.519686177093536,0.6011046947557774,0.0,0.0,0.0,0.0,0.0,0,0,0,0,0,0.0,0.4107142857142857,0.8896552786338839,0.17085761527832052,0.7866398757060171,0.6302774807154502,0.0,0.48214285714285715,0.1323290125312801
1388,112,100.0,112,0,112,0,0,0.0,5.794263275764907,5.810491111632491,177.92676232830812,4.576086689759291,1.180377655555448,2.5844386986361636,9.107142857142858,4.519686177093536,0.5988931457674638,0.0,0.0,0.0,0.0,0.0,0,0,0,0,0,0.0,0.4107142857142857,0.8675912493793356,0.1848613231307049,0.7639870286070026,0.6234353081253028,0.0,0.5178571428571428,0.13238369516325846
1389,112,100.0,112,0,112,0,0,0.0,5.963474981893166,5.980306756690065,227.14926917293593,4.585494810454352,0.9112545579862351,2.543124287884497,9.107142857142858,4.519686177093536,0.6095243875278218,0.0,0.0,0.0,0.0,0.0,0,0,0,0,0,0.0,0.41964285714285715,0.9365883428288572,0.15244459978955122,0.7577587568133423,0.6355199112390616,0.0,0.5178571428571428,0.13344236245918922
1390,112,100.0,112,0,112,0,0,0.0,5.941968798700557,5.956972930080286,221.99126183661255,4.593634021030138,0.9360419886752782,2.558432645103685,9.107142857142858,4.519686177093536,0.6072726029645101,0.0,0.0,0.0,0.0,0.0,0,0,0,0,0,0.0,0.4017857142857143,0.9285348134812194,0.15393967259577931,0.7469141409744587,0.6355801076404628,0.0,0.4821428571428571,0.13351876493088535
1391,112,100.0,112,0,112,0,0,0.0,5.891838134944403,5.907681419407933,191.79935294180407,4.599623107555137,1.1107764786107948,2.5768252275637513,9.107142857142858,4.519686177093536,0.6003400488534623,0.0,0.0,0.0,0.0,0.0,0,0,0,0,0,0.0,0.375,0.8804357249460405,0.17087266491091402,0.7469141409744587,0.6346595814796324,0.0,0.4821428571428571,0.13340345557000685
1392,112,100.0,112,0,112,0,0,0.0,5.853201709560749,5.868681441726643,166.44764397216238,4.603931364884065,1.2418751364004212,2.5613194079130204,9.107142857142858,4.519686177093536,0.5981408855795454,0.0,0.0,0.0,0.0,0.0,0,0,0,0,0,0.0,0.4017857142857143,0.8447743738419622,0.1932967110013076,0.7566816417325064,0.6356434363339195,0.0,0.4821428571428571,0.1333076332985732
1393,112,100.0,112,0,112,0,0,0.0,5.832799206892256,5.848319369205207,159.61424325334875,4.607308661080328,1.264533240459487,2.546474517315341,9.107142857142858,4.519686177093536,0.5955266623540578,0.0,0.0,0.0,0.0,0.0,0,0,0,0,0,0.0,0.35714285714285715,0.8323704911342303,0.19835457675455886,0.755654416194562,0.6336038752559084,0.0,0.4821428571428571,0.1332819423799017
1394,112,100.0,112,0,112,0,0,0.0,5.820694591325903,5.835349477923824,154.0480391677647,4.610064355380505,1.2955716436433509,2.5262888771875436,9.107142857142858,4.519686177093536,0.5931263929142616,0.0,0.0,0.0,0.0,0.0,0,0,0,0,0,0.0,0.35714285714285715,0.8210060061603871,0.1959204289577644,0.7604388942480769,0.630582126677208,0.0,0.4821428571428571,0.13328369366925397
1395,111,99.10714285714286,112,1,111,0,0,0.008928571428571428,5.740829331589586,5.741352305502116,144.83953116140424,4.6098290041621075,1.427046357732575,2.6170325309667812,9.107142857142858,4.519686177093536,0.5879859370592868,0.999999999941245,0.35448380556162484,1.0,5.875500086460761e-11,0.034337010254791966,0,1,0,0,0,1.0,0.4017857142857143,0.8044201025502219,0.20056182777638296,0.7512523158411929,0.6234951353489,0.008928571428571428,0.5357142857142858,0.13287904880232962
1396,110,98.21428571428571,112,1,111,0,0,0.008928571428571428,5.629385601817788,5.668609801935975,125.67975636786075,4.605051931596978,1.5957738149702065,2.676294313681459,9.107142857142858,4.519686177093536,0.5807388755213978,0.9998701222965816,0.29853389091621907,1.0,0.00012987770341843508,0.01506521045321918,0,1,0,0,0,1.0,0.375,0.7677649718772332,0.22592324915439316,0.7393854141593093,0.6069017273920705,0.008928571428571428,0.5535714285714286,0.13221387580927269
1397,109,97.32142857142857,112,1,111,0,0,0.008928571428571428,5.693688851157483,5.7256714577205985,126.7848819704388,4.604247117387337,1.5292298460118878,2.6417311226225553,9.107142857142858,4.519686177093536,0.5841019487411914,0.9999999940360993,0.40203373112427415,1.0,5.963900706618119e-09,-0.03199060308613566,1,0,0,0,0,1.0,0.36607142857142855,0.7710211217492613,0.2299309475443425,0.7560592370613405,0.6112228455795392,0.008928571428571428,0.5178571428571428,0.13251720451767895
1398,108,96.42857142857143,112,1,111,0,0,0.008928571428571428,5.6516801275865785,5.714249040367492,118.6522983727635,4.601598900649561,1.6390414252018115,2.684515166295001,9.107142857142858,4.519686177093536,0.5789758956357707,0.9846322419915626,0.3884059320236739,1.0,0.015367758008437371,-0.0013985303548085248,1,0,0,0,0,1.0,0.3482142857142857,0.7495311390843115,0.23727056452037423,0.749830976395006,0.604996305675874,0.008928571428571428,0.5178571428571429,0.13224731535690606
1399,107,95.53571428571429,112,1,111,0,0,0.008928571428571428,5.586906039798642,5.639775829193578,112.07322510253994,4.597837815908331,1.688848997506012,2.7146641763225148,9.107142857142858,4.519686177093536,0.5755949339304864,0.9999999999417923,0.35223189830858603,1.0,5.820766091346741e-11,0.014140346821242655,0,1,0,0,0,1.0,0.3392857142857143,0.7367253378629784,0.23660213520668838,0.7577587568133423,0.6072293569537616,0.008928571428571428,0.5178571428571428,0.1318384503043873
1400,107,95.53571428571429,112,1,108,0,3,0.008928571428571428,5.629280119503286,5.6985736196491565,110.39255486328514,4.595480648069953,1.618791059421795,2.6501668584261355,9.107142857142858,4.519686177093536,0.5759583093039125,0.9923052328511994,0.30467588362714265,1.0,0.007694767148800574,0.00910235301684259,0,4,0,0,0,1.0,0.35714285714285715,0.731911104814799,0.24194394362568547,0.7492977619669247,0.6085467120074483,0.008928571428571428,0.5535714285714286,0.1319970524084295
1401,108,96.42857142857143,112,0,112,0,0,0.0,5.528100981105358,5.594936455017553,95.94295714410082,4.590078200107802,1.7036680895924508,2.6434555203280814,9.107142857142858,4.519686177093536,0.5701989163858887,0.0,0.0,0.0,0.0,0.0,0,0,0,0,0,0.0,0.36607142857142855,0.7037960108557687,0.26201078293840485,0.7293732408204484,0.606881618547716,0.0,0.5535714285714286,0.13136906986955485
1402,109,97.32142857142857,112,0,112,0,0,0.0,5.544595283163877,5.611403426758761,99.27963958916921,4.585515330195882,1.6772901036362573,2.6345895319453616,9.107142857142858,4.519686177093536,0.5713365925024294,0.0,0.0,0.0,0.0,0.0,0,0,0,0,0,0.0,0.36607142857142855,0.7106033884371864,0.25285148382220896,0.7496092063611053,0.6040517849654596,0.0,0.5535714285714286,0.13134842767950355
1403,110,98.21428571428571,112,0,112,0,0,0.0,5.4980720679010915,5.564513112449407,98.71924583101706,4.57946325164126,1.703227617771851,2.660640916963387,9.107142857142858,4.519686177093536,0.5685352238862746,0.0,0.0,0.0,0.0,0.0,0,0,0,0,0,0.0,0.375,0.7075246037751096,0.2486575263286944,0.7455295597081381,0.6021673008560763,0.0,0.5178571428571429,0.13097904412425956
1404,111,99.10714285714286,112,0,112,0,0,0.0,5.568176103545956,5.636628415378785,109.95172288287925,4.576292216346953,1.6414738150959995,2.651858755026074,9.107142857142858,4.519686177093536,0.5743285569264427,0.0,0.0,0.0,0.0,0.0,0,0,0,0,0,0.0,0.4107142857142857,0.7331898850075398,0.236928119861276,0.7369787517054632,0.6015413365653531,0.0,0.5178571428571429,0.13125790388055011
1405,112,100.0,112,0,112,0,0,0.0,5.50833765392467,5.575097070030254,98.77470523898056,4.571039682928276,1.7681267213441878,2.6746123083600546,9.107142857142858,4.519686177093536,0.5701126994670958,0.0,0.0,0.0,0.0,0.0,0,0,0,0,0,0.0,0.4107142857142857,0.7106716131621102,0.25029826005120465,0.7455295597081381,0.595698243200622,0.0,0.5178571428571429,0.1308400126190081
1406,112,100.0,112,0,112,0,0,0.0,5.456915875315427,5.521827033519253,89.90625131129796,4.564098436755093,1.81141532633584,2.647972721742904,9.107142857142858,4.519686177093536,0.564074373465544,0.0,0.0,0.0,0.0,0.0,0,0,0,0,0,0.0,0.35714285714285715,0.6872122938469961,0.25544595138334897,0.7573090406707573,0.5977425863372466,0.0,0.5178571428571429,0.1304260424540582
1407,112,100.0,112,0,112,0,0,0.0,5.428513253502063,5.4929204986516975,91.3164803543012,4.556425725397168,1.7900952897867435,2.619520001952767,9.107142857142858,4.519686177093536,0.5622739368246477,0.0,0.0,0.0,0.0,0.0,0,0,0,0,0,0.0,0.35714285714285715,0.6889143117511772,0.24053592259716816,0.7477801570196352,0.5994052988557054,0.0,0.5178571428571429,0.13011063810766516
1408,111,99.10714285714286,112,1,111,0,0,0.008928571428571428,5.460916321275859,5.510358813543406,92.20502222691115,4.5502700505890425,1.7788599133387153,2.605549754811708,9.107142857142858,4.519686177093536,0.5638793661684531,0.9999999999417921,0.41421751341475577,1.0,5.820788295807233e-11,0.04318127212097611,1,0,0,0,0,1.0,0.38392857142857145,0.6929615937004847,0.24043372863333076,0.7406360298564271,0.6037076920553356,0.008928571428571428,0.5178571428571429,0.1301335448548293
1409,111,99.10714285714286,112,0,112,0,0,0.0,5.4597813966520485,5.508097821365874,90.99068517763072,4.543771112774593,1.7907643225382794,2.605312986780789,9.107142857142858,4.519686177093536,0.564258694646923,0.0,0.0,0.0,0.0,0.0,0,0,0,0,0,0.0,0.4017857142857143,0.6919932108856831,0.24848544245999052,0.739934855716032,0.6037647214630669,0.0,0.5178571428571429,0.12998100443468144
1410,111,99.10714285714286,112,0,112,0,0,0.0,5.482247857965308,5.530246841822203,89.6345768200214,4.538366759526943,1.7473430547060478,2.5604875806895557,9.107142857142858,4.519686177093536,0.5637548091266178,0.0,0.0,0.0,0.0,0.0,0,0,0,0,0,0.0,0.375,0.6880132390294227,0.24855147361126206,0.7406360298564271,0.6033376204417963,0.0,0.5178571428571429,0.12997120683790006
1411,111,99.10714285714286,112,0,112,0,0,0.0,5.39255479777395,5.439182664536216,74.5316490227511,4.529914014059525,1.8700347624776659,2.5989464735107655,9.107142857142858,4.519686177093536,0.5560075351702591,0.0,0.0,0.0,0.0,0.0,0,0,0,0,0,0.0,0.38392857142857145,0.6517214218941867,0.2849343607636685,0.7406360298564271,0.5935432399257703,0.0,0.5178571428571429,0.1293317227527054
1412,111,99.10714285714286,112,0,112,0,0,0.0,5.285197086935758,5.3297105006718475,65.05927227754803,4.517885067554228,1.9845952079777063,2.63256197097177,9.107142857142858,4.519686177093536,0.5491787865281816,0.0,0.0,0.0,0.0,0.0,0,0,0,0,0,0.0,0.36607142857142855,0.6250912158034663,0.3066642016999563,0.7211908161228675,0.5793027367429763,0.0,0.4821428571428572,0.1285230988822895
1413,112,100.0,112,0,112,0,0,0.0,5.265939200759293,5.309538296438097,64.43680913015648,4.505670415420288,2.01474551683329,2.647378933175786,9.107142857142858,4.519686177093536,0.5480770465040514,0.0,0.0,0.0,0.0,0.0,0,0,0,0,0,0.0,0.375,0.6224330246321104,0.3030728860920001,0.7434365873874476,0.5808722711784501,0.0,0.5178571428571429,0.1281507774793683
1414,112,100.0,112,0,112,0,0,0.0,5.327886581911551,5.373488444340941,68.92021097089383,4.496320104026419,1.9372331041555115,2.62623929322504,9.107142857142858,4.519686177093536,0.5526401404610406,0.0,0.0,0.0,0.0,0.0,0,0,0,0,0,0.0,0.375,0.6350186899109039,0.30060840138229333,0.7169638768144067,0.5849332746138179,0.0,0.5535714285714286,0.12824921201933764
1415,111,99.10714285714286,112,1,111,0,0,0.008928571428571428,5.325489060367637,5.3660803861299105,64.42019149235098,4.487285208657239,1.9729936507024972,2.6214918191197976,9.107142857142858,4.519686177093536,0.5464256812963102,0.9999999674762194,0.3243207180129388,1.0,3.252378055762506e-08,0.060567925629504415,0,1,0,0,0,1.0,0.375,0.6151540329247573,0.30704698868610397,0.7434365873874476,0.5817458676453475,0.008928571428571428,0.5178571428571429,0.12803304995306022
1416,109,97.32142857142857,112,2,110,0,0,0.017857142857142856,5.4315426569581335,5.437972115348163,75.47410569815186,4.482455048807349,1.8572814504685806,2.598944663160565,9.107142857142858,4.519686177093536,0.5535139793073656,0.9560100380174376,0.4024020218337632,1.0,0.04398996198256244,-0.022225737852414884,1,1,0,0,0,0.5,0.4017857142857143,0.6461501723329183,0.2843829776253993,0.7436112225708134,0.5832220201527445,0.017857142857142856,0.5178571428571429,0.1284541639024792
1417,109,97.32142857142857,112,0,112,0,0,0.0,5.428968375671465,5.4375984132909885,78.56460222077455,4.476472054653069,1.8343565459656477,2.658351372705345,9.107142857142858,4.519686177093536,0.5538294535065433,0.0,0.0,0.0,0.0,0.0,0,0,0,0,0,0.0,0.4017857142857143,0.6508662283096178,0.27205210176126104,0.7370614635647712,0.5813544508467758,0.0,0.5535714285714286,0.1283060862161622
1418,109,97.32142857142857,112,0,112,0,0,0.0,5.470937048166464,5.477354760306213,84.30114471861923,4.472196962755007,1.7749855593844213,2.6148535774030086,9.107142857142858,4.519686177093536,0.5596560513212727,0.0,0.0,0.0,0.0,0.0,0,0,0,0,0,0.0,0.4017857142857143,0.671374030618176,0.2613220271191359,0.7448250844396924,0.589044581569633,0.0,0.5178571428571429,0.1284193192098498
1419,109,97.32142857142857,112,0,112,0,0,0.0,5.473266878121872,5.479586399814343,90.84340007971609,4.468195782076417,1.7081506079175788,2.5933990921574335,9.107142857142858,4.519686177093536,0.5591508292458425,0.0,0.0,0.0,0.0,0.0,0,0,0,0,0,0.0,0.4017857142857143,0.6828274507538895,0.24004763212118463,0.737673196599301,0.5888814748206895,0.0,0.5535714285714286,0.12834054795460148
1420,110,98.21428571428571,112,0,112,0,0,0.0,5.525944951889014,5.530546584758301,89.2736150630459,4.466218034555665,1.680817278969418,2.503947419353456,9.107142857142858,4.519686177093536,0.5620138637950511,0.0,0.0,0.0,0.0,0.0,0,0,0,0,0,0.0,0.4017857142857143,0.6817977203263174,0.25088433565327545,0.7370614635647712,0.5898213979985923,0.0,0.5535714285714286,0.12855924433278057
1421,111,99.10714285714286,112,1,111,0,0,0.008928571428571428,5.590340020540984,5.581655713197375,101.60652754441678,4.466609716241984,1.594038499041222,2.5731181686391515,9.107142857142858,4.519686177093536,0.5694834497191066,0.9995569828965021,0.36921176615579093,1.0,0.00044301710349792245,7.687118451382702e-05,1,0,0,0,0,1.0,0.38392857142857145,0.713985809515978,0.2290246160108752,0.7254003168856469,0.5940095811380528,0.008928571428571428,0.5714285714285715,0.12889007106755782
1422,110,98.21428571428571,112,1,108,0,3,0.008928571428571428,5.635397659482088,5.672305780006675,102.9114601863006,4.468135767523273,1.5735488416174344,2.5065721773918677,9.107142857142858,4.519686177093536,0.5695428411649106,0.919517916223517,0.2990290730300676,1.0,0.08048208377648308,-0.013986137051194725,2,2,0,0,0,0.5,0.4107142857142857,0.7122776305828864,0.2327096204138744,0.6989682701462044,0.5954211539485741,0.008928571428571428,0.5892857142857143,0.1291498456266712
1423,110,98.21428571428571,112,0,112,0,0,0.0,5.692926899320399,5.7326872552179635,116.91462377091084,4.473469631624822,1.4641240032695415,2.5016423936622587,9.107142857142858,4.519686177093536,0.5747471480125239,0.0,0.0,0.0,0.0,0.0,0,0,0,0,0,0.0,0.4107142857142857,0.7392936958293289,0.21313698743971218,0.6877012787614696,0.5989766813696262,0.0,0.625,0.12955802878511413
1424,110,98.21428571428571,112,0,112,0,0,0.0,5.710786984825331,5.75083432495253,116.26952065027159,4.4792185742897415,1.4904329762641126,2.4941293240803253,9.107142857142858,4.519686177093536,0.5749625180934084,0.0,0.0,0.0,0.0,0.0,0,0,0,0,0,0.0,0.42857142857142855,0.7367065337909756,0.2236332051342962,0.6927177338987519,0.5965436953461877,0.0,0.625,0.12977724629611648
1425,110,98.21428571428571,112,0,112,0,0,0.0,5.734440951262215,5.77518900979957,123.39148320790639,4.485588287047313,1.4289329707883451,2.474090388594131,9.107142857142858,4.519686177093536,0.5794791167185864,0.0,0.0,0.0,0.0,0.0,0,0,0,0,0,0.0,0.4375,0.7560014302449382,0.21406894970322515,0.6989348417720109,0.6019108502854195,0.0,0.625,0.13003946164181313
1426,111,99.10714285714286,112,0,112,0,0,0.0,5.780333161892626,5.822682728936161,130.29073938462528,4.493387362424901,1.331306755955135,2.4412847208155086,9.107142857142858,4.519686177093536,0.5823819825732777,0.0,0.0,0.0,0.0,0.0,0,0,0,0,0,0.0,0.44642857142857145,0.7694063447917382,0.20540707916273296,0.6989348417720109,0.6062508239836085,0.0,0.625,0.13044516956085617
1427,112,100.0,112,0,112,0,0,0.0,5.838923213696715,5.881144750504404,136.2143666001227,4.5029477839968415,1.2476978172493032,2.443172882654928,9.107142857142858,4.519686177093536,0.5851105475891196,0.0,0.0,0.0,0.0,0.0,0,0,0,0,0,0.0,0.42857142857142855,0.7810048183531395,0.20574027295589054,0.6989348417720109,0.6068135604872044,0.0,0.625,0.13095417034600607
1428,112,100.0,112,0,112,0,0,0.0,5.803173490513089,5.843896077453073,131.8513547438277,4.510729286014884,1.2600425755132985,2.4339483601733987,9.107142857142858,4.519686177093536,0.5822926493754401,0.0,0.0,0.0,0.0,0.0,0,0,0,0,0,0.0,0.42857142857142855,0.7720250092487276,0.206186744764919,0.6989348417720109,0.606991269372403,0.0,0.625,0.1309512714656278
1429,112,100.0,112,0,112,0,0,0.0,5.827045176617168,5.869211673578639,142.30711282115075,4.5190744369608336,1.2220657601536973,2.4326303422115494,9.107142857142858,4.519686177093536,0.5853565530560878,0.0,0.0,0.0,0.0,0.0,0,0,0,0,0,0.0,0.41964285714285715,0.7910828288339751,0.19449184657867635,0.7061224056493439,0.6059265850712601,0.0,0.625,0.13125921721302902
1430,112,100.0,112,0,112,0,0,0.0,5.93580933679266,5.978777588031418,154.57593371434916,4.531004041665286,1.1315399488110163,2.4041218673520937,9.107142857142858,4.519686177093536,0.5913555270462452,0.0,0.0,0.0,0.0,0.0,0,0,0,0,0,0.0,0.4107142857142857,0.8133895803162414,0.1906277543485191,0.6878592184382659,0.6088861477146393,0.0,0.5892857142857143,0.132072628361311
1431,112,100.0,112,0,111,1,0,0.0,5.878738823518063,5.9205094484913525,143.83658420629266,4.540287636036174,1.2282356092828854,2.363558159354514,9.107142857142858,4.519686177093536,0.587980018065466,0.8597022187014187,0.34549734043578073,1.0,0.14029778129858128,0.03236203409680516,0,0,0,1,0,0.0,0.41964285714285715,0.7946624812357032,0.19814616561916487,0.6847870731525609,0.6097874113814656,0.0,0.5892857142857143,0.13199707046069725
1432,110,98.21428571428571,112,2,110,0,0,0.017857142857142856,5.915062875796738,5.983513302655134,134.86013176574414,4.550407219448845,1.311839935850356,2.370887740334443,9.107142857142858,4.519686177093536,0.5852817132422394,0.9494248640375409,0.3715083786599178,1.0,0.05057513596245916,0.0365418379120509,0,2,0,0,0,0.5,0.41964285714285715,0.7717072580753775,0.216752135064901,0.6989348417720109,0.6033803147257709,0.017857142857142856,0.625,0.1324073774284316
1433,110,98.21428571428571,112,0,112,0,0,0.0,5.8514377041406584,5.91755110002115,127.75191648098499,4.5587068846220316,1.4014641635231349,2.419599210105397,9.107142857142858,4.519686177093536,0.580356360935449,0.0,0.0,0.0,0.0,0.0,0,0,0,0,0,0.0,0.38392857142857145,0.7565045280402973,0.21714279875358325,0.6989348417720109,0.6069854688862323,0.0,0.625,0.13227681097993996
1434,110,98.21428571428571,112,0,112,0,0,0.0,5.77640852456562,5.8416971392099315,117.64024020796104,4.5638887421903895,1.4826196635900162,2.477789825812659,9.107142857142858,4.519686177093536,0.5734582446045284,0.0,0.0,0.0,0.0,0.0,0,0,0,0,0,0.0,0.39285714285714285,0.7322797435697946,0.2287335209906879,0.684350764105129,0.5965329204219038,0.0,0.625,0.13201876693218165
1435,110,98.21428571428571,112,0,112,0,0,0.0,5.6759657840566655,5.73741569807615,101.45755233775637,4.5650658409543565,1.6274277270375304,2.548460538210918,9.107142857142858,4.519686177093536,0.5648269563678909,0.0,0.0,0.0,0.0,0.0,0,0,0,0,0,0.0,0.41964285714285715,0.6972198090818862,0.24255919475260118,0.7000880478368221,0.5874216628203666,0.0,0.5178571428571428,0.13154315381469975
1436,110,98.21428571428571,112,0,112,0,0,0.0,5.675050321759814,5.735719665672525,97.51250670706403,4.566128414274513,1.6800853422284472,2.5570210636881257,9.107142857142858,4.519686177093536,0.5604889162605102,0.0,0.0,0.0,0.0,0.0,0,0,0,0,0,0.0,0.4017857142857143,0.6825834453999501,0.24365534358296612,0.6975112691591236,0.5857801068503827,0.0,0.5535714285714285,0.1315625889929518
1437,112,100.0,112,0,112,0,0,0.0,5.643371949557982,5.70351422000033,95.86634604951293,4.565978494554143,1.6743345668212923,2.5403665348629154,9.107142857142858,4.519686177093536,0.5580794340224804,0.0,0.0,0.0,0.0,0.0,0,0,0,0,0,0.0,0.41964285714285715,0.6771096789511553,0.24274256775400727,0.6975112691591236,0.5841255691223596,0.0,0.5535714285714285,0.1314008091815035
1438,112,100.0,112,0,112,0,0,0.0,5.652536983039594,5.715782370846481,98.76724309836351,4.566278936269034,1.6197044611939517,2.4442100257747064,9.107142857142858,4.519686177093536,0.5606787552038024,0.0,0.0,0.0,0.0,0.0,0,0,0,0,0,0.0,0.4107142857142857,0.68539852252207,0.2445422355078877,0.684350764105129,0.5850293461358547,0.0,0.625,0.13145342386024064
1439,112,100.0,112,0,112,0,0,0.0,5.773544274319792,5.838869709401477,112.26897037625386,4.571016328102405,1.492506575657055,2.433708598875381,9.107142857142858,4.519686177093536,0.5692610025792493,0.0,0.0,0.0,0.0,0.0,0,0,0,0,0,0.0,0.4017857142857143,0.7152713737130677,0.2335528843744502,0.6704918164085774,0.5898475058243553,0.0,0.5892857142857143,0.1321655179385654
1440,112,100.0,112,0,112,0,0,0.0,5.831523118273435,5.895550377230245,110.12967341028546,4.577589035339082,1.4477444892943194,2.3815928102518593,9.107142857142858,4.519686177093536,0.5724477206733267,0.0,0.0,0.0,0.0,0.0,0,0,0,0,0,0.0,0.4017857142857143,0.7152306792813483,0.24730432585136647,0.6780327842121586,0.5936184739745594,0.0,0.5892857142857144,0.13260394502855208
1441,112,100.0,112,0,112,0,0,0.0,5.904047850992955,5.969094437817407,121.17357472889239,4.586523845427665,1.3672462795841114,2.356619054797011,9.107142857142858,4.519686177093536,0.5750314111810275,0.0,0.0,0.0,0.0,0.0,0,0,0,0,0,0.0,0.39285714285714285,0.7320676348838641,0.2307677859207315,0.6666073814482882,0.5939725986382504,0.0,0.625,0.13316848138041132
1442,112,100.0,112,0,112,0,0,0.0,5.9283651504494035,5.994824615013847,125.35128212683203,4.595985168749397,1.34893039152432,2.356862216067811,9.107142857142858,4.519686177093536,0.5761409148265855,0.0,0.0,0.0,0.0,0.0,0,0,0,0,0,0.0,0.39285714285714285,0.7397287169146012,0.229698487613936,0.6706411764367444,0.5900354330282467,0.0,0.625,0.13350387893886478
1443,112,100.0,112,0,112,0,0,0.0,5.980450648535144,6.046883104979932,130.9967121785111,4.6069011742487875,1.2759493240597775,2.333396683500724,9.107142857142858,4.519686177093536,0.5781428533017854,0.0,0.0,0.0,0.0,0.0,0,0,0,0,0,0.0,0.4107142857142857,0.7509797869791484,0.2259753043914685,0.6773024686430389,0.5918831537634882,0.0,0.5535714285714286,0.13401099102511685
1444,112,100.0,112,0,112,0,0,0.0,5.954743418273091,6.021268651167995,126.90981632332472,4.61639765621391,1.2923773036597836,2.3789509401880133,9.107142857142858,4.519686177093536,0.5754393965367788,0.0,0.0,0.0,0.0,0.0,0,0,0,0,0,0.0,0.4107142857142857,0.7433673776989916,0.2348440297881405,0.6704918164085774,0.5871620346668768,0.0,0.5892857142857143,0.1340970604651505
1445,111,99.10714285714286,112,1,111,0,0,0.008928571428571428,5.928664054123644,5.980294995096128,130.5769012678992,4.624575162398791,1.3915586629749537,2.5029590510951563,9.107142857142858,4.519686177093536,0.5720769252871278,0.96224132498799,0.3800547531802373,1.0,0.03775867501201002,0.007036905966303575,1,0,0,0,0,1.0,0.4017857142857143,0.7440587925141767,0.2258249145595685,0.6786506522004729,0.5789145266955137,0.008928571428571428,0.5714285714285714,0.1341514624527378
1446,111,99.10714285714286,112,0,112,0,0,0.0,5.811669045152643,5.860714975729091,108.81438259461434,4.627467617744057,1.5609923453686423,2.534563507498743,9.107142857142858,4.519686177093536,0.5627342680782639,0.0,0.0,0.0,0.0,0.0,0,0,0,0,0,0.0,0.41964285714285715,0.7015043844730584,0.2556812701484011,0.6565656838492274,0.5713110153901294,0.0,0.6071428571428571,0.13363185236009206
1447,111,99.10714285714286,112,0,112,0,0,0.0,5.842929418737252,5.893769307470277,116.17164221392255,4.63142450483501,1.5499747976209073,2.590228440668851,9.107142857142858,4.519686177093536,0.5647836982431358,0.0,0.0,0.0,0.0,0.0,0,0,0,0,0,0.0,0.38392857142857145,0.7134660879170467,0.24043902899497982,0.6507617669749357,0.5657500739301685,0.0,0.6428571428571429,0.1338775736674616
1448,111,99.10714285714286,112,0,112,0,0,0.0,5.934569019962921,5.985739163777864,117.28617115205374,4.638527952153174,1.4770821005416952,2.4326236200726297,9.107142857142858,4.519686177093536,0.5691651426510183,0.0,0.0,0.0,0.0,0.0,0,0,0,0,0,0.0,0.375,0.71814503474489,0.24997285428481805,0.6361961708687713,0.5729059389897719,0.0,0.6428571428571429,0.13449629843685806
1449,111,99.10714285714286,112,0,112,0,0,0.0,5.996980174411917,6.049049407598266,131.8394182880903,4.647599485415708,1.3683853042632388,2.392156808020821,9.107142857142858,4.519686177093536,0.5743188072081942,0.0,0.0,0.0,0.0,0.0,0,0,0,0,0,0.0,0.38392857142857145,0.7446122206860153,0.2234117612112939,0.6743532915381897,0.5801317156358998,0.0,0.5714285714285714,0.1350133566265616
1450,112,100.0,112,0,112,0,0,0.0,6.033562567547729,6.085891444348564,129.45030070519985,4.657593129397216,1.3458432564696226,2.3462199821618293,9.107142857142858,4.519686177093536,0.5748976061308579,0.0,0.0,0.0,0.0,0.0,0,0,0,0,0,0.0,0.375,0.7395981363284774,0.23094466117436696,0.662220446144369,0.5811850165257079,0.0,0.6071428571428571,0.13542210926505077
1451,112,100.0,112,0,112,0,0,0.0,6.016011809400321,6.068301645391293,125.70553268092958,4.666499089063464,1.4025929646588977,2.3827102270658957,9.107142857142858,4.519686177093536,0.5744356529082804,0.0,0.0,0.0,0.0,0.0,0,0,0,0,0,0.0,0.38392857142857145,0.7347708669779583,0.24099798818650542,0.6560479125662165,0.5756700678719897,0.0,0.6428571428571429,0.13553561618830018
1452,112,100.0,112,0,112,0,0,0.0,6.082355540792713,6.134408166507822,128.31831245496465,4.677392773139387,1.440577388765775,2.3879383658194784,9.107142857142858,4.519686177093536,0.574854380378903,0.0,0.0,0.0,0.0,0.0,0,0,0,0,0,0.0,0.36607142857142855,0.7348019176170709,0.2418671650055134,0.6782873558296696,0.5748980242095069,0.0,0.6071428571428571,0.13611351501194002
1453,111,99.10714285714286,112,1,111,0,0,0.008928571428571428,6.113631794970331,6.1674467030075615,135.0468503660135,4.688950974205801,1.4204800170591037,2.4247440083414893,9.107142857142858,4.519686177093536,0.5749417541415442,0.9999530405874881,0.3554297255380984,1.0,4.695941251187108e-05,0.023845773239757895,0,1,0,0,0,1.0,0.35714285714285715,0.7430143252603126,0.23167653727092938,0.6784870148761831,0.5707298976501879,0.008928571428571428,0.5535714285714286,0.1365310934907878
1454,110,98.21428571428571,112,1,111,0,0,0.008928571428571428,5.983947016514937,6.055158706218315,112.5239880825134,4.695251168190327,1.6848695159943714,2.508221905274958,9.107142857142858,4.519686177093536,0.5652270135169124,0.9897734013764585,0.3248383951707713,1.0,0.010226598623541472,0.007544667917410042,1,0,0,0,0,1.0,0.3392857142857143,0.6974681002069981,0.25714732560472336,0.6588779341879718,0.5599459929701939,0.008928571428571428,0.5714285714285714,0.1360250440968352
1455,110,98.21428571428571,112,0,112,0,0,0.0,5.918780421657521,5.988087883524443,98.98584721246513,4.6995547744369,1.7978474570239684,2.530533213904827,9.107142857142858,4.519686177093536,0.5590904620761226,0.0,0.0,0.0,0.0,0.0,0,0,0,0,0,0.0,0.3125,0.6683180325130953,0.2748558016883294,0.6673588554114167,0.5544499222086351,0.0,0.5714285714285714,0.13579646587086958
1456,110,98.21428571428571,112,0,112,0,0,0.0,5.895989700991696,5.965993703179304,95.71503568731802,4.702865001094829,1.841399021501913,2.5680909808702914,9.107142857142858,4.519686177093536,0.5562034938668823,0.0,0.0,0.0,0.0,0.0,0,0,0,0,0,0.0,0.3392857142857143,0.6595282219896567,0.28522082092027845,0.6745541717052835,0.5499494793865202,0.0,0.5714285714285714,0.13575731819588485
1457,110,98.21428571428571,112,0,112,0,0,0.0,5.867994388713127,5.937029292917074,93.115764474107,4.7049783355385495,1.8659658650998618,2.5943789548261513,9.107142857142858,4.519686177093536,0.553143830537125,0.0,0.0,0.0,0.0,0.0,0,0,0,0,0,0.0,0.33035714285714285,0.6527653669233008,0.28540696352037187,0.6654617447593507,0.5469659493159739,0.0,0.5714285714285714,0.1356650996768563
1458,110,98.21428571428571,112,1,111,0,0,0.008928571428571428,5.896322940975309,5.991786109288889,99.48634814816312,4.708030284116138,1.824029248764204,2.5895271302516147,9.107142857142858,4.519686177093536,0.5532249173973123,0.9999971596858002,0.3847068963611985,1.0,2.8403141998367687e-06,-0.011934035866107529,0,1,0,0,0,1.0,0.3125,0.6589998790975784,0.2705156812340042,0.6654617447593507,0.5455082940788137,0.008928571428571428,0.5714285714285714,0.13587571168716384
1459,111,99.10714285714286,112,0,112,0,0,0.0,5.945028039934349,6.0420112914030195,103.01305727660798,4.713706049476342,1.8444901920417336,2.6222141260720875,9.107142857142858,4.519686177093536,0.553644744462185,0.0,0.0,0.0,0.0,0.0,0,0,0,0,0,0.0,0.32142857142857145,0.6623416217825256,0.26281558994728293,0.6530786645532478,0.5433774669803598,0.0,0.5714285714285714,0.13624750057317375
1460,111,99.10714285714286,112,0,112,0,0,0.0,5.966343897232986,6.064259763309333,106.00559293561575,4.719929736941608,1.8111797549006308,2.609804400953297,9.107142857142858,4.519686177093536,0.5556217362752827,0.0,0.0,0.0,0.0,0.0,0,0,0,0,0,0.0,0.33035714285714285,0.6686888919149078,0.2610725076277135,0.6522772778707677,0.5459841904745298,0.0,0.6071428571428572,0.1364947254307035
1461,111,99.10714285714286,112,0,112,0,0,0.0,5.891078184364038,5.984590333478028,91.31643491946961,4.722991486698837,1.9036472389294363,2.593616140905027,9.107142857142858,4.519686177093536,0.552692782191172,0.0,0.0,0.0,0.0,0.0,0,0,0,0,0,0.0,0.3125,0.6445727902542179,0.28530223875345584,0.6522772778707677,0.5492458017727502,0.0,0.6071428571428572,0.13618758760663613
1462,111,99.10714285714286,112,0,112,0,0,0.0,5.808902788709996,5.898286215482882,78.41733961873558,4.7227943147424805,2.0222775459610376,2.6337837219519464,9.107142857142858,4.519686177093536,0.5471404272708127,0.0,0.0,0.0,0.0,0.0,0,0,0,0,0,0.0,0.3125,0.617248035931768,0.31126596116159816,0.6602750843526797,0.5456529975783296,0.0,0.6071428571428572,0.13577225485153763
1463,112,100.0,112,0,112,0,0,0.0,5.786328676140447,5.877848808032792,81.34416795849545,4.721867088996196,2.0063032537305987,2.6566683112345055,9.107142857142858,4.519686177093536,0.5467469568580519,0.0,0.0,0.0,0.0,0.0,0,0,0,0,0,0.0,0.33035714285714285,0.6224873070727103,0.30885339721977184,0.6654617447593507,0.5402825292438411,0.0,0.5714285714285714,0.13563843044174723
1464,112,100.0,112,0,112,0,0,0.0,5.781175244440013,5.873233699757787,84.16115664269395,4.7208149002151885,1.9725860768611914,2.6655000212859616,9.107142857142858,4.519686177093536,0.5463261933991737,0.0,0.0,0.0,0.0,0.0,0,0,0,0,0,0.0,0.33035714285714285,0.62641336084589,0.2958508037341341,0.6627236425527308,0.5434755033801221,0.0,0.5714285714285714,0.13558888546779901
1465,112,100.0,112,0,112,0,0,0.0,5.720637085420829,5.8086057744078055,72.2160361617414,4.717473483538203,2.0765001644954815,2.6840964253375725,9.107142857142858,4.519686177093536,0.5394890470847664,0.0,0.0,0.0,0.0,0.0,0,0,0,0,0,0.0,0.33035714285714285,0.5948421160657709,0.31468755643743357,0.6602783068191547,0.54719128093142,0.0,0.5714285714285714,0.13521068389886867
1466,112,100.0,112,0,112,0,0,0.0,5.727783123736069,5.816352140108478,72.0687435522892,4.714563177544728,2.0177887025267527,2.62961664618446,9.107142857142858,4.519686177093536,0.5412722535234396,0.0,0.0,0.0,0.0,0.0,0,0,0,0,0,0.0,0.3125,0.5983998311978186,0.3214035147228116,0.639796092811493,0.5474158362289491,0.0,0.6071428571428572,0.13518064574159577
1467,112,100.0,112,0,112,0,0,0.0,5.670472549194916,5.75669785179684,66.669289654712,4.70962745895066,2.106021535098347,2.6790615098919863,9.107142857142858,4.519686177093536,0.5380008372109717,0.0,0.0,0.0,0.0,0.0,0,0,0,0,0,0.0,0.3125,0.5857817951178056,0.3321517952456059,0.6528722648746752,0.5393462343556404,0.0,0.5357142857142858,0.13478255337337186
1468,112,100.0,112,0,112,0,0,0.0,5.771345952716688,5.863204256253462,76.10157938705453,4.708765823539582,2.0174696464178665,2.6850023963210434,9.107142857142858,4.519686177093536,0.5438229365894394,0.0,0.0,0.0,0.0,0.0,0,0,0,0,0,0.0,0.33035714285714285,0.6076003499149625,0.3106260081847065,0.6528722648746752,0.5450698423724437,0.0,0.5357142857142858,0.13526744878269498
1469,112,100.0,112,0,112,0,0,0.0,5.837761606164321,5.93307415494279,85.44582511846164,4.710469451467487,1.9041494192420412,2.5408468397098463,9.107142857142858,4.519686177093536,0.5481518347070558,0.0,0.0,0.0,0.0,0.0,0,0,0,0,0,0.0,0.3482142857142857,0.6272369957142753,0.2886679428503893,0.6793231840137649,0.5531804120224849,0.0,0.5357142857142858,0.13563802636791647
1470,112,100.0,112,0,112,0,0,0.0,5.693844072729779,5.781748821674034,68.56566779000288,4.706624536623272,2.053961075485573,2.571258908155701,9.107142857142858,4.519686177093536,0.5372380950481039,0.0,0.0,0.0,0.0,0.0,0,0,0,0,0,0.0,0.3392857142857143,0.5852311026533376,0.3123642098305399,0.6627236425527308,0.5464132046759972,0.0,0.5714285714285714,0.13483154965837627
1471,111,99.10714285714286,112,1,111,0,0,0.008928571428571428,5.699390012702636,5.783465918190952,66.89607575831891,4.703164196823369,2.095047604857228,2.707003624286363,9.107142857142858,4.519686177093536,0.5327645965214736,0.9999999999260714,0.37976801250252645,1.0,7.392864098676455e-11,-0.058539368825733185,0,1,0,0,0,1.0,0.32142857142857145,0.5734213391678461,0.31343524667068184,0.6829988095946419,0.5361122581073527,0.008928571428571428,0.5714285714285714,0.1347810811084322
1472,111,99.10714285714286,112,0,112,0,0,0.0,5.614647930329182,5.6950380925453405,57.84444895890132,4.696514214292718,2.155137640193859,2.701153592994448,9.107142857142858,4.519686177093536,0.5274336365024759,0.0,0.0,0.0,0.0,0.0,0,0,0,0,0,0.0,0.3392857142857143,0.5503545061524494,0.3349852401943495,0.6701612045081783,0.5305880354130508,0.0,0.5714285714285714,0.13420709152595645
1473,111,99.10714285714286,112,0,112,0,0,0.0,5.633328167229488,5.7150552391627585,57.643059283151295,4.690888559870257,2.130478390096917,2.686082292682145,9.107142857142858,4.519686177093536,0.5305784485794349,0.0,0.0,0.0,0.0,0.0,0,0,0,0,0,0.0,0.3482142857142857,0.5549088029040623,0.34450829755855766,0.6835159676886569,0.5328267494887989,0.0,0.5714285714285714,0.13417336174780647
1474,110,98.21428571428571,112,1,111,0,0,0.008928571428571428,5.711801561304621,5.780834567474601,60.384835938421986,4.688441489765946,2.1113468992061817,2.711834463243948,9.107142857142858,4.519686177093536,0.5330291002255534,0.9924239013705293,0.40438906977502675,1.0,0.007576098629470729,0.019772963646000896,0,1,0,0,0,1.0,0.32142857142857145,0.56205995135886,0.3348055193838316,0.6639131465772183,0.5348365403613696,0.008928571428571428,0.625,0.13451042877355796
1475,110,98.21428571428571,112,0,112,0,0,0.0,5.749267823126282,5.819970947119585,61.71502062196574,4.686974185758134,2.0359395438285715,2.6145509249524,9.107142857142858,4.519686177093536,0.5323687736063738,0.0,0.0,0.0,0.0,0.0,0,0,0,0,0,0.0,0.30357142857142855,0.5618640866640039,0.3339275038806913,0.6782534537807857,0.537380880966355,0.0,0.5892857142857144,0.13466460131445776
1476,111,99.10714285714286,112,0,112,0,0,0.0,5.785535364917989,5.857023261640034,66.03779187409347,4.68691291795688,1.9965686875861477,2.597415174471924,9.107142857142858,4.519686177093536,0.5328623109807933,0.0,0.0,0.0,0.0,0.0,0,0,0,0,0,0.0,0.30357142857142855,0.5696745879732396,0.31568797393263165,0.6878170358580197,0.5343033127970314,0.0,0.5535714285714286,0.13484455446724414
1477,110,98.21428571428571,112,1,111,0,0,0.008928571428571428,5.780802173651331,5.84987483024686,63.593922437177305,4.686657047460228,2.044562252176945,2.6181763675948013,9.107142857142858,4.519686177093536,0.5308592227886915,0.895883397630209,0.3911736126927028,1.0,0.10411660236979103,-0.01624383614800662,1,0,0,0,0,0.0,0.3125,0.5608909141028475,0.32580798704341346,0.6680560621391678,0.5340968074000324,0.008928571428571428,0.5714285714285714,0.13481510623917664
1478,109,97.32142857142857,112,1,111,0,0,0.008928571428571428,5.74164022945663,5.816809445670208,64.92807363885234,4.68494689762292,2.0581618292616777,2.6757469982219324,9.107142857142858,4.519686177093536,0.5303791678686727,0.9999269023521427,0.413092387756824,1.0,7.30976478573453e-05,0.023284338048183528,1,0,0,0,0,1.0,0.30357142857142855,0.5648743732742185,0.31938967204669855,0.6573626091977963,0.5327593901961957,0.008928571428571428,0.5714285714285715,0.13458064981530093
1479,110,98.21428571428571,112,0,112,0,0,0.0,5.746106770090039,5.822124048997922,69.59190548243099,4.683715388971521,2.072311817811374,2.6897451990045758,9.107142857142858,4.519686177093536,0.5304130505980265,0.0,0.0,0.0,0.0,0.0,0,0,0,0,0,0.0,0.29464285714285715,0.5722413077258992,0.30585412017334235,0.6443237834008977,0.5337545832272402,0.0,0.5714285714285715,0.1345751523553245
1480,110,98.21428571428571,112,0,112,0,0,0.0,5.640843782928582,5.715206854072932,63.326150676647636,4.678673683302443,2.177241311373987,2.845103170306018,9.107142857142858,4.519686177093536,0.5261867776824043,0.0,0.0,0.0,0.0,0.0,0,0,0,0,0,0.0,0.3125,0.5580895255914509,0.3216976213194562,0.6609637068292371,0.5273573511067314,0.0,0.5714285714285715,0.1339349027824097
1481,110,98.21428571428571,112,0,112,0,0,0.0,5.644177313405592,5.718839352426388,64.49175372984152,4.67399118892835,2.1476840376503303,2.8242518500401412,9.107142857142858,4.519686177093536,0.5264701854930445,0.0,0.0,0.0,0.0,0.0,0,0,0,0,0,0.0,0.3482142857142857,0.5611832382678591,0.310599436968176,0.6318658172064223,0.5262022493251969,0.0,0.6071428571428572,0.1338457534093102
1482,111,99.10714285714286,112,0,112,0,0,0.0,5.637304336826671,5.713017535645866,59.22634146478225,4.669309826326599,2.1898290850282445,2.8016123713512573,9.107142857142858,4.519686177093536,0.5251008105764692,0.0,0.0,0.0,0.0,0.0,0,0,0,0,0,0.0,0.32142857142857145,0.5486259313964296,0.336589163562401,0.6704422510698248,0.5207926424175666,0.0,0.5714285714285715,0.1337055970772101
1483,112,100.0,112,0,112,0,0,0.0,5.620815823082691,5.698606706572463,61.918974841347485,4.66431898722355,2.161396215617208,2.7543149138947927,9.107142857142858,4.519686177093536,0.5277514954365541,0.0,0.0,0.0,0.0,0.0,0,0,0,0,0,0.0,0.3125,0.5593647785318162,0.33411590443201084,0.6837676061203342,0.5218659708011674,0.0,0.5357142857142857,0.13351036937595945
1484,111,99.10714285714286,112,1,111,0,0,0.008928571428571428,5.670517442567335,5.738194998147813,61.17555396191252,4.661386629986613,2.168576199002397,2.7294948677053132,9.107142857142858,4.519686177093536,0.5274973248059582,0.9999902189240941,0.3818558340628884,1.0,9.781075905879177e-06,0.0257610403923203,0,1,0,0,0,1.0,0.29464285714285715,0.5558935502424024,0.3422753846683928,0.678172471856402,0.5216802888800105,0.008928571428571428,0.5357142857142857,0.13369261080103229
1485,110,98.21428571428571,112,1,111,0,0,0.008928571428571428,5.754207705097239,5.8331628091728325,66.54818358070558,4.661286440860204,2.0955758739672365,2.7098317195350208,9.107142857142858,4.519686177093536,0.53279407441934,0.9995684380669059,0.3723648028299045,1.0,0.0004315619330941267,0.0005946973197277217,0,1,0,0,0,1.0,0.32142857142857145,0.5708138988087778,0.3373685384273154,0.672399048074981,0.523575246823402,0.008928571428571428,0.5535714285714286,0.13410879799663317
1486,110,98.21428571428571,112,0,112,0,0,0.0,5.732849542231294,5.811553370464971,63.64719278305913,4.660742101405363,2.070044950867259,2.669972833556342,9.107142857142858,4.519686177093536,0.533074617629363,0.0,0.0,0.0,0.0,0.0,0,0,0,0,0,0.0,0.3392857142857143,0.5669921978139423,0.350314290702688,0.6738967140874988,0.5246142239613907,0.0,0.5892857142857143,0.13398970596475496
1487,110,98.21428571428571,112,0,112,0,0,0.0,5.608459647852479,5.6826428180185395,53.161499164822665,4.655561282449834,2.208359408431854,2.754220538063109,9.107142857142858,4.519686177093536,0.5232906400967783,0.0,0.0,0.0,0.0,0.0,0,0,0,0,0,0.0,0.32142857142857145,0.5353347208754411,0.38743167248069343,0.6758180393879736,0.5146780645951876,0.0,0.5892857142857143,0.13325067811376423
1488,109,97.32142857142857,112,1,111,0,0,0.008928571428571428,5.689973207714975,5.751513348770635,51.95942234369743,4.653547837594982,2.1940035954590855,2.677372902063851,9.107142857142858,4.519686177093536,0.5240611276625398,0.9899956111914052,0.37790207606683623,1.0,0.010004388808594777,0.08104248453519158,0,1,0,0,0,1.0,0.29464285714285715,0.530151188770612,0.3978750151224948,0.687009671506638,0.5217611186429899,0.008928571428571428,0.5357142857142857,0.13361274521868266
1489,110,98.21428571428571,112,0,112,0,0,0.0,5.714592038399194,5.774299885709274,49.46814397955039,4.652006266241431,2.1537779370312653,2.634292543102945,9.107142857142858,4.519686177093536,0.5238660589293032,0.0,0.0,0.0,0.0,0.0,0,0,0,0,0,0.0,0.3125,0.5237306695065579,0.41166592745491265,0.67783413657891,0.5251132925524666,0.0,0.5714285714285715,0.13370100227841553
1490,111,99.10714285714286,112,0,112,0,0,0.0,5.662248122146705,5.721321899794744,49.7635332411296,4.648618818110229,2.179974127661921,2.657913895882207,9.107142857142858,4.519686177093536,0.5219217514613719,0.0,0.0,0.0,0.0,0.0,0,0,0,0,0,0.0,0.32142857142857145,0.5233818027361954,0.40473489856212264,0.6796161818782325,0.5241817849092897,0.0,0.5714285714285715,0.133362731684682
1491,111,99.10714285714286,112,0,112,0,0,0.0,5.690398793812504,5.749091877797394,54.384614810323015,4.646388564689705,2.0720852470464948,2.59066354894139,9.107142857142858,4.519686177093536,0.5280638041937049,0.0,0.0,0.0,0.0,0.0,0,0,0,0,0,0.0,0.33035714285714285,0.5420167226287264,0.37845866060198036,0.6796161818782325,0.5329374161584152,0.0,0.5714285714285715,0.1334530848152302
1492,111,99.10714285714286,112,0,112,0,0,0.0,5.688173286018135,5.7474346676144314,54.386063320668136,4.644199191165092,2.057285207571219,2.5942761145786277,9.107142857142858,4.519686177093536,0.5319024903981289,0.0,0.0,0.0,0.0,0.0,0,0,0,0,0,0.0,0.33035714285714285,0.5483086694092945,0.38549822446814086,0.6952623162519801,0.5360951680027802,0.0,0.5357142857142857,0.13339248086997993
1493,112,100.0,112,0,112,0,0,0.0,5.714938317978854,5.774270368244409,53.35684702560797,4.6430790820145535,2.0830742449227246,2.6026051836261144,9.107142857142858,4.519686177093536,0.5318853205090772,0.0,0.0,0.0,0.0,0.0,0,0,0,0,0,0.0,0.32142857142857145,0.5444950383972325,0.3960705991945811,0.6966261863805697,0.5358148065933428,0.0,0.5357142857142857,0.13350099332056087
1494,112,100.0,112,0,112,0,0,0.0,5.736133197697937,5.795340222522225,48.049167822651604,4.6427714313155235,2.0982112325683477,2.520122182524663,9.107142857142858,4.519686177093536,0.5276584921373215,0.0,0.0,0.0,0.0,0.0,0,0,0,0,0,0.0,0.3392857142857143,0.5253162657944289,0.42438778293931106,0.6941034788394147,0.5353924171856741,0.0,0.5714285714285715,0.13360001529609739
1495,112,100.0,112,0,112,0,0,0.0,5.7796026209578955,5.84012866294864,49.384258349490935,4.644097123023322,2.0768072029148135,2.4927944273863676,9.107142857142858,4.519686177093536,0.5283643073340725,0.0,0.0,0.0,0.0,0.0,0,0,0,0,0,0.0,0.32142857142857145,0.5275701604910762,0.4103029530553499,0.7173065602246839,0.5414622716763979,0.0,0.5357142857142857,0.13384732096483132
1496,112,100.0,112,0,112,0,0,0.0,5.805713793194772,5.8680491777676895,52.887426245485734,4.646372433345332,2.006354862783238,2.517595693003151,9.107142857142858,4.519686177093536,0.5325235831193698,0.0,0.0,0.0,0.0,0.0,0,0,0,0,0,0.0,0.33035714285714285,0.5421939946018316,0.4046710719128209,0.7389537793454329,0.5439911044315762,0.0,0.5357142857142857,0.13402929526907062
1497,112,100.0,112,0,112,0,0,0.0,5.788344315771154,5.849683252504306,51.676061619417325,4.647880841032892,2.0042863374430255,2.538415150193237,9.107142857142858,4.519686177093536,0.531745160390332,0.0,0.0,0.0,0.0,0.0,0,0,0,0,0,0.0,0.3482142857142857,0.5398873898394528,0.4127774711134782,0.7301225880882299,0.5425318969053253,0.0,0.5357142857142857,0.13397653552882696
1498,112,100.0,112,0,112,0,0,0.0,5.736047518405193,5.795361948554186,50.48183116085589,4.647356951454023,2.023377214451932,2.5394703545103288,9.107142857142858,4.519686177093536,0.5299312732673802,0.0,0.0,0.0,0.0,0.0,0,0,0,0,0,0.0,0.36607142857142855,0.5371281865746588,0.40950434551983306,0.7407659583055297,0.5391269931157956,0.0,0.5178571428571429,0.1337032124595575
1499,111,99.10714285714286,112,1,111,0,0,0.008928571428571428,5.790067228060357,5.844995364114184,50.47513234613635,4.6488041386856045,1.984241665661576,2.4768026117768565,9.107142857142858,4.519686177093536,0.5313316646817208,0.9999998540460828,0.3401284598636156,1.0,1.4595391717442396e-07,0.09677030510482698,0,1,0,0,0,1.0,0.3392857142857143,0.5382031417991209,0.415871608800011,0.7263481110169991,0.5455578021676722,0.008928571428571428,0.5357142857142857,0.13400601516846453
1500,111,99.10714285714286,112,0,112,0,0,0.0,5.803878529783842,5.861799504741037,56.413788695893665,4.650640734185052,1.971106651844048,2.5353488281230105,9.107142857142858,4.519686177093536,0.531854894019991,0.0,0.0,0.0,0.0,0.0,0,0,0,0,0,0.0,0.3392857142857143,0.5499419842689539,0.3898270730110415,0.7278867394596924,0.5416761331052978,0.0,0.5357142857142857,0.13411657585354078
1501,110,98.21428571428571,112,1,111,0,0,0.008928571428571428,5.839143526523438,5.886294646654942,58.16292572024244,4.653677437899142,1.922142839732986,2.5286180850252715,9.107142857142858,4.519686177093536,0.5319773919880761,0.999998648983272,0.3820524579439911,1.0,1.3510167280461616e-06,0.010131221509960486,0,1,0,0,0,1.0,0.3392857142857143,0.5537341775927562,0.37549451223348573,0.708016909135385,0.5433940059933813,0.008928571428571428,0.5892857142857143,0.13436152557624126
1502,109,97.32142857142857,112,1,111,0,0,0.008928571428571428,5.776643454489478,5.8332357821929035,57.05353591068721,4.653885767911241,1.9925967626243488,2.570880310396377,9.107142857142858,4.519686177093536,0.5276246465110928,0.9999995208905097,0.342333712936269,1.0,4.791094903033866e-07,0.031427597124251916,0,1,0,0,0,1.0,0.33035714285714285,0.5460165759817891,0.35935471032546,0.7293524819723464,0.5430443421871773,0.008928571428571428,0.5892857142857143,0.13405373314745125
1503,108,96.42857142857143,112,1,111,0,0,0.008928571428571428,5.902151959477552,5.951542947599861,66.88712709232318,4.6591722243419005,1.929344165822508,2.6150443255378315,9.107142857142858,4.519686177093536,0.5364404478593292,0.9769304445487443,0.38946522095188807,1.0,0.023069555451255663,0.08972165055131853,0,1,0,0,0,1.0,0.30357142857142855,0.5743760213431832,0.3351114546828784,0.725601035057472,0.5506038857359429,0.008928571428571428,0.6071428571428571,0.13480074129266892
1504,109,97.32142857142857,112,0,112,0,0,0.0,5.938432279282994,5.988345418245226,69.67304775689972,4.665115797435372,1.8816458114027956,2.57788740025985,9.107142857142858,4.519686177093536,0.5390189043009432,0.0,0.0,0.0,0.0,0.0,0,0,0,0,0,0.0,0.30357142857142855,0.5825082035059814,0.32887858216065624,0.7100723465503136,0.5516737505410275,0.0,0.6071428571428572,0.13511645831746166
1505,109,97.32142857142857,112,0,112,0,0,0.0,6.036578221580961,6.090182787293395,81.23791675384406,4.674472923270903,1.7691015606364608,2.561768473383233,9.107142857142858,4.519686177093536,0.5448770836766388,0.0,0.0,0.0,0.0,0.0,0,0,0,0,0,0.0,0.3125,0.6078410518043604,0.3056955742661584,0.7439243643702815,0.5534557705329989,0.0,0.5357142857142858,0.13581864439043237
1506,110,98.21428571428571,112,0,112,0,0,0.0,5.993515562022523,6.0457921982888045,74.18240185187537,4.681802084131335,1.7968254243953627,2.5831385112882117,9.107142857142858,4.519686177093536,0.5413576796327504,0.0,0.0,0.0,0.0,0.0,0,0,0,0,0,0.0,0.35714285714285715,0.5910057000493512,0.32315264901644475,0.7533027745333929,0.5496038608862026,0.0,0.5357142857142858,0.13576895862779315
1507,111,99.10714285714286,112,0,112,0,0,0.0,5.996251420850298,6.048552955910678,76.70996651481782,4.688899811985957,1.795521616758897,2.57761207415945,9.107142857142858,4.519686177093536,0.5423405551269878,0.0,0.0,0.0,0.0,0.0,0,0,0,0,0,0.0,0.35714285714285715,0.5965726326211952,0.31641422142775694,0.7202643095869484,0.5517712959134721,0.0,0.5714285714285714,0.13594303543429853
1508,112,100.0,112,0,112,0,0,0.0,5.975167173026162,6.026288240263125,72.0388587613391,4.69487170859545,1.837257073239114,2.6077102124685205,9.107142857142858,4.519686177093536,0.5410897380376507,0.0,0.0,0.0,0.0,0.0,0,0,0,0,0,0.0,0.3392857142857143,0.5878407088363364,0.3364119391179963,0.709242337443728,0.5450483132352187,0.0,0.5714285714285714,0.13597256968796265
1509,112,100.0,112,0,112,0,0,0.0,5.90657949123694,5.95366559229014,59.678367110038,4.697947841593876,1.9519366299364442,2.54022312877185,9.107142857142858,4.519686177093536,0.5354628497340974,0.0,0.0,0.0,0.0,0.0,0,0,0,0,0,0.0,0.3392857142857143,0.55784896726296,0.3795324653348407,0.709242337443728,0.542677424200175,0.0,0.5714285714285714,0.13569914705797595
1510,112,100.0,112,0,112,0,0,0.0,5.964966201463269,6.014789213116657,67.26670580168329,4.70309501970753,1.9060080175149918,2.586804544277885,9.107142857142858,4.519686177093536,0.5398151295740399,0.0,0.0,0.0,0.0,0.0,0,0,0,0,0,0.0,0.33035714285714285,0.577520199486918,0.35983237817891434,0.7100723465503136,0.5423747298622601,0.0,0.6071428571428572,0.13610739875796424
1511,112,100.0,112,0,112,0,0,0.0,5.995458931929585,6.0452078080424965,70.3165566493677,4.709109421547575,1.8765227602091952,2.6481460958280048,9.107142857142858,4.519686177093536,0.5448452171302611,0.0,0.0,0.0,0.0,0.0,0,0,0,0,0,0.0,0.3125,0.5915074315915467,0.35830325698402105,0.6940304632011315,0.5458650925570243,0.0,0.5714285714285714,0.1363957784545955
1512,112,100.0,112,0,112,0,0,0.0,5.963725172559537,6.011956423494167,66.51838948593446,4.713649704714122,1.936054904957157,2.651844676971117,9.107142857142858,4.519686177093536,0.5407332398356381,0.0,0.0,0.0,0.0,0.0,0,0,0,0,0,0.0,0.33035714285714285,0.5795166739248645,0.3671870764013356,0.6731462037501617,0.5421162233891799,0.0,0.6071428571428571,0.1363397129330849
1513,112,100.0,112,0,112,0,0,0.0,5.990855080748502,6.037183779520161,64.08059709223878,4.718896939188512,1.9395938188857775,2.5642489303322846,9.107142857142858,4.519686177093536,0.542817812404484,0.0,0.0,0.0,0.0,0.0,0,0,0,0,0,0.0,0.3125,0.5771187917892393,0.38514873764562885,0.7113657993688498,0.541893792049044,0.0,0.6071428571428572,0.13659394173963907
1514,112,100.0,112,0,112,0,0,0.0,6.047421166508316,6.095566408340783,65.89664061294422,4.726017984415387,1.9378484796064483,2.5369633620805296,9.107142857142858,4.519686177093536,0.5473408511200397,0.0,0.0,0.0,0.0,0.0,0,0,0,0,0,0.0,0.32142857142857145,0.5859488897768389,0.3927106477983955,0.6986153358045157,0.5436862527201353,0.0,0.6428571428571429,0.13703769661683
1515,111,99.10714285714286,112,1,111,0,0,0.008928571428571428,6.044991314087608,6.114406644757524,65.57131111774332,4.732682965106617,1.9919184734934572,2.6394386804192345,9.107142857142858,4.519686177093536,0.5446949550458053,0.9999999970455717,0.3952152308397451,1.0,2.9544282575955094e-09,0.026772626052287585,0,1,0,0,0,1.0,0.33035714285714285,0.5811464726404072,0.40266753630525615,0.7148899411876289,0.5363447181937138,0.008928571428571428,0.625,0.1371761654602302
1516,111,99.10714285714286,112,0,112,0,0,0.0,6.052701414147775,6.120541240010245,63.42710067654849,4.740083952437476,1.985166390832522,2.5962420005654985,9.107142857142858,4.519686177093536,0.5449188846814108,0.0,0.0,0.0,0.0,0.0,0,0,0,0,0,0.0,0.30357142857142855,0.5770848873627893,0.4088836290966341,0.7302623973645593,0.5393415746432005,0.0,0.5892857142857143,0.13738196666121164
1517,110,98.21428571428571,112,1,111,0,0,0.008928571428571428,6.02484920834629,6.116360078442555,60.78752264683342,4.746091451051407,2.006120334458935,2.543579055781233,9.107142857142858,4.519686177093536,0.5439983066495189,0.9999999999417923,0.33418245983754724,1.0,5.820766091346741e-11,0.06779560995009781,0,1,0,0,0,1.0,0.32142857142857145,0.5723286056020865,0.421169566946721,0.7173914493152482,0.531877861575322,0.008928571428571428,0.5892857142857143,0.1373784656744257
1518,110,98.21428571428571,112,0,112,0,0,0.0,5.998369254931346,6.089903523292481,61.302961473381956,4.751778633978484,2.022435913465711,2.567524919246454,9.107142857142858,4.519686177093536,0.5422585266036246,0.0,0.0,0.0,0.0,0.0,0,0,0,0,0,0.0,0.32142857142857145,0.5713878031092949,0.4098508275638623,0.7081929600406461,0.5304801010067023,0.0,0.5892857142857143,0.13737458731766153
1519,108,96.42857142857143,112,2,110,0,0,0.017857142857142856,5.959663129147617,6.0225174006123225,54.72887867872852,4.755737882708628,2.1482759400375615,2.65459235506111,9.107142857142858,4.519686177093536,0.5383083153268151,0.9952398920887517,0.39692519925169256,1.0,0.004760107911248201,0.057021804810124976,1,1,0,0,0,1.0,0.30357142857142855,0.5534569319039006,0.4294081073548514,0.6902112726148859,0.5306845245501081,0.017857142857142856,0.5892857142857144,0.1372705294975294
1520,109,97.32142857142857,112,0,112,0,0,0.0,6.024993592130023,6.089033553940968,57.94808117703194,4.760957621289891,2.11412958846281,2.6475926202163587,9.107142857142858,4.519686177093536,0.542102314021635,0.0,0.0,0.0,0.0,0.0,0,0,0,0,0,0.0,0.33035714285714285,0.5641416887454077,0.4286898044929354,0.6770098870704292,0.5320208376038954,0.0,0.5892857142857142,0.13771513971401034
1521,109,97.32142857142857,112,0,112,0,0,0.0,6.04327221129319,6.1090463645981385,62.655819540003094,4.766665057057551,2.0825554871540115,2.675052136444312,9.107142857142858,4.519686177093536,0.5476400704556112,0.0,0.0,0.0,0.0,0.0,0,0,0,0,0,0.0,0.3125,0.5811255909764486,0.41388381838365623,0.7156860757597829,0.5377290176959143,0.0,0.5535714285714286,0.13793551190255487
1522,110,98.21428571428571,112,0,112,0,0,0.0,6.109429468590389,6.17607862336609,68.1976035595932,4.774538252826739,2.0155158414593557,2.6733204141575624,9.107142857142858,4.519686177093536,0.5500188928482022,0.0,0.0,0.0,0.0,0.0,0,0,0,0,0,0.0,0.3125,0.5920472844780676,0.3921373979971666,0.6983134016853186,0.5415790309411286,0.0,0.5535714285714286,0.13844422005947862
1523,110,98.21428571428571,112,0,112,0,0,0.0,6.106595693226977,6.173722890351309,71.1878924169954,4.7819704274635,2.0242339597118386,2.719182769851417,9.107142857142858,4.519686177093536,0.5504941255838232,0.0,0.0,0.0,0.0,0.0,0,0,0,0,0,0.0,0.33035714285714285,0.5976792646977719,0.37994674310950094,0.6906671147892074,0.5419454569199098,0.0,0.5535714285714286,0.13859800666751915
1524,111,99.10714285714286,112,1,111,0,0,0.008928571428571428,6.107095841626442,6.19586354166891,67.91940167049889,4.789065879731736,2.089981542863601,2.746472663306482,9.107142857142858,4.519686177093536,0.5506486317778796,0.999362432824769,0.39565963787294345,1.0,0.0006375671752310019,0.018728335174955646,0,1,0,0,0,1.0,0.33035714285714285,0.5912969234781548,0.3916089174886585,0.6316933920554932,0.5384676613940328,0.008928571428571428,0.5714285714285714,0.13876085349720133
1525,111,99.10714285714286,112,0,112,0,0,0.0,6.201156637396847,6.292853456963647,76.58603054926243,4.80014891342491,1.953677506940498,2.685297531051534,9.107142857142858,4.519686177093536,0.555461481126923,0.0,0.0,0.0,0.0,0.0,0,0,0,0,0,0.0,0.3125,0.6108504188601868,0.3655504496495081,0.6756726365977603,0.54398437748556,0.0,0.5714285714285714,0.13948161664696984
1526,111,99.10714285714286,112,0,112,0,0,0.0,6.244679579263179,6.338356648577966,78.23167496823247,4.812376309945471,1.9646549490872751,2.710231781452118,9.107142857142858,4.519686177093536,0.5559312037320778,0.0,0.0,0.0,0.0,0.0,0,0,0,0,0,0.0,0.3125,0.6121943479257316,0.36034383599805425,0.6379319564525785,0.5450888848863398,0.0,0.5714285714285714,0.1399755513314806
1527,111,99.10714285714286,112,0,112,0,0,0.0,6.348747612715314,6.446195717251498,85.81581366586053,4.827950256499951,1.8910151317557766,2.6864412274866587,9.107142857142858,4.519686177093536,0.5599436064964831,0.0,0.0,0.0,0.0,0.0,0,0,0,0,0,0.0,0.30357142857142855,0.6263808245794634,0.3497383917740409,0.662952402531207,0.551736007813021,0.0,0.5,0.14084783825356667
1528,111,99.10714285714286,112,0,112,0,0,0.0,6.289655538085133,6.383866653606795,74.8080329722389,4.840566647085692,1.9962867307166268,2.639818450173486,9.107142857142858,4.519686177093536,0.5525092995036287,0.0,0.0,0.0,0.0,0.0,0,0,0,0,0,0.0,0.3125,0.5975717772646334,0.3785897808788532,0.6907375868155645,0.549033049782332,0.0,0.5357142857142857,0.1408374885110917
1529,111,99.10714285714286,112,1,111,0,0,0.008928571428571428,6.3335179616956205,6.441181295224319,73.79954661524695,4.854176117276081,1.9993589016752265,2.6727755253464016,9.107142857142858,4.519686177093536,0.5542113755748859,0.9999999999397375,0.37213319067491524,1.0,6.026246168744365e-11,0.01269462486149342,0,1,0,0,0,1.0,0.2767857142857143,0.596735732490235,0.3862225768834027,0.6882196690988289,0.5488600707681135,0.008928571428571428,0.5535714285714286,0.14136435330062946
1530,111,99.10714285714286,112,0,112,0,0,0.0,6.319600492839164,6.427231909420753,73.14882639986931,4.867175160035646,2.0137474854342368,2.646007284174849,9.107142857142858,4.519686177093536,0.5516338544113106,0.0,0.0,0.0,0.0,0.0,0,0,0,0,0,0.0,0.29464285714285715,0.5920807138192687,0.3886777196262173,0.7237189592875026,0.549637698072194,0.0,0.4821428571428572,0.14158852392572646
1531,110,98.21428571428571,112,1,111,0,0,0.008928571428571428,6.42129063919455,6.516992864006894,78.57313478874886,4.883379227354724,2.0116292286288195,2.6997889248034883,9.107142857142858,4.519686177093536,0.5565292628501495,0.999999997513886,0.39641222508363916,1.0,2.486113981348126e-09,0.0690161781754326,1,0,0,0,0,1.0,0.3125,0.606523719352978,0.38050149741458855,0.7211538298640734,0.5510299935139621,0.008928571428571428,0.4821428571428572,0.14246316115287705
1532,110,98.21428571428571,112,0,112,0,0,0.0,6.561740712304539,6.66063904703573,82.95929837184829,4.903497797292889,1.9036390943045072,2.652962536850757,9.107142857142858,4.519686177093536,0.5636574678432842,0.0,0.0,0.0,0.0,0.0,0,0,0,0,0,0.0,0.2857142857142857,0.6216191598476012,0.3808798720830134,0.7112303115993366,0.5518051454771464,0.0,0.5178571428571428,0.14362005963068908
1533,110,98.21428571428571,112,0,112,0,0,0.0,6.607691323337018,6.708382736624544,87.02673986868399,4.924433362957556,1.902212454395696,2.6746181473506,9.107142857142858,4.519686177093536,0.5671686703535745,0.0,0.0,0.0,0.0,0.0,0,0,0,0,0,0.0,0.30357142857142855,0.6329858993261128,0.3796819403783908,0.7186025960863036,0.5499761192839758,0.0,0.5178571428571429,0.1443229236195726
1534,111,99.10714285714286,112,0,112,0,0,0.0,6.674104468588439,6.7767259047681225,95.25199461855945,4.946893824133637,1.813019898183462,2.657103998128495,9.107142857142858,4.519686177093536,0.5688513465840164,0.0,0.0,0.0,0.0,0.0,0,0,0,0,0,0.0,0.3125,0.6449671572777032,0.35666656681957165,0.7245603290621778,0.555742165922691,0.0,0.5178571428571428,0.1451625605253731
1535,111,99.10714285714286,112,0,112,0,0,0.0,6.6545658194034365,6.757478787349852,94.04180674612206,4.967643215506279,1.8037111510717678,2.6267654017978024,9.107142857142858,4.519686177093536,0.5682516538728573,0.0,0.0,0.0,0.0,0.0,0,0,0,0,0,0.0,0.2857142857142857,0.6436182318766965,0.36002912172691,0.7185641368061606,0.5537243655617965,0.0,0.4821428571428572,0.14553377096629827
1536,112,100.0,112,0,112,0,0,0.0,6.723123853454156,6.82939810164323,102.78403405283093,4.9900552213506435,1.7263789256160262,2.5859209765379014,9.107142857142858,4.519686177093536,0.574415387480885,0.0,0.0,0.0,0.0,0.0,0,0,0,0,0,0.0,0.2857142857142857,0.6657626338252601,0.34817056746845065,0.7487750019203281,0.555857154343938,0.0,0.4821428571428572,0.14638303730163044
1537,112,100.0,112,0,112,0,0,0.0,6.730887247419398,6.837543839580032,106.24278515739819,5.011748804298091,1.8097253639215867,2.6432108560220544,9.107142857142858,4.519686177093536,0.574030505164079,0.0,0.0,0.0,0.0,0.0,0,0,0,0,0,0.0,0.2857142857142857,0.6677953943389218,0.3358510601531558,0.7200096374887606,0.5600961140205836,0.0,0.4821428571428572,0.14691209520635268
1538,112,100.0,112,0,112,0,0,0.0,6.689080572753269,6.794500216953035,97.98588547910806,5.030905556046153,1.8900993924334932,2.6367636882091605,9.107142857142858,4.519686177093536,0.5734346797282308,0.0,0.0,0.0,0.0,0.0,0,0,0,0,0,0.0,0.32142857142857145,0.6583042799552322,0.35311598027376084,0.7187827471008421,0.5519795884130756,0.0,0.5178571428571428,0.14713597436339068
1539,112,100.0,112,0,112,0,0,0.0,6.711714658878362,6.815898059022681,97.24933808696359,5.049970174981652,1.8457298509571536,2.593384404394152,9.107142857142858,4.519686177093536,0.5722744962428052,0.0,0.0,0.0,0.0,0.0,0,0,0,0,0,0.0,0.30357142857142855,0.6542254664250785,0.3494774009566398,0.7187827471008421,0.556963593214694,0.0,0.5178571428571428,0.1476799752673878
1540,112,100.0,112,0,112,0,0,0.0,6.731181361640281,6.834690684566447,99.54641045491911,5.068852627129619,1.8062974026109637,2.5741899109954787,9.107142857142858,4.519686177093536,0.5738226228198586,0.0,0.0,0.0,0.0,0.0,0,0,0,0,0,0.0,0.30357142857142855,0.6584961253684182,0.3309585166840185,0.705774366946748,0.5630900653386353,0.0,0.4821428571428572,0.14820402257101137
1541,111,99.10714285714286,112,1,111,0,0,0.008928571428571428,6.677712659876211,6.756815952051939,95.92302306601907,5.0848930437553035,1.897205278536328,2.576300387590173,9.107142857142858,4.519686177093536,0.5734938291893799,0.999999956553163,0.3830762877890981,1.0,4.3446837016958284e-08,0.15407208138602346,0,1,0,0,0,1.0,0.3125,0.6567847834091811,0.3344160956811689,0.7210361442410548,0.5621691757578273,0.008928571428571428,0.4642857142857143,0.14829916730868067
1542,111,99.10714285714286,112,0,112,0,0,0.0,6.613617559204153,6.692764234930454,96.79172440285073,5.0970653877299945,1.9639732025165861,2.6396376129518484,9.107142857142858,4.519686177093536,0.5713069054222222,0.0,0.0,0.0,0.0,0.0,0,0,0,0,0,0.0,0.33035714285714285,0.6552768762174048,0.32215709638324924,0.7105031563449079,0.5597848939844173,0.0,0.5,0.1482537676793466
1543,111,99.10714285714286,112,0,112,0,0,0.0,6.593298907554882,6.6717086300723745,95.1830791273552,5.107926262146813,1.9749961217325855,2.6223163980673045,9.107142857142858,4.519686177093536,0.5691995718247849,0.0,0.0,0.0,0.0,0.0,0,0,0,0,0,0.0,0.32142857142857145,0.6507164621083402,0.32250729924075267,0.7383103056133206,0.5573492717105537,0.0,0.5,0.14839761314096445
1544,111,99.10714285714286,112,0,112,0,0,0.0,6.544098869756474,6.621196802160306,84.15522583922066,5.1164698782407525,2.1368465204759146,2.6658069137302385,9.107142857142858,4.519686177093536,0.5597407936327858,0.0,0.0,0.0,0.0,0.0,0,0,0,0,0,0.0,0.2857142857142857,0.6190668158597245,0.351853409504651,0.7226659858696174,0.547415869528182,0.0,0.4642857142857143,0.14834468526978326
1545,111,99.10714285714286,112,0,112,0,0,0.0,6.600504539810278,6.67932297094382,89.43325372833017,5.126729046031694,2.0628062318455975,2.603572178906972,9.107142857142858,4.519686177093536,0.5618889919939389,0.0,0.0,0.0,0.0,0.0,0,0,0,0,0,0.0,0.2857142857142857,0.6287753419472899,0.33961307658494944,0.7341689267418516,0.5542116953457717,0.0,0.4642857142857143,0.1488585547143183
1546,112,100.0,112,0,112,0,0,0.0,6.57494642974033,6.653167966211509,85.81087715993993,5.135578832327303,2.111843404814347,2.6516067972901567,9.107142857142858,4.519686177093536,0.5602683933209776,0.0,0.0,0.0,0.0,0.0,0,0,0,0,0,0.0,0.30357142857142855,0.6222649090944914,0.34920213301413683,0.7139458606796028,0.5488272927380345,0.0,0.4642857142857143,0.148930755447921
1547,112,100.0,112,0,112,0,0,0.0,6.62584452180363,6.7042265732218755,89.63943907174682,5.1458747870976165,2.048602264233316,2.6124956371494585,9.107142857142858,4.519686177093536,0.5626131448433977,0.0,0.0,0.0,0.0,0.0,0,0,0,0,0,0.0,0.32142857142857145,0.6307507282302762,0.3402721477472431,0.7341689267418516,0.5518570955037237,0.0,0.4642857142857143,0.14941791833051438
1548,112,100.0,112,0,112,0,0,0.0,6.682649320695411,6.762420944629234,93.91948154328723,5.157809559391652,2.003696711364831,2.6247687950242065,9.107142857142858,4.519686177093536,0.5639228759404442,0.0,0.0,0.0,0.0,0.0,0,0,0,0,0,0.0,0.3482142857142857,0.6365800188128861,0.327875287953386,0.7432552551438028,0.5540851961148064,0.0,0.5,0.1499716494517938
1549,112,100.0,112,0,112,0,0,0.0,6.762750341377412,6.845214339741271,104.03839240532263,5.172198518739588,1.8923718785854695,2.623569482781886,9.107142857142858,4.519686177093536,0.5664977454437368,0.0,0.0,0.0,0.0,0.0,0,0,0,0,0,0.0,0.3482142857142857,0.6520198437913193,0.30248282086457084,0.7838178983641648,0.5619044608929423,0.0,0.4285714285714286,0.15069732245854195
1550,112,100.0,112,0,112,0,0,0.0,6.637512188223722,6.717659794026215,99.12741278487252,5.181325090144096,1.991501232186137,2.6999439722178002,9.107142857142858,4.519686177093536,0.5615041948242927,0.0,0.0,0.0,0.0,0.0,0,0,0,0,0,0.0,0.32142857142857145,0.6418870623508476,0.30024681216070676,0.7654671807555442,0.5530458972211388,0.0,0.4285714285714286,0.15027737788587955
1551,112,100.0,112,0,112,0,0,0.0,6.64389374422126,6.7240887518232,99.86821588874362,5.190271624135898,1.9900565622796111,2.695449654837411,9.107142857142858,4.519686177093536,0.5621534337241862,0.0,0.0,0.0,0.0,0.0,0,0,0,0,0,0.0,0.30357142857142855,0.6442665681250085,0.2919054646450654,0.7728708640468368,0.5575111758911216,0.0,0.46428571428571436,0.15051146329594547
1552,112,100.0,112,0,112,0,0,0.0,6.722879696851574,6.804935635816591,108.93141469466765,5.201737023219911,1.8738010256843636,2.6752884681386706,9.107142857142858,4.519686177093536,0.5680826300499808,0.0,0.0,0.0,0.0,0.0,0,0,0,0,0,0.0,0.3125,0.6645629371449757,0.2765406137419507,0.7762287020603998,0.5619192327167413,0.0,0.5,0.15116549308787142
1553,112,100.0,112,0,112,0,0,0.0,6.769123575123534,6.8508360717806465,108.58178957841534,5.21434386677397,1.8897999815799726,2.6507777193169955,9.107142857142858,4.519686177093536,0.5686089152365355,0.0,0.0,0.0,0.0,0.0,0,0,0,0,0,0.0,0.32142857142857145,0.6628277501247074,0.2852304385374731,0.7623114125153909,0.5652167042718163,0.0,0.4642857142857143,0.15168160736197153
1554,112,100.0,112,0,112,0,0,0.0,6.74213831257835,6.822241502321774,104.69261587834356,5.225347012719962,1.909294536840843,2.6408316605736055,9.107142857142858,4.519686177093536,0.5674165294086952,0.0,0.0,0.0,0.0,0.0,0,0,0,0,0,0.0,0.3125,0.6573199900454674,0.2882013104148659,0.7553541008637272,0.565707930390601,0.0,0.46428571428571436,0.15179533488242883
1555,112,100.0,112,0,112,0,0,0.0,6.720537932080655,6.8002085322799415,101.7736844950877,5.235056194118482,1.9702404202170796,2.662272057760846,9.107142857142858,4.519686177093536,0.5634495858601618,0.0,0.0,0.0,0.0,0.0,0,0,0,0,0,0.0,0.2767857142857143,0.6472009441733532,0.29070352166693875,0.7770270366891716,0.5639098619408566,0.0,0.4285714285714286,0.15190674524472927
1556,112,100.0,112,0,112,0,0,0.0,6.722325994289589,6.802304433437335,102.27817996066524,5.24440233351134,2.044898127966612,2.714980357498755,9.107142857142858,4.519686177093536,0.561189663687083,0.0,0.0,0.0,0.0,0.0,0,0,0,0,0,0.0,0.26785714285714285,0.6435099658511901,0.2925226956768765,0.7770270366891716,0.5562975337446961,0.0,0.4285714285714286,0.1521268936408894
1557,111,99.10714285714286,112,1,111,0,0,0.008928571428571428,6.608600450347898,6.6790988242260685,92.19401103119779,5.249145417429245,2.2559724276569697,2.833890651923935,9.107142857142858,4.519686177093536,0.5526804946567025,0.9999999999393498,0.41072911460967454,1.0,6.065015156764275e-11,0.03746346381401455,0,1,0,0,0,1.0,0.2767857142857143,0.6184091955145511,0.3117307705408893,0.7875950845356242,0.5445489994087989,0.008928571428571428,0.4285714285714286,0.1516654521752837
1558,111,99.10714285714286,112,0,112,0,0,0.0,6.594083090425803,6.664943742499129,94.2102641059283,5.252888150414793,2.263243637802744,2.870006090984355,9.107142857142858,4.519686177093536,0.5529614390052979,0.0,0.0,0.0,0.0,0.0,0,0,0,0,0,0.0,0.2767857142857143,0.6217605080009198,0.3032812978431416,0.7779172274477562,0.5466950199330091,0.0,0.4107142857142857,0.15167744526836988
1559,111,99.10714285714286,112,0,112,0,0,0.0,6.6528394146593195,6.723761370349827,93.13034602706924,5.258588421371476,2.2263387847395224,2.8230141665238855,9.107142857142858,4.519686177093536,0.5543054638650853,0.0,0.0,0.0,0.0,0.0,0,0,0,0,0,0.0,0.2857142857142857,0.621872627337903,0.31483609437237986,0.7659103961958569,0.5467075298801172,0.0,0.4285714285714286,0.1521000440687805
1560,111,99.10714285714286,112,0,112,0,0,0.0,6.805220652800609,6.879441124888509,106.87599353699582,5.269660047046808,2.108051768210138,2.813280809660661,9.107142857142858,4.519686177093536,0.558916796634433,0.0,0.0,0.0,0.0,0.0,0,0,0,0,0,0.0,0.26785714285714285,0.6419374148266934,0.2934621396461668,0.7659103961958569,0.5557668595247618,0.0,0.4285714285714286,0.1531121516271007
1561,111,99.10714285714286,112,0,112,0,0,0.0,6.743559059334819,6.815432414358446,92.8184337785977,5.27791687571334,2.211713105782255,2.8173003790200686,9.107142857142858,4.519686177093536,0.554739244254213,0.0,0.0,0.0,0.0,0.0,0,0,0,0,0,0.0,0.26785714285714285,0.617053332243848,0.32787468717597473,0.7789307282443253,0.550994450395483,0.0,0.4107142857142857,0.15299043503172555
1562,112,100.0,112,0,112,0,0,0.0,6.789968878853961,6.863157560114513,98.15197073192388,5.287526143088554,2.18917816818937,2.8409711932307453,9.107142857142858,4.519686177093536,0.5562702353069087,0.0,0.0,0.0,0.0,0.0,0,0,0,0,0,0.0,0.26785714285714285,0.6258407490358248,0.31914821208362776,0.7538934623775426,0.5521351878344883,0.0,0.4285714285714286,0.15343963849395997
1563,111,99.10714285714286,112,1,111,0,0,0.008928571428571428,6.6756117762926825,6.778051980223092,86.3250689215387,5.292437653797788,2.3375793625974373,2.8805671306644736,9.107142857142858,4.519686177093536,0.5506895752340741,0.9484224477603591,0.4005279628710589,1.0,0.05157755223964089,0.00208778532116094,1,0,0,0,0,0.0,0.25,0.6033315083914905,0.3494452989283606,0.7694630366685291,0.541003818934376,0.008928571428571428,0.4107142857142857,0.15297884541645945
1564,111,99.10714285714286,112,0,112,0,0,0.0,6.685877660536712,6.788987619566802,83.07008724300955,5.2987088287327175,2.404150747791783,2.9346858800322004,9.107142857142858,4.519686177093536,0.5497770761356029,0.0,0.0,0.0,0.0,0.0,0,0,0,0,0,0.0,0.26785714285714285,0.5966289608087233,0.3680181484919217,0.7758135753471835,0.5354761104723978,0.0,0.46428571428571436,0.1531718935510173
1565,111,99.10714285714286,112,0,112,0,0,0.0,6.670086394875687,6.7724306686199895,82.75324217125996,5.304097908462339,2.3578101687589554,2.892812218498968,9.107142857142858,4.519686177093536,0.5510964624802916,0.0,0.0,0.0,0.0,0.0,0,0,0,0,0,0.0,0.32142857142857145,0.6007170824540321,0.3659323980569763,0.7652392376050624,0.5368958446981843,0.0,0.4642857142857143,0.15321472196851826
1566,111,99.10714285714286,112,0,112,0,0,0.0,6.76896236527731,6.874614322946513,91.08019165460317,5.312938123100224,2.2569419215175794,2.8708933492310678,9.107142857142858,4.519686177093536,0.5584356867813629,0.0,0.0,0.0,0.0,0.0,0,0,0,0,0,0.0,0.2857142857142857,0.622568586442679,0.36264899395931866,0.7746071692837849,0.5379220561557466,0.0,0.46428571428571436,0.15390887680003335
1567,111,99.10714285714286,112,0,112,0,0,0.0,6.741582663297911,6.84560062852255,83.60917183047466,5.32032972543002,2.2773404218487063,2.865197388644291,9.107142857142858,4.519686177093536,0.5568317389721575,0.0,0.0,0.0,0.0,0.0,0,0,0,0,0,0.0,0.3125,0.6105314031627511,0.3854341413958217,0.7655170576240184,0.5342594990137125,0.0,0.4642857142857143,0.1539390169045191
1568,112,100.0,112,0,112,0,0,0.0,6.677826652626855,6.7795871526194675,79.42956843217362,5.325000368974721,2.3473125666538657,2.8792900177671683,9.107142857142858,4.519686177093536,0.551712688974189,0.0,0.0,0.0,0.0,0.0,0,0,0,0,0,0.0,0.33035714285714285,0.5979587874160769,0.395248255711649,0.7638993617142289,0.5341275081607106,0.0,0.5,0.15372578606649942
1569,112,100.0,112,0,112,0,0,0.0,6.675694592069377,6.776096693798723,78.46108627635444,5.329333707860883,2.298497896481522,2.8173569758843806,9.107142857142858,4.519686177093536,0.5503107774924443,0.0,0.0,0.0,0.0,0.0,0,0,0,0,0,0.0,0.30357142857142855,0.5945802225872147,0.3950837390183957,0.7493394913795139,0.53538794231701,0.0,0.5,0.15381305242303425
1570,112,100.0,112,0,112,0,0,0.0,6.615560651646113,6.713209803636921,71.77544231327201,5.331197361362921,2.3543483831062457,2.8163746922141306,9.107142857142858,4.519686177093536,0.5431366550977244,0.0,0.0,0.0,0.0,0.0,0,0,0,0,0,0.0,0.3125,0.573422203166318,0.40465500783658903,0.7607159628939585,0.5293822658021322,0.0,0.4642857142857143,0.15355449836577822
1571,112,100.0,112,0,112,0,0,0.0,6.540575674347819,6.636773189363891,67.379921468334,5.330213027503609,2.390156528845846,2.8480728064163086,9.107142857142858,4.519686177093536,0.5398901697365794,0.0,0.0,0.0,0.0,0.0,0,0,0,0,0,0.0,0.30357142857142855,0.5622345360457982,0.4141754913461228,0.7389903627985915,0.5271656406042803,0.0,0.5,0.15315732907859883
1572,111,99.10714285714286,112,1,111,0,0,0.008928571428571428,6.5350063722892076,6.620146208550836,64.73757763944268,5.329038959462493,2.4765040694835783,2.9123956717454567,9.107142857142858,4.519686177093536,0.5351306729826046,0.9999999999417923,0.39222171546518175,1.0,5.820766091346741e-11,0.03390922152946185,0,1,0,0,0,1.0,0.30357142857142855,0.5500073426523914,0.4269408492864822,0.7499384703687105,0.522322159934226,0.008928571428571428,0.4642857142857143,0.1531029504728238
1573,110,98.21428571428571,112,1,111,0,0,0.008928571428571428,6.493644429773559,6.614368856161239,66.02162022559992,5.326043258017219,2.501907682762783,2.954860696565737,9.107142857142858,4.519686177093536,0.5372258123192644,0.999999999843872,0.3759964449057674,1.0,1.5612799941777666e-10,0.02297475743901023,0,1,0,0,0,1.0,0.32142857142857145,0.5564591638497501,0.4235308994967208,0.7386050481495103,0.5148221779994391,0.008928571428571428,0.4642857142857143,0.15282844260818101
1574,110,98.21428571428571,112,0,112,0,0,0.0,6.516032096146298,6.636100538953612,66.177363836408,5.325267552104285,2.517785237399484,2.9729268837884164,9.107142857142858,4.519686177093536,0.5384614131075567,0.0,0.0,0.0,0.0,0.0,0,0,0,0,0,0.0,0.29464285714285715,0.5587112892717446,0.4301247130173773,0.7386050481495103,0.5103085735026073,0.0,0.4642857142857143,0.15292285120358384
1575,110,98.21428571428571,112,0,112,0,0,0.0,6.497905780359905,6.616357778862998,68.1826599062508,5.32381305702524,2.532425504093998,3.000778661830805,9.107142857142858,4.519686177093536,0.5368230227474091,0.0,0.0,0.0,0.0,0.0,0,0,0,0,0,0.0,0.30357142857142855,0.5597433784378623,0.41072302303988767,0.7386050481495103,0.5112155315949706,0.0,0.4642857142857143,0.15279935031813482
1576,110,98.21428571428571,112,0,112,0,0,0.0,6.58618444268528,6.70768944792565,71.42461670374882,5.325726624416774,2.4482063214079903,2.9476436925321914,9.107142857142858,4.519686177093536,0.5393227474540134,0.0,0.0,0.0,0.0,0.0,0,0,0,0,0,0.0,0.2767857142857143,0.5674814881347874,0.4077775062332421,0.7189914968720529,0.5115300748726405,0.0,0.4642857142857143,0.15328398725020398
1577,111,99.10714285714286,112,0,112,0,0,0.0,6.6413770082185914,6.764988592132516,77.51338106832254,5.329625497767675,2.3843648283399537,2.9402856286621346,9.107142857142858,4.519686177093536,0.5426512953077722,0.0,0.0,0.0,0.0,0.0,0,0,0,0,0,0.0,0.29464285714285715,0.5821681447959299,0.3860468765156298,0.7375829423189888,0.5150270532061498,0.0,0.4821428571428572,0.15364805849782207
1578,112,100.0,112,0,112,0,0,0.0,6.6060124391600565,6.726442234367708,71.71571271575125,5.331954414755735,2.4359882783456293,2.9213784440646298,9.107142857142858,4.519686177093536,0.5393270033856632,0.0,0.0,0.0,0.0,0.0,0,0,0,0,0,0.0,0.29464285714285715,0.5684186443215432,0.40408254943911426,0.7464611759227417,0.5123772893359143,0.0,0.4821428571428572,0.15352386552212205
1579,112,100.0,112,0,112,0,0,0.0,6.648985805252178,6.769859651803093,73.18650450629647,5.335747936816034,2.506076652832246,2.9416682513911283,9.107142857142858,4.519686177093536,0.5403157889145853,0.0,0.0,0.0,0.0,0.0,0,0,0,0,0,0.0,0.29464285714285715,0.5697032672201253,0.4048751951429434,0.7526074831026839,0.5128329447937139,0.0,0.44642857142857145,0.1538244599986748
1580,111,99.10714285714286,112,1,111,0,0,0.008928571428571428,6.608619779793679,6.721563715131323,69.38566029677861,5.337800390223894,2.505830322484829,2.8985110593848282,9.107142857142858,4.519686177093536,0.5381755318869703,0.999999999696231,0.3532612118660771,1.0,3.037690099461088e-10,0.12541599718156116,1,0,0,0,0,1.0,0.30357142857142855,0.5611161026027272,0.40360277106514814,0.7460869876205392,0.5251387547068397,0.008928571428571428,0.4642857142857143,0.1536690120978655
1581,111,99.10714285714286,112,0,112,0,0,0.0,6.684433161159551,6.800115605295281,75.43884451076319,5.3424236718572296,2.4193767772408945,2.8832599308672826,9.107142857142858,4.519686177093536,0.5419917037838928,0.0,0.0,0.0,0.0,0.0,0,0,0,0,0,0.0,0.3125,0.5746592495551097,0.3911070508284725,0.7456449086099868,0.5307472282311094,0.0,0.48214285714285715,0.15415255791514984
1582,111,99.10714285714286,112,0,112,0,0,0.0,6.724633936829536,6.8411272507795715,75.8512672755113,5.348320873807216,2.4057996055086326,2.868752492278578,9.107142857142858,4.519686177093536,0.5446254565189304,0.0,0.0,0.0,0.0,0.0,0,0,0,0,0,0.0,0.32142857142857145,0.5764518918986774,0.3934515347367337,0.7632431579411306,0.5386886854688707,0.0,0.4642857142857143,0.15448682930418417
1583,111,99.10714285714286,112,0,112,0,0,0.0,6.7368626629615465,6.853453795940426,78.1460919098164,5.354397237662033,2.401803073370139,2.853385615903495,9.107142857142858,4.519686177093536,0.5465579925156507,0.0,0.0,0.0,0.0,0.0,0,0,0,0,0,0.0,0.32142857142857145,0.5820507718180253,0.3893862725512571,0.7555931776928877,0.5405071591918906,0.0,0.4285714285714286,0.15468528922345226
1584,111,99.10714285714286,112,0,112,0,0,0.0,6.751722304876134,6.868319327169191,77.0153981111081,5.360736469227712,2.383048348246784,2.8388688485575497,9.107142857142858,4.519686177093536,0.5455887597251923,0.0,0.0,0.0,0.0,0.0,0,0,0,0,0,0.0,0.3125,0.5789694218817504,0.39101315673865294,0.76530881154104,0.5368637269066371,0.0,0.4285714285714286,0.15490284411942917
1585,111,99.10714285714286,112,1,111,0,0,0.008928571428571428,6.716068690395701,6.815594773611415,76.00520943778498,5.365484447989054,2.4069977294622693,2.857067267825059,9.107142857142858,4.519686177093536,0.5435795102695196,0.9999999999415397,0.3762924500154613,1.0,5.846034767387209e-11,0.19064442067915,0,1,0,0,0,1.0,0.2857142857142857,0.5765009255331609,0.39209276045358543,0.7305782107600557,0.5315243368860603,0.008928571428571428,0.4285714285714286,0.15483187291691086
1586,111,99.10714285714286,112,0,112,0,0,0.0,6.811165565115263,6.913527709959899,82.2519079844556,5.372957194064461,2.3464896124314554,2.8354751396669853,9.107142857142858,4.519686177093536,0.5475865627280294,0.0,0.0,0.0,0.0,0.0,0,0,0,0,0,0.0,0.29464285714285715,0.5908116798586688,0.3852348248274621,0.7445687164931739,0.5348244299800838,0.0,0.4285714285714286,0.15547622962621838
1587,110,98.21428571428571,112,1,111,0,0,0.008928571428571428,6.830375608027857,6.94997743704378,78.86554428465945,5.380774904007366,2.4389774006971514,2.8444968548053664,9.107142857142858,4.519686177093536,0.5490720842845005,0.9999999965844417,0.4020219184363637,1.0,3.4155582806505436e-09,0.0320791540712162,0,1,0,0,0,1.0,0.3125,0.5877760908861618,0.4001667139461307,0.7543538856916392,0.531787527814755,0.008928571428571428,0.4285714285714286,0.15574894781860874
1588,110,98.21428571428571,112,0,112,0,0,0.0,6.893916102662844,7.014200588844512,80.98732381183298,5.3911966480085205,2.3733230562684695,2.7702331142912233,9.107142857142858,4.519686177093536,0.5519323303330268,0.0,0.0,0.0,0.0,0.0,0,0,0,0,0,0.0,0.33035714285714285,0.5930564934819473,0.392021412062004,0.7566526957957211,0.5383469256792263,0.0,0.4285714285714286,0.15630216535329983
1589,110,98.21428571428571,112,0,112,0,0,0.0,6.837151756423018,6.954420920521932,74.88512254775854,5.398985879161934,2.418941574172757,2.749593692850141,9.107142857142858,4.519686177093536,0.5476373607919938,0.0,0.0,0.0,0.0,0.0,0,0,0,0,0,0.0,0.32142857142857145,0.5784993211390435,0.40745056518532435,0.7506743457733283,0.5367601266281161,0.0,0.4285714285714286,0.15619436802397202
1590,111,99.10714285714286,112,0,112,0,0,0.0,6.92636598817232,7.045563032301968,79.5007129279696,5.409718531453712,2.3737547641376033,2.712536990229298,9.107142857142858,4.519686177093536,0.5532553993579172,0.0,0.0,0.0,0.0,0.0,0,0,0,0,0,0.0,0.3392857142857143,0.5935101967925942,0.40516810480194604,0.7616934919133078,0.5377322794048748,0.0,0.4285714285714286,0.15688298028375203
1591,111,99.10714285714286,112,0,112,0,0,0.0,6.951711491821383,7.073321622034879,87.06891889435207,5.420969782457914,2.322051238991725,2.745353233725557,9.107142857142858,4.519686177093536,0.556605720467336,0.0,0.0,0.0,0.0,0.0,0,0,0,0,0,0.0,0.3482142857142857,0.6102981474859833,0.3799105120673534,0.7722971381394037,0.5434516760665683,0.0,0.4285714285714286,0.15726396842019086
1592,112,100.0,112,0,112,0,0,0.0,6.9220818118356675,7.04344820429981,87.4544773106877,5.430632364440131,2.334713278940875,2.8398956194318328,9.107142857142858,4.519686177093536,0.5543739305444815,0.0,0.0,0.0,0.0,0.0,0,0,0,0,0,0.0,0.33035714285714285,0.6082083064689109,0.36988358548561584,0.7671087407267535,0.5390209713517736,0.0,0.4642857142857143,0.15733417921136256
1593,112,100.0,112,0,112,0,0,0.0,6.989548781730083,7.111352865842843,92.10209593577635,5.442313490121237,2.2100658775684323,2.713178029832433,9.107142857142858,4.519686177093536,0.5579625476260461,0.0,0.0,0.0,0.0,0.0,0,0,0,0,0,0.0,0.3482142857142857,0.6193355990369208,0.3588705441089983,0.7506743457733283,0.544913011566498,0.0,0.4285714285714286,0.1579354891722036
1594,112,100.0,112,0,112,0,0,0.0,7.02575166583711,7.1495322507677885,96.69255085219203,5.454847136285969,2.148277582996902,2.7142911101922733,9.107142857142858,4.519686177093536,0.5606555019436954,0.0,0.0,0.0,0.0,0.0,0,0,0,0,0,0.0,0.3482142857142857,0.629295021520737,0.34714414529475973,0.7506743457733283,0.5472223365751966,0.0,0.4285714285714286,0.15839974432933535
1595,112,100.0,112,0,112,0,0,0.0,7.009824202786575,7.132876246042353,96.11132624816796,5.4662120616629215,2.1593885181417733,2.729704830542104,9.107142857142858,4.519686177093536,0.5585354852898163,0.0,0.0,0.0,0.0,0.0,0,0,0,0,0,0.0,0.33035714285714285,0.6252455110036894,0.33694261357897365,0.7344430494262169,0.5500789311495557,0.0,0.4285714285714286,0.1585769364947322
1596,112,100.0,112,0,112,0,0,0.0,7.127546506323603,7.2555480817776425,106.73055719654205,5.481498833680906,2.0703418795822097,2.713549403165853,9.107142857142858,4.519686177093536,0.5664437710693966,0.0,0.0,0.0,0.0,0.0,0,0,0,0,0,0.0,0.32142857142857145,0.6488919039691005,0.31901803978011656,0.7351959458518436,0.5580214907017867,0.0,0.4285714285714286,0.15951100507332766
1597,112,100.0,112,0,112,0,0,0.0,7.1236194259638586,7.250303548315584,103.7946929151876,5.495905062413919,2.094689082873107,2.6721511693246818,9.107142857142858,4.519686177093536,0.5671322351198937,0.0,0.0,0.0,0.0,0.0,0,0,0,0,0,0.0,0.3482142857142857,0.6464433741229438,0.32408337497094847,0.6979833221244399,0.5623411186291385,0.0,0.4285714285714286,0.1598169278358722
1598,112,100.0,112,0,112,0,0,0.0,7.041539181257717,7.1672259996456145,101.7796127689396,5.506656299231443,2.1326969897687267,2.733131416562693,9.107142857142858,4.519686177093536,0.5636868615734223,0.0,0.0,0.0,0.0,0.0,0,0,0,0,0,0.0,0.3392857142857143,0.6412753333434693,0.3201215084071047,0.7490327394665909,0.5581656626528997,0.0,0.4285714285714286,0.15964948769449558
1599,112,100.0,112,0,112,0,0,0.0,6.893999201235255,7.014976377911836,92.10897308546835,5.511416649798116,2.237538120278388,2.744885955264474,9.107142857142858,4.519686177093536,0.557837577505653,0.0,0.0,0.0,0.0,0.0,0,0,0,0,0,0.0,0.35714285714285715,0.621179297079159,0.33323297557962017,0.7008660894167493,0.5534040113700874,0.0,0.4642857142857143,0.15901936424765484
1600,112,100.0,112,0,112,0,0,0.0,6.960276653211989,7.082795674924916,96.84227775001541,5.518414022972246,2.1886462062524745,2.689734273360608,9.107142857142858,4.519686177093536,0.5615624856335386,0.0,0.0,0.0,0.0,0.0,0,0,0,0,0,0.0,0.375,0.6336956172557262,0.3288541323708629,0.7358151523103527,0.5574099398292308,0.0,0.44642857142857145,0.1595088811615939
1601,112,100.0,112,0,112,0,0,0.0,6.9246064276099,7.044287966493952,93.20772548325577,5.523702794778211,2.251210041154436,2.6286293122922433,9.107142857142858,4.519686177093536,0.5577584278184848,0.0,0.0,0.0,0.0,0.0,0,0,0,0,0,0.0,0.375,0.6220512151902785,0.3291985742643346,0.7380951999681307,0.5607862939342431,0.0,0.48214285714285715,0.15945004797770956
1602,112,100.0,112,0,112,0,0,0.0,6.951306992132804,7.0722471353012155,94.3083936301465,5.529763464046174,2.208569880215854,2.6346488259528384,9.107142857142858,4.519686177093536,0.5602033874220482,0.0,0.0,0.0,0.0,0.0,0,0,0,0,0,0.0,0.35714285714285715,0.6275271616593258,0.3309867310303295,0.7375596680088634,0.5606215597945824,0.0,0.4821428571428572,0.15972051241589583
1603,112,100.0,112,0,112,0,0,0.0,6.955627099929885,7.078300183144483,97.41462290441788,5.535769073096324,2.171354783165154,2.6513366117615833,9.107142857142858,4.519686177093536,0.5648613058079803,0.0,0.0,0.0,0.0,0.0,0,0,0,0,0,0.0,0.36607142857142855,0.640383049226932,0.3236953214917536,0.7100539882107638,0.5638312675015437,0.0,0.4642857142857143,0.15987783029592617
1604,111,99.10714285714286,112,1,111,0,0,0.008928571428571428,7.027993729423876,7.132237625204405,104.41016598957667,5.54423264541133,2.115655149429669,2.655037553170188,9.107142857142858,4.519686177093536,0.569329258758617,0.9999111495978952,0.40651950763412426,1.0,8.885040210482309e-05,-0.04797810194645269,0,1,0,0,0,1.0,0.38392857142857145,0.6574010075241412,0.31364238402101957,0.7433130569972635,0.5705936973502984,0.008928571428571428,0.41071428571428575,0.16043092689740096
1605,110,98.21428571428571,112,1,110,0,1,0.008928571428571428,7.0399687677058465,7.16527815422339,108.77014984196917,5.551983732074266,2.149650471999537,2.7097111084311467,9.107142857142858,4.519686177093536,0.5682257027323177,0.9459905193591285,0.3671295446801799,1.0,0.05400948064087152,-0.03587662660180091,1,1,0,0,0,0.5,0.3482142857142857,0.6586771616802286,0.29547401799379935,0.748635220761165,0.5712446965251673,0.008928571428571428,0.4285714285714286,0.16066596448505044
1606,110,98.21428571428571,112,0,112,0,0,0.0,7.027805119836495,7.155328538927928,110.9499395504046,5.559770206700867,2.0631467544231348,2.693072851390533,9.107142857142858,4.519686177093536,0.5694467067518088,0.0,0.0,0.0,0.0,0.0,0,0,0,0,0,0.0,0.375,0.6638914435342415,0.2917679592624491,0.7630635347204096,0.5773911130705651,0.0,0.4285714285714286,0.16078110835439438
1607,110,98.21428571428571,112,0,112,0,0,0.0,7.132650397185505,7.2645458268365575,123.25586245724577,5.5711537800417705,1.9777913891400485,2.6599865538462018,9.107142857142858,4.519686177093536,0.5731972603087621,0.0,0.0,0.0,0.0,0.0,0,0,0,0,0,0.0,0.38392857142857145,0.6810078986480772,0.27777448469288046,0.7441054200555097,0.5800878153856066,0.0,0.4285714285714286,0.1615625856365135
1608,110,98.21428571428571,112,0,112,0,0,0.0,7.212344296785356,7.347391569097959,132.10860279308116,5.585018345640963,1.896515144966305,2.679953880788481,9.107142857142858,4.519686177093536,0.5784272316162171,0.0,0.0,0.0,0.0,0.0,0,0,0,0,0,0.0,0.38392857142857145,0.6977943190361574,0.2711344078505678,0.7724275928022492,0.5847578946899775,0.0,0.4285714285714286,0.16227437256196311
1609,111,99.10714285714286,112,0,112,0,0,0.0,7.240831886216669,7.372942913690194,128.29385150003236,5.599180148856933,1.891142401096626,2.5623636752029855,9.107142857142858,4.519686177093536,0.5770610772696323,0.0,0.0,0.0,0.0,0.0,0,0,0,0,0,0.0,0.375,0.6887166364800681,0.2714350749572965,0.7712233767401819,0.5911954769098543,0.0,0.4285714285714286,0.16273684504030939
1610,111,99.10714285714286,112,1,111,0,0,0.008928571428571428,7.294407493988443,7.399781821894483,126.09831881276818,5.614682758509894,1.9148686927818075,2.6054187499521357,9.107142857142858,4.519686177093536,0.5785702689940808,0.999999999941352,0.3609027021200979,1.0,5.864797536503374e-11,0.143770177744025,0,1,0,0,0,1.0,0.375,0.6879287382199181,0.2856304713841416,0.7783026495609076,0.5894634130455617,0.008928571428571428,0.4464285714285715,0.16335505773195508
1611,111,99.10714285714286,112,0,112,0,0,0.0,7.439343095335981,7.547756694291223,141.68323969164175,5.6338246507798955,1.7626522664812367,2.5384391587961965,9.107142857142858,4.519686177093536,0.5832750456445464,0.0,0.0,0.0,0.0,0.0,0,0,0,0,0,0.0,0.3392857142857143,0.7079192325697553,0.2644062464200379,0.7784171877662431,0.6001833872652009,0.0,0.41071428571428575,0.16451231246817347
1612,111,99.10714285714286,112,0,112,0,0,0.0,7.446218984578932,7.553459539161691,135.84995855891611,5.652307590143983,1.804830328883826,2.558316975756629,9.107142857142858,4.519686177093536,0.581341810901834,0.0,0.0,0.0,0.0,0.0,0,0,0,0,0,0.0,0.33035714285714285,0.6961993326636128,0.2699025972880133,0.7652100384555512,0.5974332624375511,0.0,0.41071428571428575,0.16496437734216784
1613,111,99.10714285714286,112,0,112,0,0,0.0,7.493188166231456,7.603247380181263,140.7520772895217,5.67175536198726,1.8190136627712785,2.567692017320389,9.107142857142858,4.519686177093536,0.5832361104041739,0.0,0.0,0.0,0.0,0.0,0,0,0,0,0,0.0,0.33035714285714285,0.7036953867143344,0.2691038705273285,0.754426115352217,0.5992578524896465,0.0,0.41071428571428575,0.1656387123783071
1614,111,99.10714285714286,112,0,112,0,0,0.0,7.534629251714001,7.645935180491655,145.26038484733243,5.69186763926273,1.812213952614927,2.5692849293757365,9.107142857142858,4.519686177093536,0.5835638832702172,0.0,0.0,0.0,0.0,0.0,0,0,0,0,0,0.0,0.35714285714285715,0.7081512315676987,0.26227580346079093,0.7549735052016253,0.5974575543719869,0.0,0.41071428571428575,0.16630042371367892
1615,112,100.0,112,0,112,0,0,0.0,7.498897730202586,7.608485076972959,141.96974634259695,5.709716803000649,1.8990270278233845,2.6146778564775124,9.107142857142858,4.519686177093536,0.582543956822102,0.0,0.0,0.0,0.0,0.0,0,0,0,0,0,0.0,0.35714285714285715,0.7037822185893078,0.26811358338026847,0.7355809517688152,0.5959302264143883,0.0,0.4464285714285715,0.16652512919921658
1616,111,99.10714285714286,112,1,111,0,0,0.008928571428571428,7.624476435385292,7.767296213244581,156.19092993482838,5.731417596971942,1.814323647766036,2.585405687122317,9.107142857142858,4.519686177093536,0.5873652583877882,0.9119290841297595,0.36686940481075325,1.0,0.08807091587024052,-0.02927366005954779,0,1,0,0,0,0.0,0.35714285714285715,0.7230231181375327,0.2594553255835879,0.7725571282647757,0.5989655548759881,0.008928571428571428,0.4285714285714286,0.16764342661785014
1617,110,98.21428571428571,112,1,111,0,0,0.008928571428571428,7.7887994712833635,7.944438590139428,186.0897171533666,5.7593296590562275,1.5711664935963703,2.5180366808181263,9.107142857142858,4.519686177093536,0.5932267077677391,0.9967593753365727,0.3798554083745814,1.0,0.0032406246634273383,0.10680323912279865,1,0,0,0,0,1.0,0.3482142857142857,0.7543203195985981,0.22415166302842382,0.7667112297265647,0.6049071273991056,0.008928571428571428,0.4642857142857143,0.16909581060322312
1618,108,96.42857142857143,112,2,110,0,0,0.017857142857142856,7.849125261848242,7.969608179286118,197.49525234137934,5.788601179732829,1.623563419453381,2.722591908163269,9.107142857142858,4.519686177093536,0.5944376086673437,0.9999999996697461,0.3855596722225946,1.0,3.302539353100542e-10,0.049220786230215086,1,1,0,0,0,1.0,0.375,0.7635598300747622,0.216355785425689,0.7536868100141924,0.601479261233056,0.017857142857142856,0.44642857142857145,0.17005892999297023
1619,106,94.64285714285714,112,2,109,0,1,0.017857142857142856,7.853847107946527,7.995279567323675,195.792508527441,5.815268375174449,1.7044002497903725,2.790042231558242,9.107142857142858,4.519686177093536,0.5913191941116192,0.9999999941355407,0.36990253599209605,1.0,5.8644592885552056e-09,-0.02401180855420811,0,3,0,0,0,1.0,0.35714285714285715,0.7551556503162669,0.21581187420759293,0.7742684104020615,0.6007595762180818,0.017857142857142856,0.4821428571428572,0.17068517599655836
1620,106,94.64285714285714,112,0,112,0,0,0.0,7.910949698594261,8.055951593026537,214.09433094252358,5.843719478727492,1.6729946227046835,2.826320379146116,9.107142857142858,4.519686177093536,0.5927804295626533,0.0,0.0,0.0,0.0,0.0,0,0,0,0,0,0.0,0.36607142857142855,0.7707415659882867,0.2002391297296381,0.7002437385905882,0.5979880005387118,0.0,0.4821428571428572,0.17161363924705578
1621,107,95.53571428571429,112,0,112,0,0,0.0,7.851768499625902,7.994468777974475,196.94892861079796,5.868661617451459,1.7743156624422836,2.840671684712254,9.107142857142858,4.519686177093536,0.5912212891129833,0.0,0.0,0.0,0.0,0.0,0,0,0,0,0,0.0,0.3392857142857143,0.7545128786129912,0.21263672576896697,0.7493541062513728,0.5978885045786958,0.0,0.4821428571428572,0.17188138645030326
1622,108,96.42857142857143,112,0,112,0,0,0.0,7.968577187777526,8.112934840961534,196.76465381557247,5.896759885197946,1.732360607943152,2.774423030239405,9.107142857142858,4.519686177093536,0.5949242508085215,0.0,0.0,0.0,0.0,0.0,0,0,0,0,0,0.0,0.3482142857142857,0.7576922064767805,0.22575162738981835,0.7622058773225289,0.6010572823678751,0.0,0.4821428571428572,0.17310040665273177
1623,110,98.21428571428571,112,0,112,0,0,0.0,7.994198997755915,8.13977057850659,203.57933656933992,5.924558512317371,1.707232702397495,2.790131419748381,9.107142857142858,4.519686177093536,0.5948644902762421,0.0,0.0,0.0,0.0,0.0,0,0,0,0,0,0.0,0.36607142857142855,0.7628427342144368,0.2137571476330412,0.743884508882865,0.6016578977832177,0.0,0.5178571428571429,0.1738567210562929
1624,112,100.0,112,0,112,0,0,0.0,7.993668234637996,8.14048890946225,212.79638797168403,5.951126701773382,1.6799736964801444,2.749985001853323,9.107142857142858,4.519686177093536,0.5960961486887735,0.0,0.0,0.0,0.0,0.0,0,0,0,0,0,0.0,0.375,0.7740051891581123,0.19795064072604768,0.7737421771789573,0.6061949366782363,0.0,0.4821428571428572,0.17445446663387698
1625,111,99.10714285714286,112,1,111,0,0,0.008928571428571428,7.966047757087177,8.098025407151566,209.41890098318382,5.975425157933011,1.754641306302067,2.8332814449345407,9.107142857142858,4.519686177093536,0.5951056952609994,0.9999999999417923,0.37387966718661036,1.0,5.820766091346741e-11,0.08426096123694338,1,0,0,0,0,1.0,0.35714285714285715,0.7726470673627529,0.19699956793342713,0.7670440966803723,0.603453285933715,0.008928571428571428,0.4642857142857143,0.17486547122826984
1626,110,98.21428571428571,112,1,111,0,0,0.008928571428571428,7.861260206312086,8.023614442000296,191.4458391442184,5.994233258766846,1.9110466134321142,2.9454750925985067,9.107142857142858,4.519686177093536,0.5894632836592424,0.9992639118153337,0.37430400317852885,1.0,0.0007360881846663059,0.028131384677339,0,1,0,0,0,1.0,0.35714285714285715,0.7471702937204646,0.21095235616552907,0.7697092534475861,0.5905749928609441,0.008928571428571428,0.4285714285714286,0.17476656704117471
1627,110,98.21428571428571,112,0,112,0,0,0.0,8.055288735030096,8.22314365398538,210.21218037417506,6.020640956388993,1.77609987621901,2.8681507961142523,9.107142857142858,4.519686177093536,0.5967815548330866,0.0,0.0,0.0,0.0,0.0,0,0,0,0,0,0.0,0.35714285714285715,0.7703767105949877,0.20994047910333297,0.7697092534475861,0.5935364819588468,0.0,0.4285714285714286,0.17633348221432318
1628,110,98.21428571428571,112,0,112,0,0,0.0,8.053665255243493,8.224535147116892,218.21690374290864,6.045905421850202,1.8124298515841062,2.952759092676021,9.107142857142858,4.519686177093536,0.5966400419897202,0.0,0.0,0.0,0.0,0.0,0,0,0,0,0,0.0,0.375,0.7743164647014548,0.1988977084866828,0.7460156494849028,0.5977988418061583,0.0,0.4642857142857143,0.17689630209197357
1629,109,97.32142857142857,112,1,111,0,0,0.008928571428571428,8.04251175407262,8.248391769234052,214.7422897154486,6.0695336199461645,1.9020257044786892,2.9660758674678234,9.107142857142858,4.519686177093536,0.594215307482574,0.9999999999408975,0.4112820970270058,1.0,5.910250067131528e-11,0.16605795541105994,0,1,0,0,0,1.0,0.3392857142857143,0.7683247702622676,0.19113049641645133,0.7642575228161372,0.5886020669349963,0.008928571428571428,0.4642857142857143,0.17737449478773898
1630,110,98.21428571428571,112,0,112,0,0,0.0,8.064154303076537,8.27008912572664,231.2870598568929,6.094235407950441,1.8196694424346946,2.972257143221159,9.107142857142858,4.519686177093536,0.5952416529253011,0.0,0.0,0.0,0.0,0.0,0,0,0,0,0,0.0,0.3482142857142857,0.7811269820749626,0.178599613900363,0.7287967832025742,0.587487098365307,0.0,0.4642857142857143,0.17804092918172065
1631,110,98.21428571428571,112,1,111,0,0,0.008928571428571428,8.101847668745668,8.311109572988316,235.7298892891102,6.119269082511198,1.8005689824270863,3.003378784218406,9.107142857142858,4.519686177093536,0.5965303507869315,0.9907969016569388,0.28503524724576434,1.0,0.009203098343061211,0.09773630709222136,0,1,0,0,0,1.0,0.3482142857142857,0.7838243753660251,0.21157703585101587,0.720512035468027,0.593071005173454,0.008928571428571428,0.4642857142857143,0.17879511777443685
1632,109,97.32142857142857,112,1,111,0,0,0.008928571428571428,8.187071425504863,8.384385617739193,258.5608726145593,6.146519208734223,1.7820882079652622,3.0697217359454507,9.107142857142858,4.519686177093536,0.6044777626963975,0.9999999999415172,0.4112619088846703,1.0,5.848277417896952e-11,0.1887196060716665,1,0,0,0,0,1.0,0.375,0.8140265463812089,0.2038687718288942,0.731139271106421,0.5940846769312053,0.008928571428571428,0.4285714285714286,0.17983704665230416
1633,109,97.32142857142857,112,0,112,0,0,0.0,8.287062219134937,8.489541134667657,289.01784070445245,6.17567632341446,1.6274617027627287,3.04580219542049,9.107142857142858,4.519686177093536,0.6111999085525628,0.0,0.0,0.0,0.0,0.0,0,0,0,0,0,0.0,0.36607142857142855,0.8454307182044565,0.18948772231006256,0.7660580180241985,0.6024761878832122,0.0,0.4642857142857143,0.18099590566137552
1634,110,98.21428571428571,112,0,112,0,0,0.0,8.253307061262948,8.451218707445221,262.3755285077882,6.202129985256133,1.7787994494370334,3.028254855868154,9.107142857142858,4.519686177093536,0.6075573626888182,0.0,0.0,0.0,0.0,0.0,0,0,0,0,0,0.0,0.36607142857142855,0.8185218534049413,0.20283802168519524,0.7451443111215406,0.6084599315603764,0.0,0.4642857142857143,0.18142494112081214
1635,110,98.21428571428571,112,0,112,0,0,0.0,8.20545857731264,8.402273956975995,261.2282751061728,6.225618305303118,1.8221608668806728,3.0331510998641256,9.107142857142858,4.519686177093536,0.6064418814083399,0.0,0.0,0.0,0.0,0.0,0,0,0,0,0,0.0,0.375,0.8161960862812777,0.19942352162512147,0.7326719573912545,0.6103082239212517,0.0,0.4285714285714286,0.18171649787825814
1636,111,99.10714285714286,112,0,112,0,0,0.0,8.22054840936886,8.420010972075447,253.9106997592814,6.248686352931451,1.8089063965923948,3.0420515801690695,9.107142857142858,4.519686177093536,0.607507601890555,0.0,0.0,0.0,0.0,0.0,0,0,0,0,0,0.0,0.35714285714285715,0.8128098744317375,0.21031385737412117,0.733181400161401,0.611077953440227,0.0,0.4285714285714286,0.18231324871853083
1637,112,100.0,112,0,112,0,0,0.0,8.333489884530794,8.53470829542088,263.31516080791795,6.2748589644547925,1.7710047461458296,3.026768151268798,9.107142857142858,4.519686177093536,0.608015427826835,0.0,0.0,0.0,0.0,0.0,0,0,0,0,0,0.0,0.38392857142857145,0.8158574993604716,0.20734189480869816,0.7413982220005789,0.611323043485337,0.0,0.4285714285714286,0.1834694160469429
1638,112,100.0,112,0,112,0,0,0.0,8.341027118954873,8.541000985244489,265.0856429675463,6.300076183938629,1.7806006949051816,3.0099050316416642,9.107142857142858,4.519686177093536,0.6084488572512574,0.0,0.0,0.0,0.0,0.0,0,0,0,0,0,0.0,0.38392857142857145,0.8185217137264472,0.203642962239824,0.7702075811455305,0.6189180454343567,0.0,0.4285714285714286,0.18407697181069244
1639,111,99.10714285714286,112,1,111,0,0,0.008928571428571428,8.456292392965356,8.646168485359885,272.5732581740995,6.328463995184467,1.776746511828675,3.0007790788380513,9.107142857142858,4.519686177093536,0.6127908894241825,0.9999999999280413,0.3378188595874494,1.0,7.195866125186967e-11,0.4959976173115759,1,0,0,0,0,1.0,0.4017857142857143,0.8281609412485935,0.2085825543146244,0.7546512198049343,0.6124515996797888,0.008928571428571428,0.4107142857142857,0.1852948181711736
1640,111,99.10714285714286,112,0,112,0,0,0.0,8.441605430531306,8.62894560941518,268.7025962506062,6.354438292321899,1.8420038845523636,2.9712921567785924,9.107142857142858,4.519686177093536,0.6132191151870776,0.0,0.0,0.0,0.0,0.0,0,0,0,0,0,0.0,0.4017857142857143,0.8279971702596134,0.20574701007533303,0.7827641918444355,0.6152229922590932,0.0,0.4107142857142857,0.18580836171766224
1641,111,99.10714285714286,112,0,112,0,0,0.0,8.381599505661416,8.565557350146982,248.38784616391533,6.376946672428377,1.906572129534447,2.9560582049914967,9.107142857142858,4.519686177093536,0.6079791814417108,0.0,0.0,0.0,0.0,0.0,0,0,0,0,0,0.0,0.39285714285714285,0.8040327546943475,0.2159114565791815,0.7703526387039735,0.613846451689839,0.0,0.4107142857142857,0.1860169861654929
1642,110,98.21428571428571,112,1,111,0,0,0.008928571428571428,8.41919194772596,8.564799130703069,256.32768856983955,6.399806410470026,1.946877785867295,3.0731809244851793,9.107142857142858,4.519686177093536,0.606832122193965,0.9999999999417923,0.4095342779736816,1.0,5.820766091346741e-11,-0.004670861256518499,1,0,0,0,0,1.0,0.3482142857142857,0.8091274609426521,0.20595451244704313,0.7273809076915252,0.6104597921957161,0.008928571428571428,0.4107142857142857,0.1867215425860097
1643,109,97.32142857142857,112,1,110,0,1,0.008928571428571428,8.427933583712472,8.5644897464222,254.36814764912006,6.420605066355078,1.9909074706997902,3.0682983467212597,9.107142857142858,4.519686177093536,0.6059757147993778,0.9446414567877467,0.3891250749799598,1.0,0.05535854321225331,-0.0712291200502968,1,1,0,0,0,0.5,0.3482142857142857,0.8063519475255289,0.20610440440089306,0.7961222345161121,0.6088333600951198,0.008928571428571428,0.4107142857142857,0.1872352677534712
1644,109,97.32142857142857,112,1,111,0,0,0.008928571428571428,8.353913568639799,8.478608220295895,252.23666804587964,6.437358635957013,2.158359612294783,3.250682658325433,9.107142857142858,4.519686177093536,0.6014847773846985,0.9999999999417921,0.37147798441089075,1.0,5.820788295807233e-11,0.01072348229830311,1,0,0,0,0,1.0,0.36607142857142855,0.7990269077636679,0.19909268910843544,0.7741512149824203,0.599320332489292,0.008928571428571428,0.4107142857142857,0.18724377206284207
1645,108,96.42857142857143,112,1,108,0,3,0.008928571428571428,8.244332771043506,8.404371182731621,237.0375258023996,6.44893414624567,2.261509811440209,3.3110000384740963,9.107142857142858,4.519686177093536,0.5984186465800228,0.9914369668424696,0.34291693430355974,1.0,0.00856303315753043,-0.004965808267417604,1,3,0,0,0,1.0,0.35714285714285715,0.7840268191109999,0.2096939080728369,0.7683041349341817,0.5931732621611844,0.008928571428571428,0.4285714285714286,0.18695745644408282
1646,107,95.53571428571429,112,1,111,0,0,0.008928571428571428,8.17315773010862,8.31866251555411,232.05393896243623,6.458736620004328,2.3725833524095994,3.3793360273826667,9.107142857142858,4.519686177093536,0.5954210587771276,0.9999999999148534,0.40011232161308474,1.0,8.514655647218206e-11,-0.007755381663236083,0,1,0,0,0,1.0,0.33035714285714285,0.7783089083204133,0.20584079494113627,0.7474043809504107,0.5939206017467313,0.008928571428571428,0.4285714285714286,0.18682310176515005
1647,108,96.42857142857143,112,0,112,0,0,0.0,8.196155186415346,8.342792747730849,235.33674217800615,6.468476434257318,2.325963542386123,3.3476530801155753,9.107142857142858,4.519686177093536,0.593220576827227,0.0,0.0,0.0,0.0,0.0,0,0,0,0,0,0.0,0.32142857142857145,0.7731703511276751,0.20228236952421108,0.7693829505630969,0.5972311450980116,0.0,0.4285714285714286,0.18715819356591717
1648,109,97.32142857142857,112,0,112,0,0,0.0,8.1377440751119,8.286675320326838,234.92421978283954,6.475746974184383,2.3343983443347267,3.3580017186141444,9.107142857142858,4.519686177093536,0.5939749028612495,0.0,0.0,0.0,0.0,0.0,0,0,0,0,0,0.0,0.3125,0.777707543013128,0.19600096117206328,0.7822316084058231,0.6019215885890853,0.0,0.4285714285714286,0.18703044080344175
1649,110,98.21428571428571,112,0,112,0,0,0.0,8.197206329748902,8.349635759325118,233.19172646357865,6.484965399930121,2.3451993665663524,3.3356267653619796,9.107142857142858,4.519686177093536,0.5949104780323116,0.0,0.0,0.0,0.0,0.0,0,0,0,0,0,0.0,0.35714285714285715,0.7762166814806869,0.2000037566057576,0.7667189762522358,0.5987478481569074,0.0,0.4285714285714286,0.1875360740337146
1650,111,99.10714285714286,112,0,112,0,0,0.0,8.118311821405582,8.267698362605778,218.24829706072333,6.490804531206966,2.4270423490061765,3.3525741290828734,9.107142857142858,4.519686177093536,0.5927165504014427,0.0,0.0,0.0,0.0,0.0,0,0,0,0,0,0.0,0.38392857142857145,0.761767167774073,0.21301192699044189,0.7652184570884589,0.6012879220981374,0.0,0.4285714285714286,0.187273556696589
1651,112,100.0,112,0,112,0,0,0.0,8.141160411500838,8.291359994827781,216.12789533326762,6.497235297291279,2.461138251461187,3.3843561976631933,9.107142857142858,4.519686177093536,0.5889637694974434,0.0,0.0,0.0,0.0,0.0,0,0,0,0,0,0.0,0.375,0.7514840535323132,0.2151262211204633,0.7693829505630969,0.5957575825976015,0.0,0.4285714285714286,0.1875331248699622
1652,112,100.0,112,0,112,0,0,0.0,8.162505229856999,8.310997506781039,202.63265974974578,6.50408545606042,2.564521540480056,3.357439123818763,9.107142857142858,4.519686177093536,0.5866251039633825,0.0,0.0,0.0,0.0,0.0,0,0,0,0,0,0.0,0.35714285714285715,0.7348583895392098,0.2227291865309259,0.7693829505630969,0.5974570457581795,0.0,0.4285714285714286,0.18779465180124194
1653,111,99.10714285714286,112,1,111,0,0,0.008928571428571428,8.103142083807985,8.273390013175925,192.42202753412164,6.50841877537218,2.7790658508455004,3.462544245743475,9.107142857142858,4.519686177093536,0.5845266861203737,0.9999999862507809,0.375998318982207,1.0,1.3749219096581555e-08,0.02722731934223832,1,0,0,0,0,1.0,0.33035714285714285,0.7238252526140073,0.235373732488309,0.7693829505630969,0.5813627635038138,0.008928571428571428,0.4285714285714286,0.18759576228796834
1654,111,99.10714285714286,112,0,112,0,0,0.0,8.158288844359559,8.330141835241264,206.33713837808608,6.515455686882071,2.6860091143882463,3.490785179329401,9.107142857142858,4.519686177093536,0.5871953227047091,0.0,0.0,0.0,0.0,0.0,0,0,0,0,0,0.0,0.36607142857142855,0.7369052313506892,0.22168989220842603,0.74321832419692,0.5909286681029707,0.0,0.4285714285714286,0.18803051924912967
1655,111,99.10714285714286,112,0,112,0,0,0.0,8.0613714301039,8.22831841944613,189.39751145452067,6.518492872996166,2.8031806874672456,3.5267166549464726,9.107142857142858,4.519686177093536,0.5828292449595829,0.0,0.0,0.0,0.0,0.0,0,0,0,0,0,0.0,0.3482142857142857,0.7181459342441477,0.23537139039284707,0.7693829505630969,0.5830425263825586,0.0,0.4285714285714286,0.18761456781833702
1656,111,99.10714285714286,112,0,112,0,0,0.0,8.052477586331545,8.220954393923725,196.74729940817306,6.521126523154398,2.770256991874477,3.4864370378271614,9.107142857142858,4.519686177093536,0.5823194390201925,0.0,0.0,0.0,0.0,0.0,0,0,0,0,0,0.0,0.3482142857142857,0.7243689240446758,0.22358633958206145,0.7715000276352013,0.5837021731130522,0.0,0.4285714285714286,0.18762961496055255
1657,111,99.10714285714286,112,0,112,0,0,0.0,8.050715186865915,8.219717023100943,198.2484637279793,6.5235964003680476,2.750003229980262,3.46578302571954,9.107142857142858,4.519686177093536,0.5843506357228792,0.0,0.0,0.0,0.0,0.0,0,0,0,0,0,0.0,0.35714285714285715,0.7291230674493426,0.21932082913703138,0.7697048657092488,0.5872985868794133,0.0,0.4285714285714286,0.18767661831273263
1658,112,100.0,112,0,112,0,0,0.0,8.155115649142369,8.32761906801248,212.73861310784204,6.529856113929614,2.6417159244801534,3.42504948153042,9.107142857142858,4.519686177093536,0.5861854358432983,0.0,0.0,0.0,0.0,0.0,0,0,0,0,0,0.0,0.3482142857142857,0.7411118280360015,0.21129981117882285,0.7709601612618078,0.5907909370529136,0.0,0.4285714285714286,0.1883400803283988
1659,112,100.0,112,0,112,0,0,0.0,8.126683127697337,8.296356882924327,203.2548555026524,6.534702545956144,2.6614363825408893,3.3686575569180057,9.107142857142858,4.519686177093536,0.5835895557257404,0.0,0.0,0.0,0.0,0.0,0,0,0,0,0,0.0,0.36607142857142855,0.7311722458199865,0.2124561863242211,0.782694330037627,0.5947766059377316,0.0,0.4642857142857143,0.1883074394803663
1660,112,100.0,112,0,112,0,0,0.0,8.18247909640293,8.352901754290738,212.26437030630805,6.541374455052289,2.5875211655494903,3.3293992875024827,9.107142857142858,4.519686177093536,0.5878620849338745,0.0,0.0,0.0,0.0,0.0,0,0,0,0,0,0.0,0.38392857142857145,0.7433058025910996,0.20567075947785654,0.7781137612360135,0.6047442989211886,0.0,0.4285714285714286,0.18873719400047761
1661,112,100.0,112,0,112,0,0,0.0,8.217028157634532,8.389426583531101,220.55095713307253,6.549065460921977,2.5263432369244696,3.2921504486461735,9.107142857142858,4.519686177093536,0.5895884228634958,0.0,0.0,0.0,0.0,0.0,0,0,0,0,0,0.0,0.38392857142857145,0.753103000065666,0.20105220413548686,0.7759432291079567,0.6057868800098181,0.0,0.46428571428571436,0.1890837439712215
1662,111,99.10714285714286,112,1,111,0,0,0.008928571428571428,8.45831071753312,8.618520660659444,253.87568347202304,6.565472637726056,2.4338252505952402,3.2078006524631553,9.107142857142858,4.519686177093536,0.6007209905393209,0.9999990899280169,0.11634974193527134,1.0,9.10071983106775e-07,0.04853343680724694,0,1,0,0,0,1.0,0.39285714285714285,0.7987864855237997,0.18383623234589463,0.7759432291079567,0.6033198671809974,0.008928571428571428,0.46428571428571436,0.19066093322174704
1663,111,99.10714285714286,112,0,112,0,0,0.0,8.457666031201262,8.617939667371607,258.4862816096091,6.580336940775057,2.4547202858246076,3.252949134025942,9.107142857142858,4.519686177093536,0.5986679500699759,0.0,0.0,0.0,0.0,0.0,0,0,0,0,0,0.0,0.38392857142857145,0.7967695389418921,0.17955663024445057,0.7615486415942923,0.6009978360898627,0.0,0.4285714285714286,0.19099361971520126
1664,111,99.10714285714286,112,0,112,0,0,0.0,8.485002624028905,8.643930170957617,255.4988349264218,6.595469175332178,2.4276313719334035,3.241300288824197,9.107142857142858,4.519686177093536,0.5975119783186957,0.0,0.0,0.0,0.0,0.0,0,0,0,0,0,0.0,0.38392857142857145,0.7896213314442286,0.18305401471325014,0.7754830347851936,0.6019889391276033,0.0,0.4285714285714286,0.19147226743612125
1665,111,99.10714285714286,112,0,112,0,0,0.0,8.623948641094877,8.786507876992248,282.46721120970994,6.615072732272748,2.3140951790480804,3.261030695504103,9.107142857142858,4.519686177093536,0.6018854311512447,0.0,0.0,0.0,0.0,0.0,0,0,0,0,0,0.0,0.36607142857142855,0.812431818513031,0.1742966787992004,0.7655267321679494,0.5980046355387107,0.0,0.4642857142857143,0.1926100071480819
1666,111,99.10714285714286,112,0,112,0,0,0.0,8.877524671739739,9.052106618975955,358.57655649504545,6.643393653662432,1.9998305788145456,3.256035929384331,9.107142857142858,4.519686177093536,0.6106580514312772,0.0,0.0,0.0,0.0,0.0,0,0,0,0,0,0.0,0.3482142857142857,0.8664163199938216,0.1471154034606732,0.7903962407224504,0.6064967742574376,0.0,0.46428571428571436,0.1945178956859438
1667,112,100.0,112,0,112,0,0,0.0,8.774176338039238,8.947718194752175,349.43052986827104,6.66666013493874,2.0578503938196455,3.309654336752829,9.107142857142858,4.519686177093536,0.6068409948984328,0.0,0.0,0.0,0.0,0.0,0,0,0,0,0,0.0,0.35714285714285715,0.8556599987620424,0.14851126446160798,0.7865038442215652,0.6027155706553591,0.0,0.4642857142857143,0.19452693998651194
1668,112,100.0,112,0,112,0,0,0.0,8.644828656580914,8.813339321340365,310.59422120843135,6.684016241583684,2.258998399030802,3.336398966381366,9.107142857142858,4.519686177093536,0.6007052205410275,0.0,0.0,0.0,0.0,0.0,0,0,0,0,0,0.0,0.35714285714285715,0.8251075797435821,0.15745330094919407,0.8069613603641717,0.6027379717016909,0.0,0.46428571428571436,0.19427242235567693
1669,112,100.0,112,0,112,0,0,0.0,8.616179630711134,8.782949619958694,309.4597351125736,6.69948909136963,2.2168801739169655,3.363568473001485,9.107142857142858,4.519686177093536,0.5985739502918623,0.0,0.0,0.0,0.0,0.0,0,0,0,0,0,0.0,0.3482142857142857,0.8211477788598811,0.15293524672333642,0.8202984599145625,0.601528460691162,0.0,0.4285714285714286,0.19447883935281693
1670,112,100.0,112,0,112,0,0,0.0,8.644774032867248,8.811939592428415,312.7322731034087,6.715310821525362,2.172838135639989,3.336762090502463,9.107142857142858,4.519686177093536,0.5983652371258392,0.0,0.0,0.0,0.0,0.0,0,0,0,0,0,0.0,0.36607142857142855,0.8222281316684193,0.1524418789406292,0.7920481544269149,0.6022480251044898,0.0,0.4285714285714286,0.19497935763901034
1671,112,100.0,112,0,112,0,0,0.0,8.63492988003501,8.802738134613845,330.7424201988151,6.730084757516721,2.156681794737693,3.4350874755564784,9.107142857142858,4.519686177093536,0.5974468633469916,0.0,0.0,0.0,0.0,0.0,0,0,0,0,0,0.0,0.36607142857142855,0.8331999742720543,0.14230021598747575,0.7942995244067651,0.6018884394194168,0.0,0.3928571428571429,0.19526400464625618
1672,112,100.0,112,0,112,0,0,0.0,8.63194435798203,8.798320556649482,311.8301591682883,6.7440312294367715,2.2507004089095153,3.400590590539821,9.107142857142858,4.519686177093536,0.5945386981705154,0.0,0.0,0.0,0.0,0.0,0,0,0,0,0,0.0,0.3392857142857143,0.8134292556729515,0.15435643460021461,0.8254019031716451,0.6014110348612844,0.0,0.4285714285714286,0.19556424541777268
1673,111,99.10714285714286,112,1,111,0,0,0.008928571428571428,8.502881870730205,8.639569417535197,286.46561495389875,6.752508434930934,2.3948356207120125,3.4861097768475955,9.107142857142858,4.519686177093536,0.5876950575080442,0.9886831253390742,0.4213549655605332,1.0,0.01131687466092579,-0.09141018323960726,0,1,0,0,0,1.0,0.33035714285714285,0.7901966484000241,0.15556112965421973,0.8116323654931142,0.5947856841643331,0.008928571428571428,0.4107142857142857,0.19511050452397527
1674,110,98.21428571428571,112,1,111,0,0,0.008928571428571428,8.463918706052311,8.582893138978855,291.69339498049766,6.758174084313074,2.3598230160136637,3.516352915206233,9.107142857142858,4.519686177093536,0.5854386631536019,0.9999999999417923,0.39883951244078775,1.0,5.820766091346741e-11,0.05685533334691595,0,1,0,0,0,1.0,0.3125,0.7885239143525238,0.1504919903034679,0.8143668561289736,0.5990856826099513,0.008928571428571428,0.4107142857142857,0.1950437234865694
1675,110,98.21428571428571,112,0,112,0,0,0.0,8.432142556953922,8.550321147878341,283.1331192782165,6.761883970814668,2.387667458598347,3.516649386703569,9.107142857142858,4.519686177093536,0.5847749653525118,0.0,0.0,0.0,0.0,0.0,0,0,0,0,0,0.0,0.3392857142857143,0.7824980817708639,0.1575335733871509,0.7760871523898223,0.5977997810562267,0.0,0.4464285714285714,0.19496868035477666
1676,110,98.21428571428571,112,0,112,0,0,0.0,8.480852801080621,8.598523471824658,292.1225034869445,6.767169057106816,2.3264840862087657,3.4934885538761953,9.107142857142858,4.519686177093536,0.5878924554428482,0.0,0.0,0.0,0.0,0.0,0,0,0,0,0,0.0,0.35714285714285715,0.7919102350234695,0.15709275357053915,0.8143668561289736,0.6017771119267705,0.0,0.4107142857142857,0.19533166623270698
1677,110,98.21428571428571,112,0,112,0,0,0.0,8.418302643526308,8.533469986277064,271.9458153591101,6.76986310336916,2.4563693493341323,3.5170684392865073,9.107142857142858,4.519686177093536,0.5855448530235117,0.0,0.0,0.0,0.0,0.0,0,0,0,0,0,0.0,0.35714285714285715,0.7769150487631032,0.16485197961798448,0.8025407533180651,0.5987761509431682,0.0,0.4107142857142857,0.19507979666319727
1678,111,99.10714285714286,112,0,112,0,0,0.0,8.291648725495552,8.404098074686367,242.02648754971509,6.767757623670817,2.663900916504808,3.5722536706463544,9.107142857142858,4.519686177093536,0.580861736353955,0.0,0.0,0.0,0.0,0.0,0,0,0,0,0,0.0,0.3482142857142857,0.7513131232844659,0.18081565393046892,0.8008445107682601,0.5887910224481704,0.0,0.4464285714285714,0.19439894653559972
1679,112,100.0,112,0,112,0,0,0.0,8.279248980304974,8.392006710535998,243.92516253314727,6.765310111676058,2.6000555773183742,3.55189932272263,9.107142857142858,4.519686177093536,0.581102507576144,0.0,0.0,0.0,0.0,0.0,0,0,0,0,0,0.0,0.35714285714285715,0.752887254394316,0.18249665713366506,0.7898303935640567,0.5892813595535744,0.0,0.4464285714285714,0.19428163787899191
1680,112,100.0,112,0,112,0,0,0.0,8.29975227458249,8.411127199696372,243.7339107147524,6.763664568427069,2.6258226242779474,3.588798378499903,9.107142857142858,4.519686177093536,0.5799123988502219,0.0,0.0,0.0,0.0,0.0,0,0,0,0,0,0.0,0.3482142857142857,0.7501682322055342,0.18247136174648843,0.7815297902252524,0.5843828520943681,0.0,0.44642857142857145,0.19434696765499818
1681,111,99.10714285714286,112,1,111,0,0,0.008928571428571428,8.300095785848026,8.38920826919414,244.11662741339634,6.762117805530793,2.6014701467596373,3.620274682839972,9.107142857142858,4.519686177093536,0.5796548488959632,0.99999999988503,0.3866088065009601,1.0,1.1497003349347779e-10,-0.0034665010881398395,0,1,0,0,0,1.0,0.3392857142857143,0.7499734350805103,0.1804855143832415,0.8016425648281366,0.5787843104449173,0.008928571428571428,0.4464285714285714,0.19431373079691816
1682,109,97.32142857142857,112,2,108,0,2,0.017857142857142856,8.242254627038326,8.352970486027957,217.1300417923288,6.757657256193524,2.849766765999664,3.6741442074667754,9.107142857142858,4.519686177093536,0.5760007174335882,0.9953951590375283,0.2294184451204388,1.0,0.004604840962471768,0.16584246295756785,2,2,0,0,0,1.0,0.36607142857142855,0.7257593204383496,0.20000033068287765,0.79857520627738,0.5645582067371723,0.017857142857142856,0.3928571428571429,0.19392372358696014
1683,109,97.32142857142857,112,0,112,0,0,0.0,8.25177966921319,8.362440935780347,219.82259077666922,6.754597224923646,2.839178896741928,3.6818599023030294,9.107142857142858,4.519686177093536,0.5747451977976523,0.0,0.0,0.0,0.0,0.0,0,0,0,0,0,0.0,0.35714285714285715,0.7263704673020122,0.19781293115286536,0.79857520627738,0.5623137784792079,0.0,0.3928571428571429,0.1939021968926748
1684,109,97.32142857142857,112,0,112,0,0,0.0,8.194754287868415,8.303572765572916,206.83792983108754,6.749546972222831,2.893683322755441,3.6716882564553823,9.107142857142858,4.519686177093536,0.5702726721165376,0.0,0.0,0.0,0.0,0.0,0,0,0,0,0,0.0,0.36607142857142855,0.7088535631107158,0.20650736849741763,0.788163959364101,0.5598332926591225,0.0,0.4107142857142857,0.19350294219933736
1685,108,96.42857142857143,112,1,111,0,0,0.008928571428571428,8.160816951833349,8.252620448522672,196.32839735561652,6.743437829667832,3.0138576477014274,3.7051445843700015,9.107142857142858,4.519686177093536,0.5690424614725342,0.999999999941056,0.3799665308681359,1.0,5.894396082339881e-11,0.02907688763380767,0,1,0,0,0,1.0,0.3482142857142857,0.6999679014817154,0.21627228030054632,0.7951125453541391,0.5608382191648887,0.008928571428571428,0.4464285714285715,0.19319519848336345
1686,109,97.32142857142857,112,0,112,0,0,0.0,8.16273034526536,8.255280156160033,192.97405828059166,6.737145807098088,3.0447081479257387,3.7115525544805936,9.107142857142858,4.519686177093536,0.5687659900172772,0.0,0.0,0.0,0.0,0.0,0,0,0,0,0,0.0,0.375,0.696588694380017,0.21821111392741055,0.8000638640241745,0.5630549488056432,0.0,0.4464285714285715,0.19306257561335133
1687,110,98.21428571428571,112,1,111,0,0,0.008928571428571428,8.257484203870323,8.337737544329471,185.82328691584812,6.734582795641116,3.0607144016964116,3.682346592999775,9.107142857142858,4.519686177093536,0.5686980858631914,0.9999473385299256,0.4090626930066167,1.0,5.2661470074433225e-05,-0.008249473679011743,0,1,0,0,0,1.0,0.36607142857142855,0.6877313219891336,0.23109224787299082,0.7906428413166056,0.5624481285542172,0.008928571428571428,0.4285714285714286,0.1934784248691071
1688,109,97.32142857142857,112,1,111,0,0,0.008928571428571428,8.353701670558447,8.43940956966085,188.21828316857832,6.73519753447201,3.1034615097826843,3.6934786179036294,9.107142857142858,4.519686177093536,0.5702925777619028,0.9329490994946619,0.3957621355050811,1.0,0.06705090050533813,0.027415690551203742,0,1,0,0,0,0.0,0.36607142857142855,0.690256318601086,0.23225335881175455,0.7986155457762398,0.5576872585619741,0.008928571428571428,0.4642857142857143,0.1939734043355303
1689,109,97.32142857142857,112,0,112,0,0,0.0,8.343896048262657,8.427691689106167,187.95166621600328,6.735511915563007,3.121789823801298,3.7035244483161307,9.107142857142858,4.519686177093536,0.5690444658446621,0.0,0.0,0.0,0.0,0.0,0,0,0,0,0,0.0,0.36607142857142855,0.6876536951479305,0.22784929611526605,0.8048051600474027,0.55810161461932,0.0,0.4642857142857143,0.19393148074340794
1690,110,98.21428571428571,112,0,112,0,0,0.0,8.303953167938792,8.385084685375178,181.51739537876728,6.7342715253288095,3.091099212661636,3.660038873898081,9.107142857142858,4.519686177093536,0.5648083988350352,0.0,0.0,0.0,0.0,0.0,0,0,0,0,0,0.0,0.3482142857142857,0.675765979788374,0.23201417106822206,0.8010268217842352,0.5536254344793469,0.0,0.4642857142857143,0.1937037354688101
1691,110,98.21428571428571,112,0,112,0,0,0.0,8.218844571851387,8.298477908889993,160.2384219881836,6.729955713236387,3.216082926845882,3.6538283732444556,9.107142857142858,4.519686177093536,0.5613843959642479,0.0,0.0,0.0,0.0,0.0,0,0,0,0,0,0.0,0.33035714285714285,0.6535353577935616,0.2550870616749482,0.7963407291541522,0.5531471323943787,0.0,0.4642857142857143,0.19318066190708777
1692,111,99.10714285714286,112,0,112,0,0,0.0,8.21479859174171,8.296201241162219,162.23125208777446,6.725752643717263,3.1272732975565773,3.59563164766736,9.107142857142858,4.519686177093536,0.5609504735978985,0.0,0.0,0.0,0.0,0.0,0,0,0,0,0,0.0,0.3392857142857143,0.6565160225864026,0.24649312646446547,0.8009575491416936,0.5598584197749241,0.0,0.4642857142857143,0.19306544923050464
1693,111,99.10714285714286,112,1,111,0,0,0.008928571428571428,8.197845670813788,8.263483916308354,148.73427595667647,6.721064055380613,3.2245642401410906,3.5316334528370703,9.107142857142858,4.519686177093536,0.5576918799150483,0.9996768017739958,0.4244904331075843,1.0,0.00032319822600423986,0.12807851958014105,0,1,0,0,0,1.0,0.36607142857142855,0.6392905529162285,0.27000188816641274,0.7857457448596417,0.5610859477485113,0.008928571428571428,0.4642857142857143,0.19287472988638885
1694,110,98.21428571428571,112,1,111,0,0,0.008928571428571428,8.11786000873511,8.198407669662988,135.4566949868596,6.713233333887486,3.3027757024850635,3.6020189312946385,9.107142857142858,4.519686177093536,0.5540382694850765,0.9857995647352368,0.3589993350564601,1.0,0.014200435264763223,0.019702784294490794,0,1,0,0,0,1.0,0.3482142857142857,0.6219727802729652,0.29094080217148965,0.789699489493443,0.5535575207058295,0.008928571428571428,0.4464285714285715,0.1922978395575497
1695,110,98.21428571428571,112,0,112,0,0,0.0,8.097535374348803,8.177171075634417,132.19494027925882,6.705482231485929,3.3589007040823398,3.5674509649494186,9.107142857142858,4.519686177093536,0.5547863436684182,0.0,0.0,0.0,0.0,0.0,0,0,0,0,0,0.0,0.33035714285714285,0.6210925352088417,0.30248720315864497,0.7756639652443652,0.5514470240055059,0.0,0.4821428571428572,0.1920210536337104
1696,109,97.32142857142857,112,1,111,0,0,0.008928571428571428,8.066897715505148,8.149028759230138,133.88621941127997,6.696987130182674,3.3746463036020313,3.5693340324592,9.107142857142858,4.519686177093536,0.5556149493009255,0.9993391417810809,0.3961996460282688,1.0,0.000660858218919147,0.004094382950348585,0,1,0,0,0,1.0,0.30357142857142855,0.6273488933400037,0.3001080518264461,0.7816720056968434,0.5552513479001087,0.008928571428571428,0.4285714285714286,0.19167588937982544
1697,109,97.32142857142857,112,0,112,0,0,0.0,8.041733676331908,8.126730278014417,145.1833488030646,6.6881464925981495,3.2273984814906194,3.5598765165804385,9.107142857142858,4.519686177093536,0.5551330374582861,0.0,0.0,0.0,0.0,0.0,0,0,0,0,0,0.0,0.2857142857142857,0.6363430427619108,0.27250584762601093,0.8039684353694629,0.5600400054981671,0.0,0.4285714285714286,0.1913502846465219
1698,110,98.21428571428571,112,0,112,0,0,0.0,8.054965352016135,8.139233933003364,147.42814518460543,6.680157524861433,3.1753917998934256,3.5370537046173,9.107142857142858,4.519686177093536,0.556695929054382,0.0,0.0,0.0,0.0,0.0,0,0,0,0,0,0.0,0.2857142857142857,0.6418718217449156,0.27020583233751766,0.7891047129663317,0.563262547763351,0.0,0.41071428571428575,0.19123590488969863
1699,111,99.10714285714286,112,0,112,0,0,0.0,8.053531645471095,8.13985235303964,147.3646107693833,6.672551993911122,3.204584467092972,3.5495202838509283,9.107142857142858,4.519686177093536,0.5562983670532828,0.0,0.0,0.0,0.0,0.0,0,0,0,0,0,0.0,0.33035714285714285,0.6419180379371703,0.26256818997268994,0.7686576410374824,0.5645452824021632,0.0,0.4285714285714286,0.19105686329144553
1700,111,99.10714285714286,112,0,112,0,0,0.0,8.091357389949119,8.176384613434838,156.84355692053535,6.666611123910475,3.130843920334707,3.540285623657943,9.107142857142858,4.519686177093536,0.560092116465893,0.0,0.0,0.0,0.0,0.0,0,0,0,0,0,0.0,0.32142857142857145,0.6584077688848297,0.24727351972166767,0.7679855281673093,0.5721846682990129,0.0,0.41071428571428575,0.19111173767372647
1701,112,100.0,112,0,112,0,0,0.0,8.158660954916064,8.24424453477631,161.03689989333117,6.663392406977773,3.028395683291088,3.497099080516534,9.107142857142858,4.519686177093536,0.5640211825793326,0.0,0.0,0.0,0.0,0.0,0,0,0,0,0,0.0,0.33035714285714285,0.666609520134369,0.24317539912040825,0.8002064748577767,0.5736667968664744,0.0,0.4285714285714286,0.19137551754641766
1702,112,100.0,112,0,112,0,0,0.0,8.100603270065339,8.187165883842072,155.1310015355824,6.658255345232281,3.066682228204242,3.5693752956505063,9.107142857142858,4.519686177093536,0.5640734337511668,0.0,0.0,0.0,0.0,0.0,0,0,0,0,0,0.0,0.30357142857142855,0.6645474378136841,0.2415103497195286,0.7923942197925802,0.5758665902909513,0.0,0.4285714285714286,0.19096913958735415
1703,112,100.0,112,0,112,0,0,0.0,8.122328167181015,8.209126276256928,151.0409267710902,6.654144495212737,3.048154450788235,3.539940145059109,9.107142857142858,4.519686177093536,0.5634374693629702,0.0,0.0,0.0,0.0,0.0,0,0,0,0,0,0.0,0.35714285714285715,0.6575211349816598,0.2566856566928397,0.8099546820108473,0.5708242414306004,0.0,0.4285714285714286,0.19098486531288533
1704,111,99.10714285714286,112,1,111,0,0,0.008928571428571428,8.12317256242165,8.189838643955577,150.98337915009105,6.6502897649131105,3.0875230420243724,3.5796562916948167,9.107142857142858,4.519686177093536,0.562932430175616,0.9998956736595203,0.40703125925439887,1.0,0.00010432634047974343,0.05706971834371277,0,1,0,0,0,1.0,0.32142857142857145,0.6559813717122044,0.26225601891294886,0.7966582307554286,0.5614548370569301,0.008928571428571428,0.48214285714285715,0.1909019764328303
1705,111,99.10714285714286,112,0,112,0,0,0.0,8.22496232760815,8.291920375231458,156.03041612633535,6.649532560883618,2.9728143269904654,3.5203912046132584,9.107142857142858,4.519686177093536,0.5655413077505136,0.0,0.0,0.0,0.0,0.0,0,0,0,0,0,0.0,0.2857142857142857,0.6613773740708432,0.2595130427079772,0.7712573273115592,0.5663957162898697,0.0,0.48214285714285715,0.1913938136358361
1706,111,99.10714285714286,112,0,112,0,0,0.0,8.28028440269907,8.347369052951993,156.5780449639607,6.650814465077832,2.9405400603374594,3.4792038255949085,9.107142857142858,4.519686177093536,0.5697124924876991,0.0,0.0,0.0,0.0,0.0,0,0,0,0,0,0.0,0.29464285714285715,0.6677561700289724,0.2678362081445618,0.7884560027918452,0.5674814334590262,0.0,0.48214285714285715,0.19169939303462546
1707,111,99.10714285714286,112,0,112,0,0,0.0,8.353113794142654,8.422448838979703,167.09571870352832,6.654753127794084,2.8739754235711326,3.496616591707298,9.107142857142858,4.519686177093536,0.5714458565078733,0.0,0.0,0.0,0.0,0.0,0,0,0,0,0,0.0,0.32142857142857145,0.6765522032280067,0.2575024771794388,0.8013749519276692,0.5689493038462722,0.0,0.48214285714285715,0.19215254758901776
1708,110,98.21428571428571,112,1,111,0,0,0.008928571428571428,8.487964471226174,8.593271898857337,178.76845387624294,6.663441242761059,2.7850461153996853,3.460709122216951,9.107142857142858,4.519686177093536,0.5746893064313003,0.9999999285627175,0.38115621186957405,1.0,7.14372825338927e-08,0.01944098271980277,1,0,0,0,0,1.0,0.3125,0.6856824113684586,0.2621071611324047,0.7812952961524658,0.5574703521285621,0.008928571428571428,0.5,0.19302313874004154
1709,111,99.10714285714286,112,0,112,0,0,0.0,8.45541995539514,8.55847718360826,179.94131723634055,6.671727658183036,2.7698067273814404,3.4395493540616937,9.107142857142858,4.519686177093536,0.5743764034234315,0.0,0.0,0.0,0.0,0.0,0,0,0,0,0,0.0,0.3482142857142857,0.6861254417037819,0.25704665390173587,0.7414974040612127,0.5609234173972611,0.0,0.5,0.19304767614708818
1710,110,98.21428571428571,112,1,111,0,0,0.008928571428571428,8.381413782024365,8.461218282492753,163.26302943711102,6.676834512648907,2.923242552405142,3.434535478062792,9.107142857142858,4.519686177093536,0.568829012343514,0.99999997499635,0.41155002233536686,1.0,2.5003650039323588e-08,-0.0027052560711409157,0,1,0,0,0,1.0,0.3392857142857143,0.6658729370641198,0.2678153026223798,0.7455007330926682,0.5537311145281459,0.008928571428571428,0.4642857142857143,0.19279305217792345
1711,109,97.32142857142857,112,1,111,0,0,0.008928571428571428,8.319235211260555,8.40192760987463,155.4247125640286,6.6786528654670025,2.974460699439431,3.499851794293633,9.107142857142858,4.519686177093536,0.5660021440094765,0.9999996821797315,0.3800861424965449,1.0,3.178202685472087e-07,0.03672959693951405,0,1,0,0,0,1.0,0.3392857142857143,0.6559874213355747,0.2717275062041533,0.7480607616689815,0.5578869557999931,0.008928571428571428,0.41071428571428575,0.19252325124458952
1712,109,97.32142857142857,112,0,112,0,0,0.0,8.450243855474836,8.5317993485064,161.24672680904547,6.685287159739869,2.915627858644927,3.384987328136949,9.107142857142858,4.519686177093536,0.5709305072223401,0.0,0.0,0.0,0.0,0.0,0,0,0,0,0,0.0,0.3392857142857143,0.6661150993569162,0.27930598981532273,0.7771197446692188,0.5652753839596715,0.0,0.4107142857142857,0.19332821910626016
1713,110,98.21428571428571,112,0,112,0,0,0.0,8.51652938992977,8.600513937093474,178.53046833044178,6.694106151741152,2.8057123431733033,3.3958692074377232,9.107142857142858,4.519686177093536,0.5708935442527954,0.0,0.0,0.0,0.0,0.0,0,0,0,0,0,0.0,0.3125,0.679711168278265,0.25415443779197416,0.7759639043542346,0.565941464009713,0.0,0.4464285714285714,0.1938589421597553
1714,110,98.21428571428571,112,0,112,0,0,0.0,8.569784018583466,8.655228514241436,179.66461425654907,6.7045048947241614,2.8235657107909256,3.377471499462559,9.107142857142858,4.519686177093536,0.5721088486383445,0.0,0.0,0.0,0.0,0.0,0,0,0,0,0,0.0,0.33035714285714285,0.6799136920445241,0.25588315480156326,0.777442639031255,0.5704170030521861,0.0,0.4464285714285715,0.19436021057762107
1715,111,99.10714285714286,112,0,112,0,0,0.0,8.673508341339337,8.759249768508678,193.69534404541884,6.718194794558261,2.695149211690994,3.356769283644415,9.107142857142858,4.519686177093536,0.5743683272315017,0.0,0.0,0.0,0.0,0.0,0,0,0,0,0,0.0,0.3125,0.6929929813144842,0.24726095557627245,0.7801251110906906,0.5737889994987525,0.0,0.4464285714285714,0.1951882024466303
1716,111,99.10714285714286,112,1,111,0,0,0.008928571428571428,8.76670837458315,8.86739963751145,206.45103946976815,6.7346426689181005,2.6438102436612234,3.2130784090509517,9.107142857142858,4.519686177093536,0.579509231099598,0.9999999277411644,0.3919660709188355,1.0,7.225883558170665e-08,0.013523450776730783,0,1,0,0,0,1.0,0.30357142857142855,0.7110549534068172,0.24234580756999557,0.7685297276773159,0.5797786551558166,0.008928571428571428,0.5178571428571429,0.19602589876478305
1717,111,99.10714285714286,112,0,112,0,0,0.0,8.8085487654902,8.909153713254566,203.0125321117739,6.752390586233553,2.6845785704741756,3.195764534856358,9.107142857142858,4.519686177093536,0.5806124300658779,0.0,0.0,0.0,0.0,0.0,0,0,0,0,0,0.0,0.32142857142857145,0.7079838744388619,0.24928620483156072,0.7469191268191571,0.5802530893153124,0.0,0.5178571428571429,0.19663617580213255
1718,111,99.10714285714286,112,0,112,0,0,0.0,8.89587083328005,9.000547185357256,211.00716901674863,6.772640911883688,2.602270774941638,3.2241606446032685,9.107142857142858,4.519686177093536,0.5812752145396942,0.0,0.0,0.0,0.0,0.0,0,0,0,0,0,0.0,0.3392857142857143,0.7118574582123794,0.24805315227150174,0.730322410617842,0.578752470504223,0.0,0.5178571428571429,0.19753041172569458
1719,110,98.21428571428571,112,1,111,0,0,0.008928571428571428,8.94990213724357,9.041073813235261,225.49422439257566,6.793982461514845,2.5711619283753744,3.21521917718577,9.107142857142858,4.519686177093536,0.5856295359766248,0.9999999760542402,0.4051346125697911,1.0,2.3945759819454793e-08,0.018796045195696998,1,0,0,0,0,1.0,0.33035714285714285,0.7306231264687811,0.2407032675829065,0.706526144938134,0.5763037298197524,0.008928571428571428,0.5357142857142858,0.19828285377984067
1720,109,97.32142857142857,112,1,111,0,0,0.008928571428571428,9.029147891020576,9.116222249861526,255.2593922641235,6.8167526506209235,2.4465207275821785,3.2566319929903895,9.107142857142858,4.519686177093536,0.5914411445649501,0.9987080611943464,0.4111127056287196,1.0,0.0012919388056535919,0.11269259387523167,0,1,0,0,0,1.0,0.3125,0.760941238828924,0.22352888329431617,0.7451669959195835,0.5875714873922254,0.008928571428571428,0.5,0.19919365309348844
1721,109,97.32142857142857,112,1,111,0,0,0.008928571428571428,9.007565370783723,9.081188913585326,252.77796040203782,6.837496222296666,2.488050212435915,3.360459536462301,9.107142857142858,4.519686177093536,0.5896936496520238,0.9999979096817344,0.41595073990932285,1.0,2.090318265590696e-06,-0.018244989285525648,1,0,0,0,0,1.0,0.30357142857142855,0.756493525060698,0.22048165386672627,0.7632734892478279,0.5865750466272609,0.008928571428571428,0.5178571428571429,0.19955451266313617
1722,108,96.42857142857143,112,1,111,0,0,0.008928571428571428,9.04322188293659,9.096104258252733,257.9018818098756,6.858102552737516,2.440931939364652,3.307472824015458,9.107142857142858,4.519686177093536,0.5899799147496398,0.9999959416674817,0.3795051942651031,1.0,4.058332518264152e-06,0.030674067682794792,0,1,0,0,0,1.0,0.32142857142857145,0.7592882403878265,0.21693992606827694,0.7372766239213435,0.5868776112514408,0.008928571428571428,0.5357142857142858,0.20019846595817117
1723,106,94.64285714285714,112,3,108,0,1,0.026785714285714284,9.032439947669184,9.08602222638543,247.6914136659414,6.876579825740246,2.5311059217533276,3.3135123187136553,9.107142857142858,4.519686177093536,0.588792598777022,0.9940892354437393,0.3858706363187574,1.0,0.005910764556260717,0.03779918929639814,1,3,0,0,0,1.0,0.33035714285714285,0.7522583751606271,0.21757786509240176,0.7155368778494281,0.5930974560234986,0.026785714285714284,0.5535714285714286,0.20056211365873827
1724,105,93.75,112,2,110,0,0,0.017857142857142856,9.11682934920213,9.155465131370088,262.0904385604713,6.897444865076837,2.4352006032255957,3.3126072968139746,9.107142857142858,4.519686177093536,0.5954649748418708,0.9999999987049717,0.37636435363236154,1.0,1.295028306813606e-09,0.0717090404872599,1,1,0,0,0,1.0,0.3482142857142857,0.7729418176214634,0.21149688251749998,0.7268859437760608,0.5900432143921078,0.017857142857142856,0.5535714285714286,0.2014555778157735
1725,106,94.64285714285714,112,0,112,0,0,0.0,9.169325814335776,9.20868948057607,265.84155980264063,6.918665095373362,2.451117204135528,3.3340832674507017,9.107142857142858,4.519686177093536,0.5951225760632926,0.0,0.0,0.0,0.0,0.0,0,0,0,0,0,0.0,0.32142857142857145,0.7730014108427082,0.21505380188735232,0.7162811478937003,0.5856690893065036,0.0,0.5178571428571429,0.20219760404917148
1726,106,94.64285714285714,112,0,112,0,0,0.0,9.300016261625782,9.339027660839518,285.0378185874822,6.943638939227902,2.424112804900927,3.295581934566147,9.107142857142858,4.519686177093536,0.5994925063474958,0.0,0.0,0.0,0.0,0.0,0,0,0,0,0,0.0,0.32142857142857145,0.7901985184464247,0.20477400676498292,0.6996223110180464,0.591076438272952,0.0,0.5178571428571429,0.20341542596991277
1727,107,95.53571428571429,112,0,112,0,0,0.0,9.207082326793637,9.245915140056482,275.6911519502092,6.964117328729079,2.5520087550360766,3.337240737348582,9.107142857142858,4.519686177093536,0.5960263555282561,0.0,0.0,0.0,0.0,0.0,0,0,0,0,0,0.0,0.32142857142857145,0.7817522862969805,0.1993813678031548,0.7274846300392024,0.5890165538623979,0.0,0.5178571428571429,0.20341353576554008
1728,110,98.21428571428571,112,0,112,0,0,0.0,9.115582491628459,9.153814037162483,249.8254679424333,6.980340014637519,2.7292165527241585,3.3450112812702435,9.107142857142858,4.519686177093536,0.5909779331409939,0.0,0.0,0.0,0.0,0.0,0,0,0,0,0,0.0,0.29464285714285715,0.7566136056309577,0.21264925965975348,0.7088515567407792,0.5813851104437758,0.0,0.5178571428571429,0.20332264383599272
1729,112,100.0,112,0,112,0,0,0.0,9.146152551557917,9.18500558666407,260.694652146317,6.996957294174399,2.659235256622845,3.382489744921826,9.107142857142858,4.519686177093536,0.5912456535774224,0.0,0.0,0.0,0.0,0.0,0,0,0,0,0,0.0,0.2857142857142857,0.763755255289651,0.20465847203923657,0.7237823958595286,0.5825720261301358,0.0,0.5178571428571429,0.2038510185787587
1730,111,99.10714285714286,112,1,110,0,1,0.008928571428571428,9.096486495215316,9.17736599950543,255.6529809172899,7.011030693263291,2.684165269179413,3.3969182758518506,9.107142857142858,4.519686177093536,0.5902712437675843,0.9950541284291252,0.3807534855951956,1.0,0.004945871570874838,0.07148751889178229,1,1,0,0,0,1.0,0.32142857142857145,0.7591275370197789,0.2001666999963537,0.6937809891075636,0.5904281350443198,0.008928571428571428,0.5,0.20392072503367964
1731,111,99.10714285714286,112,0,112,0,0,0.0,9.17970347913546,9.261383820490902,271.10339112644357,7.02902249562193,2.4971588856731066,3.3241842438600626,9.107142857142858,4.519686177093536,0.5941932233866163,0.0,0.0,0.0,0.0,0.0,0,0,0,0,0,0.0,0.3482142857142857,0.7757185457552306,0.19291005404691358,0.6937809891075636,0.5947198453024801,0.0,0.5,0.20474339645538703
1732,110,98.21428571428571,112,1,111,0,0,0.008928571428571428,9.267483350225154,9.335452453531415,260.0762881855073,7.049367940020841,2.674497764896006,3.3106642623644302,9.107142857142858,4.519686177093536,0.5932541194912722,0.9941006491759257,0.41175785418898997,1.0,0.005899350824074334,0.012624242460796964,0,1,0,0,0,1.0,0.3125,0.7627265638890967,0.20564718738396576,0.6688640685954991,0.583705049707455,0.008928571428571428,0.5357142857142858,0.20564207092991843
1733,110,98.21428571428571,112,1,111,0,0,0.008928571428571428,9.165681240919968,9.225130176802532,248.55782940625593,7.064467305805681,2.6878077731908876,3.405317754777914,9.107142857142858,4.519686177093536,0.592132576894248,0.9999582268510085,0.41818465808677224,1.0,4.177314899145301e-05,0.23199718701114413,0,1,0,0,0,1.0,0.3125,0.7561876104745967,0.21226311836723374,0.6460399471569924,0.5808764252845052,0.008928571428571428,0.5357142857142858,0.2054742823574956
1734,110,98.21428571428571,112,0,112,0,0,0.0,9.318011903881837,9.38081121811198,284.53991474271754,7.084362135839288,2.4944006380857915,3.375240726176572,9.107142857142858,4.519686177093536,0.5979266855668344,0.0,0.0,0.0,0.0,0.0,0,0,0,0,0,0.0,0.30357142857142855,0.787232208170164,0.18973625790497622,0.6447887189956981,0.5897494916363614,0.0,0.5,0.20668552761379755
1735,111,99.10714285714286,112,0,112,0,0,0.0,9.395391480625829,9.4585441033824,296.1962683760751,7.106168407966407,2.492754009734021,3.313963858752476,9.107142857142858,4.519686177093536,0.6009614483682901,0.0,0.0,0.0,0.0,0.0,0,0,0,0,0,0.0,0.3125,0.7988769383676593,0.1845112767453472,0.6566071974457757,0.5923168275064601,0.0,0.4642857142857143,0.2075652130310519
1736,110,98.21428571428571,112,1,111,0,0,0.008928571428571428,9.42423643104544,9.456930626440755,292.67350007322295,7.128083243486151,2.5420822445971365,3.3191910934322246,9.107142857142858,4.519686177093536,0.6013721024533345,0.9999999999417324,0.42318197232254107,1.0,5.826761295679717e-11,-0.06044505541101142,0,1,0,0,0,1.0,0.29464285714285715,0.7972599838890871,0.1960182362930368,0.6474481455079633,0.5757221522654739,0.008928571428571428,0.4821428571428572,0.2082046786790093
1737,109,97.32142857142857,112,1,111,0,0,0.008928571428571428,9.408215325019682,9.42545575048615,288.61447301942667,7.147212698459319,2.6681436070138758,3.360906688883158,9.107142857142858,4.519686177093536,0.5999676434719678,0.9617123286273075,0.40681060278761133,1.0,0.03828767137269251,-0.05342123333114035,0,1,0,0,0,1.0,0.2857142857142857,0.7933109736631824,0.1933844860631274,0.6356059055734513,0.5705727699538412,0.008928571428571428,0.5357142857142858,0.2085568688149683
1738,110,98.21428571428571,112,0,112,0,0,0.0,9.342447841172785,9.359815178426208,261.7268827677645,7.162608532336244,2.791930775400257,3.4214312132498077,9.107142857142858,4.519686177093536,0.5938628326240256,0.0,0.0,0.0,0.0,0.0,0,0,0,0,0,0.0,0.29464285714285715,0.7648671305002891,0.21046295057284173,0.6399483383773565,0.5653885855290419,0.0,0.5,0.20857595308352564
1739,109,97.32142857142857,112,1,111,0,0,0.008928571428571428,9.252174989412968,9.270220935074473,250.83700804526927,7.1740652487605345,2.933314126788978,3.479659467006949,9.107142857142858,4.519686177093536,0.591428262084599,0.999999999941789,0.3998699239975071,1.0,5.821099158254128e-11,-0.014468077749872243,0,1,0,0,0,1.0,0.33035714285714285,0.7555867020475906,0.21225860719367015,0.6571219816493694,0.5619135240641195,0.008928571428571428,0.44642857142857145,0.2083834926390153
1740,108,96.42857142857143,112,1,111,0,0,0.008928571428571428,9.483514134475168,9.505278788172385,286.7810577218357,7.193442066173069,2.628982389086481,3.355837599345235,9.107142857142858,4.519686177093536,0.599799960778509,0.9777755842880098,0.38518347215130594,1.0,0.022224415711990186,-0.03509485737927509,1,0,0,0,0,1.0,0.30357142857142855,0.786606191685264,0.20324476364178515,0.6432817460566822,0.5698734291036133,0.008928571428571428,0.5,0.20997807403340377
1741,108,96.42857142857143,112,1,111,0,0,0.008928571428571428,9.4581347426429,9.490806837643301,276.83781279123014,7.211038934013131,2.733664711693715,3.422964049613038,9.107142857142858,4.519686177093536,0.5990022010855636,0.9787355255809282,0.3636506254419526,1.0,0.021264474419071755,0.01061051189154849,0,1,0,0,0,1.0,0.2857142857142857,0.7783440901940809,0.2091229574426161,0.6524017942876675,0.5749515643664221,0.008928571428571428,0.5178571428571429,0.21024883867592678
1742,109,97.32142857142857,112,0,112,0,0,0.0,9.47532769414286,9.50779753940791,266.513532401691,7.228900692995434,2.755498566774076,3.308954683724817,9.107142857142858,4.519686177093536,0.5991168270749045,0.0,0.0,0.0,0.0,0.0,0,0,0,0,0,0.0,0.30357142857142855,0.7700892005375064,0.21709553756142935,0.6454269486875507,0.5801960690459019,0.0,0.5178571428571429,0.21073845115928103
1743,109,97.32142857142857,112,0,112,0,0,0.0,9.487099319315442,9.520170193603919,274.84493845189957,7.246402520639177,2.7036470893929834,3.2732570792881197,9.107142857142858,4.519686177093536,0.6002794930626929,0.0,0.0,0.0,0.0,0.0,0,0,0,0,0,0.0,0.30357142857142855,0.7776919307465242,0.20709207637613744,0.6736463215223352,0.5856874167117356,0.0,0.5535714285714286,0.21119282312752047
1744,110,98.21428571428571,112,0,112,0,0,0.0,9.514211084939948,9.548105188877718,284.2149220269034,7.264123379894136,2.638697875572766,3.261389465642442,9.107142857142858,4.519686177093536,0.6022794624472725,0.0,0.0,0.0,0.0,0.0,0,0,0,0,0,0.0,0.3125,0.7891415037985045,0.2050912450396227,0.6868165955143175,0.5810918210048023,0.0,0.5535714285714286,0.21172884556874727
1745,111,99.10714285714286,112,0,112,0,0,0.0,9.613653474547885,9.648939931375955,309.0408177823598,7.284689243057607,2.5628003110249264,3.256422585685937,9.107142857142858,4.519686177093536,0.6082441765384146,0.0,0.0,0.0,0.0,0.0,0,0,0,0,0,0.0,0.33035714285714285,0.8141277846411964,0.19638814544038152,0.6923632142911087,0.5840566822403677,0.0,0.5178571428571429,0.21269081375408663
1746,112,100.0,112,0,112,0,0,0.0,9.375393093786249,9.40961394390677,271.22390022178166,7.2956721668874085,2.76847561635939,3.3969717240868036,9.107142857142858,4.519686177093536,0.6002814811738615,0.0,0.0,0.0,0.0,0.0,0,0,0,0,0,0.0,0.3392857142857143,0.7809556342547997,0.2072608632294515,0.6736463215223352,0.5797774825158637,0.0,0.5535714285714286,0.21174770869536658
1747,112,100.0,112,0,112,0,0,0.0,9.480207513877621,9.5132387738118,283.8201235148457,7.309905510717638,2.5972671255972104,3.3521380109065517,9.107142857142858,4.519686177093536,0.6036003232730944,0.0,0.0,0.0,0.0,0.0,0,0,0,0,0,0.0,0.32142857142857145,0.7915442621679715,0.20862728198123268,0.6785844898335505,0.5808236178831214,0.0,0.5178571428571429,0.21259343203263997
1748,110,98.21428571428571,112,2,110,0,0,0.017857142857142856,9.460906304887121,9.487919147604961,285.79530328694534,7.322735454620132,2.6909141195603077,3.3690021355862245,9.107142857142858,4.519686177093536,0.6002937528167596,0.9950145977213047,0.3750256190399672,1.0,0.004985402278695206,0.10911573575273648,0,2,0,0,0,1.0,0.32142857142857145,0.7875693645357895,0.1969874114538463,0.6845771597204611,0.5918104197033509,0.017857142857142856,0.5,0.21278686258823243
1749,110,98.21428571428571,112,0,112,0,0,0.0,9.580106201782053,9.607609570700806,308.2343290636253,7.339157833865403,2.5885967070041085,3.3732261155079484,9.107142857142858,4.519686177093536,0.603986879934586,0.0,0.0,0.0,0.0,0.0,0,0,0,0,0,0.0,0.32142857142857145,0.8039580815757541,0.18612363459649572,0.6957677989554776,0.5967567595356756,0.0,0.5,0.21375398207505625
1750,110,98.21428571428571,112,0,112,0,0,0.0,9.54316269749251,9.569497548914415,304.5919323595602,7.353459938081582,2.673051021436218,3.3836633357980253,9.107142857142858,4.519686177093536,0.6036741217201247,0.0,0.0,0.0,0.0,0.0,0,0,0,0,0,0.0,0.3482142857142857,0.8046464596592136,0.18627298445053578,0.6957677989554776,0.5934946220521038,0.0,0.5,0.21389246966725461
1751,110,98.21428571428571,112,0,112,0,0,0.0,9.488040337100305,9.515307440683594,300.52847591919914,7.365156253805621,2.7891474653434125,3.4536888685116907,9.107142857142858,4.519686177093536,0.6014658032908364,0.0,0.0,0.0,0.0,0.0,0,0,0,0,0,0.0,0.32142857142857145,0.7989791253135076,0.18223397500210836,0.6678762966733623,0.5927886613374146,0.0,0.5,0.21388117624779793
1752,110,98.21428571428571,112,0,112,0,0,0.0,9.512132136632536,9.540665890054633,311.43400668473146,7.377240830629409,2.751800627181224,3.481362648649273,9.107142857142858,4.519686177093536,0.6013014668035963,0.0,0.0,0.0,0.0,0.0,0,0,0,0,0,0.0,0.3125,0.8049710921223378,0.17123225239711257,0.7261451679555868,0.5947818715950766,0.0,0.5,0.21427472771959155
1753,112,100.0,112,0,112,0,0,0.0,9.423335482285975,9.4488428720119,277.8593404478082,7.38545913270184,2.867312392315305,3.4380323249335993,9.107142857142858,4.519686177093536,0.596213480027511,0.0,0.0,0.0,0.0,0.0,0,0,0,0,0,0.0,0.32142857142857145,0.776742096121166,0.19061572674763202,0.7382663499694598,0.5910520814060838,0.0,0.5,0.2140164651792385
1754,112,100.0,112,0,112,0,0,0.0,9.544713376560761,9.571768971593174,309.1926757617542,7.397750692456162,2.698256454832577,3.416382859065776,9.107142857142858,4.519686177093536,0.6009689523989221,0.0,0.0,0.0,0.0,0.0,0,0,0,0,0,0.0,0.33035714285714285,0.8031798085255389,0.1783813188480628,0.7382663499694598,0.5968566937617067,0.0,0.5,0.21490112461419505
1755,112,100.0,112,0,112,0,0,0.0,9.535880396131288,9.563471839919497,314.54658961963463,7.40918670883264,2.6656083467643623,3.398003296844062,9.107142857142858,4.519686177093536,0.6020312216617836,0.0,0.0,0.0,0.0,0.0,0,0,0,0,0,0.0,0.35714285714285715,0.8104670768718388,0.17384277740834758,0.7431416155724995,0.5983891432572914,0.0,0.5,0.21511539573773658
1756,112,100.0,112,0,112,0,0,0.0,9.499487475580379,9.52787668060727,316.69546841516166,7.4188188215616195,2.630946017696114,3.4297031494113557,9.107142857142858,4.519686177093536,0.5996787217679267,0.0,0.0,0.0,0.0,0.0,0,0,0,0,0,0.0,0.3392857142857143,0.8076421447948327,0.1681651048278406,0.7397066484804178,0.5956618519366674,0.0,0.5,0.21515110176876895
1757,112,100.0,112,0,112,0,0,0.0,9.406221813934085,9.432698167734857,290.3318004898071,7.424574176951139,2.7471411349670825,3.4303885798542533,9.107142857142858,4.519686177093536,0.5973665341224195,0.0,0.0,0.0,0.0,0.0,0,0,0,0,0,0.0,0.36607142857142855,0.7886868327074927,0.18485753360858675,0.7397066484804178,0.5920984717341362,0.0,0.5,0.21481483546152882
1758,112,100.0,112,0,112,0,0,0.0,9.455217656525102,9.4822604887894,289.98925783312296,7.431861457437676,2.649802313798205,3.374765977031349,9.107142857142858,4.519686177093536,0.5965257451763872,0.0,0.0,0.0,0.0,0.0,0,0,0,0,0,0.0,0.32142857142857145,0.7852071088083992,0.1856020325648845,0.7278321333848856,0.5938950767077843,0.0,0.5,0.21522449577890196
1759,112,100.0,112,0,112,0,0,0.0,9.678029040174167,9.70554817708304,320.8657737283576,7.446892897941745,2.312832239690908,3.25841190338991,9.107142857142858,4.519686177093536,0.6036871281895635,0.0,0.0,0.0,0.0,0.0,0,0,0,0,0,0.0,0.35714285714285715,0.8125387334332619,0.17224499316808292,0.6872307914403277,0.6032792543031473,0.0,0.5,0.2166782396664875
1760,112,100.0,112,0,112,0,0,0.0,9.53626951740452,9.56374561960876,300.90341044086915,7.456117740035987,2.518606816744963,3.3395996494184383,9.107142857142858,4.519686177093536,0.5979694400035636,0.0,0.0,0.0,0.0,0.0,0,0,0,0,0,0.0,0.35714285714285715,0.7939229650052712,0.18022721855843424,0.6960144658738183,0.5974251840436885,0.0,0.5,0.21617790900913533
1761,112,100.0,112,0,112,0,0,0.0,9.623444278229812,9.651858270244531,314.03181706324034,7.468111580450083,2.449183729494752,3.331192056451728,9.107142857142858,4.519686177093536,0.6016751357271022,0.0,0.0,0.0,0.0,0.0,0,0,0,0,0,0.0,0.35714285714285715,0.8045379993142622,0.17868296874468184,0.6993519734542009,0.6004974276838195,0.0,0.5,0.21688482478691107
1762,111,99.10714285714286,112,1,111,0,0,0.008928571428571428,9.52253331936472,9.550948650199844,300.4800441918168,7.475889999595624,2.6218081698137183,3.41432889884927,9.107142857142858,4.519686177093536,0.5992172097891435,0.9999999999360758,0.39070781247737196,1.0,6.392419926726234e-11,-0.08597161938463627,0,1,0,0,0,1.0,0.35714285714285715,0.7943628219458737,0.18788296004872868,0.6788940549325628,0.5977475769596865,0.008928571428571428,0.5357142857142858,0.2165560500600443
1763,111,99.10714285714286,112,0,112,0,0,0.0,9.697530510958106,9.725629332304194,332.55362639016516,7.489657572323188,2.4576518014850417,3.402645905784611,9.107142857142858,4.519686177093536,0.6059409614708993,0.0,0.0,0.0,0.0,0.0,0,0,0,0,0,0.0,0.3392857142857143,0.8216171967518562,0.17616733536558507,0.7194767329365811,0.6042795174491976,0.0,0.5357142857142858,0.21774216155875575
1764,111,99.10714285714286,112,0,112,0,0,0.0,9.699428618751137,9.72805757277674,328.3326309789642,7.502890693048451,2.5061179239762335,3.414610402569129,9.107142857142858,4.519686177093536,0.6053193513967958,0.0,0.0,0.0,0.0,0.0,0,0,0,0,0,0.0,0.3482142857142857,0.8164814457078057,0.18079026325609737,0.7128654995842498,0.5999194910265044,0.0,0.5357142857142858,0.21805069986182982
1765,111,99.10714285714286,112,0,112,0,0,0.0,9.692705114519063,9.723238158853443,341.8760550170862,7.515351460337569,2.511386543877033,3.4470850579525094,9.107142857142858,4.519686177093536,0.6079983184419842,0.0,0.0,0.0,0.0,0.0,0,0,0,0,0,0.0,0.3392857142857143,0.828758607807797,0.17328038252512318,0.7440153710131356,0.6029767977873373,0.0,0.5,0.21829867612903248
1766,111,99.10714285714286,112,0,112,0,0,0.0,9.815511506589754,9.847125821626678,363.42314317528496,7.53172850690555,2.448716705222624,3.4636291555908927,9.107142857142858,4.519686177093536,0.6105545609390401,0.0,0.0,0.0,0.0,0.0,0,0,0,0,0,0.0,0.3392857142857143,0.8408975169406341,0.16648771693323902,0.7374596361777258,0.6019500648119267,0.0,0.4642857142857143,0.2192828036443605
1767,111,99.10714285714286,112,1,111,0,0,0.008928571428571428,9.862453438481383,9.927095280320579,367.26029450192306,7.549038485150663,2.4967912550848013,3.4710511874179395,9.107142857142858,4.519686177093536,0.6131695663629912,0.9995150298777088,0.39336566155460195,1.0,0.0004849701222912062,-0.04295541000209058,1,0,0,0,0,1.0,0.3392857142857143,0.8462862637441502,0.16963686239025613,0.7425661209163842,0.6042343209820655,0.008928571428571428,0.48214285714285715,0.2199086916508198
1768,111,99.10714285714286,112,0,112,0,0,0.0,9.857692225478658,9.922756375232334,372.29806169464854,7.566627594856271,2.5936521434098347,3.5389123173308343,9.107142857142858,4.519686177093536,0.6118276924462107,0.0,0.0,0.0,0.0,0.0,0,0,0,0,0,0.0,0.36607142857142855,0.8453579436506963,0.16984046848989356,0.7267320584414201,0.599765050874943,0.0,0.48214285714285715,0.2202823718658253
1769,111,99.10714285714286,112,0,112,0,0,0.0,9.827609774766826,9.893626017215482,369.7144242166511,7.582368451390142,2.590489695679409,3.537993785204312,9.107142857142858,4.519686177093536,0.6114290195840073,0.0,0.0,0.0,0.0,0.0,0,0,0,0,0,0.0,0.3482142857142857,0.8408011991174531,0.16964396418540323,0.7425661209163842,0.6042725812640405,0.0,0.48214285714285715,0.22048767827072488
1770,110,98.21428571428571,112,1,111,0,0,0.008928571428571428,9.889596844738163,10.035050145815886,411.5231504664011,7.599738462265031,2.3908987213319683,3.523389768201965,9.107142857142858,4.519686177093536,0.6136652195710883,0.9999310997655564,0.40590577044730514,1.0,6.890023444361404e-05,-0.02571099248524611,0,1,0,0,0,1.0,0.3482142857142857,0.8619649007457595,0.1579612549988843,0.7598361676048282,0.6011576890118558,0.008928571428571428,0.5,0.22119014861081757
1771,109,97.32142857142857,112,1,111,0,0,0.008928571428571428,9.962924391967107,10.145105996480906,415.1739827797266,7.621705720124472,2.4417061343281388,3.5385221703344834,9.107142857142858,4.519686177093536,0.6148268773388419,0.9999988478872885,0.4066637191094832,1.0,1.152112711455544e-06,-0.005871819418549862,0,1,0,0,0,1.0,0.3125,0.8636543457468085,0.15911585500892003,0.7446294222990724,0.5974790505318993,0.008928571428571428,0.5535714285714286,0.22205321190544208
1772,110,98.21428571428571,112,0,112,0,0,0.0,9.943781488239065,10.122892948801946,398.462559015205,7.643246934896439,2.570039665392218,3.5571557824563507,9.107142857142858,4.519686177093536,0.6112193452639114,0.0,0.0,0.0,0.0,0.0,0,0,0,0,0,0.0,0.33035714285714285,0.8468989205931547,0.16682567239181398,0.704633388815795,0.5948465022812603,0.0,0.5178571428571429,0.22244429504001517
1773,110,98.21428571428571,112,0,112,0,0,0.0,9.996636609026059,10.173132278709362,392.6016479220246,7.665631082401415,2.542260799912302,3.5048524568546804,9.107142857142858,4.519686177093536,0.611079138098243,0.0,0.0,0.0,0.0,0.0,0,0,0,0,0,0.0,0.3392857142857143,0.8426515218052302,0.1737685666855651,0.701377470479937,0.5964332860555481,0.0,0.5178571428571429,0.2232144172542715
1774,110,98.21428571428571,112,0,112,0,0,0.0,9.978301559725612,10.15445379818877,380.53418680326087,7.6863281697240025,2.689249511660136,3.5557571052739503,9.107142857142858,4.519686177093536,0.6075662781960225,0.0,0.0,0.0,0.0,0.0,0,0,0,0,0,0.0,0.3125,0.8274485399205191,0.17604177003938754,0.7151321073458919,0.5924249366465048,0.0,0.4821428571428572,0.22359046370515923
1775,110,98.21428571428571,112,1,111,0,0,0.008928571428571428,10.18193086256848,10.340394682866087,402.61524635486586,7.713615631100959,2.633398723552436,3.510165456918066,9.107142857142858,4.519686177093536,0.6133392024212188,0.9999978993803955,0.28836001018876634,1.0,2.100619604483711e-06,0.7170074016224228,0,1,0,0,0,1.0,0.3392857142857143,0.8463875757306015,0.17871423834512767,0.7086754532996474,0.5908187880228619,0.008928571428571428,0.5,0.22522526402934057
1776,111,99.10714285714286,112,0,112,0,0,0.0,10.14644041411531,10.30360251061644,399.07195744618684,7.737536810399956,2.6525078900728434,3.538829515597456,9.107142857142858,4.519686177093536,0.6093419129882287,0.0,0.0,0.0,0.0,0.0,0,0,0,0,0,0.0,0.3392857142857143,0.8374360010256785,0.1767537273123164,0.7086754532996474,0.5873934580092147,0.0,0.5,0.22558839290416202
1777,111,99.10714285714286,112,0,112,0,0,0.0,10.086679288349005,10.242983399004178,382.55884574505586,7.758184992578209,2.729241122923183,3.6341806401143493,9.107142857142858,4.519686177093536,0.6031603118293378,0.0,0.0,0.0,0.0,0.0,0,0,0,0,0,0.0,0.33035714285714285,0.8159417117383171,0.17965201765638375,0.7086754532996474,0.5843144099817544,0.0,0.5,0.22575620379319628
1778,111,99.10714285714286,112,0,112,0,0,0.0,10.134793899385224,10.293447416734825,391.04592165331917,7.7797245939077495,2.667462991796932,3.6687473668062855,9.107142857142858,4.519686177093536,0.6026608992504257,0.0,0.0,0.0,0.0,0.0,0,0,0,0,0,0.0,0.3392857142857143,0.8156370948610842,0.18135060299517763,0.7053549851106351,0.5839543013914561,0.0,0.5,0.22648353804032353
1779,111,99.10714285714286,112,0,112,0,0,0.0,10.02016848687399,10.176240959494095,360.1843988274226,7.796052781616144,2.8384112980358682,3.70758419832728,9.107142857142858,4.519686177093536,0.5966854946796198,0.0,0.0,0.0,0.0,0.0,0,0,0,0,0,0.0,0.3392857142857143,0.7899428517321472,0.1927183277384956,0.7053549851106351,0.5772526358937996,0.0,0.5,0.22627940239918043
1780,111,99.10714285714286,112,1,111,0,0,0.008928571428571428,9.875018731928625,10.004262094239877,310.07571683639435,7.806231014016344,3.072376318344649,3.697061610387478,9.107142857142858,4.519686177093536,0.5898678623846891,0.9999997770312901,0.4212916389638658,1.0,2.229687099397637e-07,-0.037982506374535596,0,1,0,0,0,1.0,0.33035714285714285,0.7553896291550003,0.2191945359465273,0.7156747103545422,0.57132239721036,0.008928571428571428,0.5,0.22578366570588576
1781,110,98.21428571428571,112,1,111,0,0,0.008928571428571428,9.876080349500032,9.986654990613456,304.2599471541935,7.815139353275013,3.1114375249418837,3.75632851050297,9.107142857142858,4.519686177093536,0.5888784278051147,0.9999999999417923,0.4074349386825651,1.0,5.820766091346741e-11,-0.0781717916579554,0,1,0,0,0,1.0,0.32142857142857145,0.7507430286497271,0.215156455664645,0.7419798887892362,0.5703918733212182,0.008928571428571428,0.5178571428571429,0.22599028828278414
1782,110,98.21428571428571,112,0,112,0,0,0.0,9.813742324366984,9.920600921780357,317.6098229096201,7.8206236030415015,2.982169656033362,3.7244056445001155,9.107142857142858,4.519686177093536,0.5886472580651996,0.0,0.0,0.0,0.0,0.0,0,0,0,0,0,0.0,0.375,0.760685661215665,0.2037013912219286,0.7205890365672053,0.574999095547545,0.0,0.4821428571428572,0.22580253359642555
1783,110,98.21428571428571,112,0,112,0,0,0.0,9.847552624871696,9.953998308132007,330.5542224664613,7.827067547572935,2.938783664354893,3.710757904026729,9.107142857142858,4.519686177093536,0.5896271688491348,0.0,0.0,0.0,0.0,0.0,0,0,0,0,0,0.0,0.35714285714285715,0.7707012992501794,0.19744542302450535,0.7460832266790274,0.5743443780007514,0.0,0.5178571428571429,0.2261172081340725
1784,110,98.21428571428571,112,0,112,0,0,0.0,9.802469890821259,9.908479264989435,319.48032663077004,7.831574391713433,2.971700474416365,3.72299667898464,9.107142857142858,4.519686177093536,0.586018737130966,0.0,0.0,0.0,0.0,0.0,0,0,0,0,0,0.0,0.3392857142857143,0.7579413421875186,0.20668448576182072,0.7460832266790274,0.5666981888654158,0.0,0.5178571428571429,0.2259936420696409
1785,111,99.10714285714286,112,0,112,0,0,0.0,9.926312948594996,10.035617570811535,338.8873700699462,7.840474542589514,2.8760439143137817,3.6791667869397195,9.107142857142858,4.519686177093536,0.5905458297785169,0.0,0.0,0.0,0.0,0.0,0,0,0,0,0,0.0,0.3482142857142857,0.7728423091013791,0.20482839971233754,0.7426482595869457,0.57187790263013,0.0,0.5178571428571429,0.22681398680295295
1786,111,99.10714285714286,112,1,111,0,0,0.008928571428571428,9.815502467578614,9.92975915281829,334.7856687118939,7.844962631303802,2.8861357179386116,3.7116538024169285,9.107142857142858,4.519686177093536,0.5871958313909864,0.9998313154574895,0.38314161117440715,1.0,0.00016868454251051102,-0.07540149974235666,1,0,0,0,0,1.0,0.38392857142857145,0.7673649062485524,0.1993986222157358,0.757459501604572,0.576955191087107,0.008928571428571428,0.5,0.22636135816048872
1787,111,99.10714285714286,112,0,112,0,0,0.0,9.97838080847524,10.094876533753688,384.2429686191964,7.8554003310911895,2.6646595457168547,3.6914208874856294,9.107142857142858,4.519686177093536,0.5912306723087204,0.0,0.0,0.0,0.0,0.0,0,0,0,0,0,0.0,0.36607142857142855,0.7943772703344091,0.18101319583950695,0.7413907628793913,0.5784160736894913,0.0,0.5,0.22741162550222038
1788,111,99.10714285714286,112,0,112,0,0,0.0,10.022216802003811,10.138124008468504,411.9459212845152,7.866929999713384,2.5815206816047906,3.730357409258638,9.107142857142858,4.519686177093536,0.5942390887427338,0.0,0.0,0.0,0.0,0.0,0,0,0,0,0,0.0,0.35714285714285715,0.8140798449234025,0.17013612840632178,0.7413907628793913,0.5834654080951519,0.0,0.5,0.22789135788935422
1789,111,99.10714285714286,112,0,112,0,0,0.0,10.072077153488886,10.189398696667896,436.2732142966627,7.87979252749251,2.4314353073749158,3.6487571344570955,9.107142857142858,4.519686177093536,0.5983742656697755,0.0,0.0,0.0,0.0,0.0,0,0,0,0,0,0.0,0.375,0.833285284168323,0.16485993739440782,0.7293929010775211,0.58371880994745,0.0,0.5357142857142858,0.22843133259180862
1790,109,97.32142857142857,112,2,110,0,0,0.017857142857142856,10.067156186263094,10.166282341839672,460.51708762674974,7.891945860491216,2.3824414082954815,3.7087315978535664,9.107142857142858,4.519686177093536,0.6003549884538104,0.9999999999399508,0.41481409106822087,1.0,6.004918784441315e-11,0.14013482421648904,0,2,0,0,0,1.0,0.35714285714285715,0.851146857126381,0.15210413708024265,0.6895107872377124,0.593789414496881,0.017857142857142856,0.5535714285714286,0.22868137401147898
1791,110,98.21428571428571,112,0,112,0,0,0.0,10.265361079541025,10.365009035719021,494.95602571779887,7.9100273788444,2.2502718810173263,3.6435140871340956,9.107142857142858,4.519686177093536,0.6060700745584564,0.0,0.0,0.0,0.0,0.0,0,0,0,0,0,0.0,0.38392857142857145,0.8735638582204187,0.14878460020422657,0.7091422969002448,0.6017510265187432,0.0,0.5178571428571429,0.23008101242067738
1792,110,98.21428571428571,112,0,112,0,0,0.0,10.218794614396353,10.319504953834453,480.42075702546526,7.925646355952805,2.3151703302868305,3.662283359884601,9.107142857142858,4.519686177093536,0.6061579912618771,0.0,0.0,0.0,0.0,0.0,0,0,0,0,0,0.0,0.375,0.869037377944778,0.15237217140778853,0.732545274612505,0.6021536348488071,0.0,0.5178571428571429,0.23020114446964002
1793,110,98.21428571428571,112,0,112,0,0,0.0,10.245611731070756,10.345858233534242,465.13563934518265,7.941512272743682,2.3242470952645298,3.6292110436817273,9.107142857142858,4.519686177093536,0.6057312888015884,0.0,0.0,0.0,0.0,0.0,0,0,0,0,0,0.0,0.375,0.8620411662003695,0.16307314070081302,0.7084836240252349,0.5987905873703715,0.0,0.4821428571428572,0.23069377487704526
1794,110,98.21428571428571,112,0,112,0,0,0.0,10.193598798249955,10.295624057211915,438.97299020866285,7.954844758187758,2.4792062816688416,3.617889051109752,9.107142857142858,4.519686177093536,0.6051408681661508,0.0,0.0,0.0,0.0,0.0,0,0,0,0,0,0.0,0.375,0.8522567782419135,0.1689524352478563,0.7372390538855971,0.6005017784160139,0.0,0.4821428571428572,0.2307350034637807
1795,111,99.10714285714286,112,1,111,0,0,0.008928571428571428,10.272343384365021,10.346312102092599,414.33549925417844,7.9704345791154205,2.616849804132467,3.621949536803725,9.107142857142858,4.519686177093536,0.6024492857197554,0.9999999999417923,0.41566881179818727,1.0,5.820766091346741e-11,0.05539502974598598,0,1,0,0,0,1.0,0.38392857142857145,0.8315679816020741,0.17868518539847716,0.7385654554201266,0.6034478598078709,0.008928571428571428,0.4821428571428572,0.2314810318851066
1796,111,99.10714285714286,112,0,112,0,0,0.0,10.233364795512285,10.309266711658662,385.2417658639259,7.982953151210091,2.658793608150107,3.559264030484406,9.107142857142858,4.519686177093536,0.6005719457211414,0.0,0.0,0.0,0.0,0.0,0,0,0,0,0,0.0,0.38392857142857145,0.8169175590980174,0.18537446493140944,0.749899191128826,0.6031431661271583,0.0,0.44642857142857145,0.2315690390271091
1797,110,98.21428571428571,112,1,110,0,1,0.008928571428571428,10.29024474227173,10.378485142029433,380.9882470991398,7.996860436129311,2.624321757486598,3.5415932286475913,9.107142857142858,4.519686177093536,0.6011360776245369,0.9115520661259098,0.388172451669045,1.0,0.08844793387409022,-0.009502066321145586,1,1,0,0,0,0.0,0.3482142857142857,0.8116430333538922,0.19369796476841078,0.7410989988508276,0.5980776720048705,0.008928571428571428,0.4642857142857143,0.23216772157795784
1798,109,97.32142857142857,112,1,111,0,0,0.008928571428571428,10.052150607814667,10.111220716197284,345.26519673984257,8.001926639225823,2.844107954238123,3.652044584404141,9.107142857142858,4.519686177093536,0.5958095869998099,0.9999999999417923,0.3400366309443798,1.0,5.820766091346741e-11,0.2024595344411928,1,0,0,0,0,1.0,0.36607142857142855,0.7888813868221562,0.20196447120479347,0.742832230495831,0.5939356319497057,0.008928571428571428,0.4642857142857143,0.2310917391462008
1799,109,97.32142857142857,112,0,112,0,0,0.0,10.133123991400723,10.192388647506991,356.6353356661825,8.008795851665187,2.851721726965835,3.624601166536883,9.107142857142858,4.519686177093536,0.5964499521532447,0.0,0.0,0.0,0.0,0.0,0,0,0,0,0,0.0,0.39285714285714285,0.7903188366665285,0.19333598866072269,0.7435400800525137,0.6052343721766206,0.0,0.4642857142857143,0.2316518394866796
1800,109,97.32142857142857,112,1,111,0,0,0.008928571428571428,10.253670244088157,10.349242152517155,382.7998849648145,8.019808150336662,2.673736667188519,3.5714216845131466,9.107142857142858,4.519686177093536,0.6028263065543531,0.8834847550729139,0.3877990813924232,1.0,0.11651524492708609,0.004283487075364967,1,0,0,0,0,0.0,0.375,0.8138800456508436,0.1834400689189584,0.7497242541066138,0.6099920335076513,0.008928571428571428,0.4642857142857143,0.23250343142053426
1801,109,97.32142857142857,112,0,112,0,0,0.0,10.119530504638728,10.213699999636125,347.6398135474589,8.026639739579158,2.888032415587985,3.6332586345561633,9.107142857142858,4.519686177093536,0.5976477108679343,0.0,0.0,0.0,0.0,0.0,0,0,0,0,0,0.0,0.36607142857142855,0.7875484353136885,0.19424768565988756,0.7410317420612466,0.6050450795812541,0.0,0.5,0.23198711592062157
1802,110,98.21428571428571,112,0,112,0,0,0.0,10.207359867555779,10.304584007233988,373.41435054795744,8.036448699969862,2.7684524747284107,3.595170026489431,9.107142857142858,4.519686177093536,0.6001532269961714,0.0,0.0,0.0,0.0,0.0,0,0,0,0,0,0.0,0.38392857142857145,0.802754557067872,0.1830006496729345,0.7460977082484271,0.604397111078295,0.0,0.46428571428571436,0.2326479298486544
1803,109,97.32142857142857,112,2,110,0,0,0.017857142857142856,10.313947829381215,10.418984369976997,377.2966742406529,8.049694184836746,2.864548052460034,3.5721769622776853,9.107142857142858,4.519686177093536,0.6021941053381807,0.9999999996481148,0.40894281679455113,1.0,3.5188518765494337e-10,0.1787646960844289,0,2,0,0,0,1.0,0.4017857142857143,0.804344382905841,0.18531236392779135,0.7488971071355082,0.6259854883932737,0.017857142857142856,0.4642857142857143,0.23348019683209037
1804,107,95.53571428571429,112,2,110,0,0,0.017857142857142856,10.496485533031153,10.57728590742785,417.96601171719306,8.069389665517912,2.701108114011312,3.6207121904351434,9.107142857142858,4.519686177093536,0.6060953848584787,0.9981067206155839,0.399502747269662,1.0,0.00189327938441608,0.0068986845402190244,0,2,0,0,0,1.0,0.39285714285714285,0.8245804878547781,0.17061852033509128,0.7368805810009098,0.6292835909580032,0.017857142857142856,0.5178571428571429,0.23483797230926948
1805,107,95.53571428571429,112,1,111,0,0,0.008928571428571428,10.463459858429376,10.570455365190707,400.9868618446618,8.085843494589716,2.8650393843864683,3.68227070892125,9.107142857142858,4.519686177093536,0.6032817568456708,0.9999999999417923,0.3694115659430313,1.0,5.820766091346741e-11,0.013555691713416973,1,0,0,0,0,1.0,0.38392857142857145,0.8132092740748866,0.17491779192177453,0.7394851388865515,0.6238379749089462,0.008928571428571428,0.5178571428571429,0.23504467465534104
1806,107,95.53571428571429,112,0,112,0,0,0.0,10.52698024947667,10.631745039331735,384.49317940658483,8.104805952604531,2.9705472911369335,3.6908536707457933,9.107142857142858,4.519686177093536,0.6008884025569614,0.0,0.0,0.0,0.0,0.0,0,0,0,0,0,0.0,0.36607142857142855,0.7977674079747613,0.18002061987565737,0.7394851388865515,0.6192925312887293,0.0,0.5178571428571429,0.23579079840744388
1807,106,94.64285714285714,112,1,111,0,0,0.008928571428571428,10.443034789200011,10.5486310784422,365.36191144026657,8.119840899131132,3.1860847028565806,3.710019419865421,9.107142857142858,4.519686177093536,0.5936812278807082,0.9999999999172335,0.40533273826047417,1.0,8.276646035199064e-11,0.16678070160511105,0,1,0,0,0,1.0,0.35714285714285715,0.7771143392454756,0.17819866547213772,0.7377173344327096,0.600841632540499,0.008928571428571428,0.5178571428571429,0.2357108373060087
1808,108,96.42857142857143,112,0,112,0,0,0.0,10.388811596562869,10.493303437540293,351.0599814967254,8.132261080400705,3.237511826200817,3.677506942237384,9.107142857142858,4.519686177093536,0.5915156776872785,0.0,0.0,0.0,0.0,0.0,0,0,0,0,0,0.0,0.35714285714285715,0.7671590176483952,0.17735975057262035,0.7377173344327096,0.601652603828734,0.0,0.5178571428571429,0.2357203979508284
1809,110,98.21428571428571,112,0,112,0,0,0.0,10.46821072820401,10.572226291802059,373.2570382311061,8.146973560721978,3.243554107555478,3.717290923139565,9.107142857142858,4.519686177093536,0.5920039421006253,0.0,0.0,0.0,0.0,0.0,0,0,0,0,0,0.0,0.3392857142857143,0.7777415392621708,0.16449773955551986,0.7501010252493969,0.6024760838854177,0.0,0.5535714285714286,0.2364498725787282
1810,110,98.21428571428571,112,1,111,0,0,0.008928571428571428,10.600624435559808,10.702764309357324,387.741059587042,8.165635005455384,3.2004859183424452,3.6784238270373906,9.107142857142858,4.519686177093536,0.5969754961235052,0.9916333756629665,0.39314952105167655,1.0,0.008366624337033501,-0.044208055470059904,1,0,0,0,0,1.0,0.3392857142857143,0.7919451450342544,0.16397534346157144,0.7751944930853389,0.6068229264000945,0.008928571428571428,0.5178571428571429,0.23753366048453803
1811,109,97.32142857142857,112,1,111,0,0,0.008928571428571428,10.734896215556333,10.83160507344326,405.3292925353147,8.18838320059056,3.132922493336142,3.6681565068278945,9.107142857142858,4.519686177093536,0.5986168790557358,0.9999999999335072,0.3926650015531568,1.0,6.64928112570351e-11,0.00807675267946939,0,1,0,0,0,1.0,0.3482142857142857,0.8007046578721829,0.15621006643627086,0.7480527155384747,0.6106089289405511,0.008928571428571428,0.5714285714285714,0.23871909290005205
1812,109,97.32142857142857,112,1,110,0,1,0.008928571428571428,10.677597690452668,10.79729394431252,368.26442268804556,8.207941945863148,3.3474282403181035,3.738949479241201,9.107142857142858,4.519686177093536,0.5914818064645766,0.9400060100939479,0.3627847431544942,1.0,0.05999398990605209,0.028262221983809788,1,1,0,0,0,0.5,0.33035714285714285,0.7676245649626522,0.1742545112764897,0.7290301584318546,0.6028458688093973,0.008928571428571428,0.5892857142857143,0.2388745972277828
1813,108,96.42857142857143,112,1,111,0,0,0.008928571428571428,10.734235888531748,10.849226790955539,362.89628536873215,8.229742891511583,3.2987033909468444,3.7615283673761937,9.107142857142858,4.519686177093536,0.5916551792240703,0.9936138976623412,0.41172535700217316,1.0,0.006386102337658794,-0.05892420316839164,1,0,0,0,0,1.0,0.3392857142857143,0.7611829547039827,0.18468000282614908,0.7325608897178675,0.6025210542739321,0.008928571428571428,0.5892857142857143,0.2396504553816522
1814,108,96.42857142857143,112,0,112,0,0,0.0,10.707404367676617,10.821401702535654,362.60245170555345,8.24905905716741,3.3477072078616708,3.7705436809875548,9.107142857142858,4.519686177093536,0.5905787880353817,0.0,0.0,0.0,0.0,0.0,0,0,0,0,0,0.0,0.32142857142857145,0.7602650388394137,0.18046758647356415,0.7534163146845618,0.6006403122924909,0.0,0.5892857142857143,0.23995281281192196
1815,109,97.32142857142857,112,1,111,0,0,0.008928571428571428,10.468016180669983,10.5639230286128,310.5505924217477,8.258795016622292,3.6352259281018706,3.8492321122816677,9.107142857142858,4.519686177093536,0.5841304031636394,0.9976894903586153,0.41593469741256817,1.0,0.0023105096413846837,0.010685182761032586,0,1,0,0,0,1.0,0.33035714285714285,0.7261881313510431,0.2028277085054375,0.7539742687767643,0.5969336894611735,0.008928571428571428,0.5714285714285714,0.23897588928373367
1816,109,97.32142857142857,112,1,111,0,0,0.008928571428571428,10.449985466296296,10.532178698488686,295.0560510843208,8.266800501335027,3.675178655343423,3.7978926764048495,9.107142857142858,4.519686177093536,0.5818474899956829,0.9999953387471119,0.4126766945127947,1.0,4.661252888116252e-06,-0.04620570515516853,1,0,0,0,0,1.0,0.32142857142857145,0.7163975463601506,0.21232880219611008,0.7344912835036446,0.5952348330676472,0.008928571428571428,0.5714285714285714,0.23906664710485065
1817,110,98.21428571428571,112,0,112,0,0,0.0,10.555323650900773,10.633531257601287,315.5602212367077,8.277648855697668,3.549758466075784,3.723949352807982,9.107142857142858,4.519686177093536,0.5863603428241861,0.0,0.0,0.0,0.0,0.0,0,0,0,0,0,0.0,0.35714285714285715,0.734258388118577,0.20049981226011707,0.7752758334726437,0.6049456230926581,0.0,0.5357142857142858,0.23983849381415825
1818,110,98.21428571428571,112,0,112,0,0,0.0,10.598409651346898,10.677352249621208,307.7525818450541,8.289591355542932,3.627418022804344,3.6910265101401767,9.107142857142858,4.519686177093536,0.5861283883954969,0.0,0.0,0.0,0.0,0.0,0,0,0,0,0,0.0,0.35714285714285715,0.7284716785667026,0.21175265112311348,0.7771295835316601,0.6032721755605059,0.0,0.5714285714285714,0.24032380557374178
1819,110,98.21428571428571,112,0,112,0,0,0.0,10.637238982586348,10.712402520370333,304.49126744113664,8.302261421667156,3.640397901541111,3.673385158112726,9.107142857142858,4.519686177093536,0.5859620405779282,0.0,0.0,0.0,0.0,0.0,0,0,0,0,0,0.0,0.3482142857142857,0.7251513680278753,0.2134880780463918,0.7591303781972751,0.602977768737528,0.0,0.5714285714285714,0.24080427584356162
1820,111,99.10714285714286,112,0,112,0,0,0.0,10.583721944127374,10.657726777104914,309.2415165875145,8.312381902955662,3.5785241010238034,3.650284857925649,9.107142857142858,4.519686177093536,0.5827228659539692,0.0,0.0,0.0,0.0,0.0,0,0,0,0,0,0.0,0.32142857142857145,0.724954738507482,0.20130093140565772,0.7590303870490163,0.5998835047145251,0.0,0.5714285714285714,0.2407653976481927
1821,112,100.0,112,0,112,0,0,0.0,10.652563493630407,10.725339443698218,328.8544690606521,8.3244896745271,3.4345803904240455,3.656044468942444,9.107142857142858,4.519686177093536,0.5870734349280415,0.0,0.0,0.0,0.0,0.0,0,0,0,0,0,0.0,0.33035714285714285,0.7417177872373821,0.19636888065476393,0.747766157882473,0.6051467924483094,0.0,0.5357142857142858,0.24138322203474208
1822,112,100.0,112,0,112,0,0,0.0,10.52297365802735,10.5980106908747,302.67379105093397,8.331446324787809,3.5727905104007047,3.648687661305032,9.107142857142858,4.519686177093536,0.5810122750846465,0.0,0.0,0.0,0.0,0.0,0,0,0,0,0,0.0,0.3482142857142857,0.7183756638945688,0.2034406673512448,0.7693300421074611,0.6035871797469486,0.0,0.5357142857142858,0.24089248223683776
1823,112,100.0,112,0,112,0,0,0.0,10.68555920721595,10.75820422163289,330.51794464868016,8.343880752181315,3.4384323304885576,3.609566628037843,9.107142857142858,4.519686177093536,0.5841472127275131,0.0,0.0,0.0,0.0,0.0,0,0,0,0,0,0.0,0.3482142857142857,0.7353284932644397,0.19091940003183447,0.7713655337931531,0.6093632988606427,0.0,0.5357142857142858,0.24198640853083328
1824,110,98.21428571428571,112,2,110,0,0,0.017857142857142856,10.677839512560455,10.716697498363576,320.0684401586599,8.355567138250565,3.596895758504001,3.75178669986576,9.107142857142858,4.519686177093536,0.5821963312523675,0.9999999999409223,0.3906006105439147,1.0,5.907774269786614e-11,0.023229064803024002,1,1,0,0,0,1.0,0.375,0.7259233958945328,0.19620632055982443,0.7673387329077608,0.6026058702946975,0.017857142857142856,0.5357142857142858,0.24221190404544266
1825,109,97.32142857142857,112,1,107,0,4,0.008928571428571428,10.736738139388295,10.804892874223297,323.7584148404318,8.367518835207527,3.591920481295335,3.711526765809642,9.107142857142858,4.519686177093536,0.5828279885701717,0.99856267941665,0.34247661924566286,1.0,0.0014373205833499326,0.033460160841185395,0,5,0,0,0,1.0,0.3482142857142857,0.7267567378580643,0.19714132185527566,0.7800845101587908,0.598715095850511,0.008928571428571428,0.5178571428571429,0.24277648677722782
1826,107,95.53571428571429,112,2,110,0,0,0.017857142857142856,10.691799524719892,10.775145014295253,323.66825874215164,8.378395109197303,3.634936108916569,3.798146027220216,9.107142857142858,4.519686177093536,0.5811623605364598,0.9998966447877274,0.384889530835239,1.0,0.00010335521227256006,0.027889457547514374,1,1,0,0,0,1.0,0.3392857142857143,0.7246390133544216,0.19659301843771246,0.7717983731810808,0.5864937945193353,0.017857142857142856,0.5178571428571429,0.24279758042993516
1827,107,95.53571428571429,112,0,112,0,0,0.0,10.54767759801272,10.633672465766194,299.2753870464426,8.38420484322674,3.725633081942949,3.894621104946858,9.107142857142858,4.519686177093536,0.5759846444558632,0.0,0.0,0.0,0.0,0.0,0,0,0,0,0,0.0,0.33035714285714285,0.7059457315211741,0.21210503160635308,0.7612003636678222,0.5776917797127998,0.0,0.5178571428571429,0.2422082616693265
1828,105,93.75,112,2,110,0,0,0.017857142857142856,10.414124492209067,10.466001797536617,273.2676064276767,8.384863273995766,3.9781314501071736,3.962664729091465,9.107142857142858,4.519686177093536,0.5728654130923454,0.9999999997690421,0.38644137558634295,1.0,2.3095791945593191e-10,0.29205493555641926,1,1,0,0,0,1.0,0.33035714285714285,0.6880992668779228,0.2203280611278416,0.7162006232130653,0.5733728564144958,0.017857142857142856,0.5714285714285714,0.24155537564253493
1829,107,95.53571428571429,112,0,112,0,0,0.0,10.429802335556019,10.481081117836311,287.3562382388253,8.384863347227032,3.955985469400321,4.023505417196972,9.107142857142858,4.519686177093536,0.5724042615307032,0.0,0.0,0.0,0.0,0.0,0,0,0,0,0,0.0,0.35714285714285715,0.6965195093178789,0.20479155091409265,0.7341313870082956,0.5755352550813766,0.0,0.5357142857142858,0.2416337665141814
1830,108,96.42857142857143,112,1,111,0,0,0.008928571428571428,10.439822558517921,10.480778973364014,285.9417717221298,8.385263693384468,3.935057855564066,4.012531802062624,9.107142857142858,4.519686177093536,0.5718928581807461,0.9948863367638429,0.4099459431896738,1.0,0.00511366323615714,-0.018014720240291382,0,1,0,0,0,1.0,0.3482142857142857,0.69472988605625,0.21025473879907847,0.7125099599150799,0.5783909420746844,0.008928571428571428,0.5714285714285714,0.24169291482395996
1831,109,97.32142857142857,112,0,112,0,0,0.0,10.450941061797456,10.490815442428023,294.0949279902364,8.385597637654378,3.899122051650102,3.978734820244322,9.107142857142858,4.519686177093536,0.5714219824345264,0.0,0.0,0.0,0.0,0.0,0,0,0,0,0,0.0,0.3482142857142857,0.6994660537323575,0.2077158219166874,0.7003891539215364,0.5794307260520574,0.0,0.5714285714285714,0.2417560539568608
1832,108,96.42857142857143,112,1,111,0,0,0.008928571428571428,10.532251460259257,10.592076115193853,307.083789823157,8.38878521842477,3.8786342035699732,3.920616904699073,9.107142857142858,4.519686177093536,0.5729816781925128,0.9871189974041161,0.39758224984302715,1.0,0.012881002595883873,-0.002980238542754421,0,1,0,0,0,1.0,0.33035714285714285,0.7070982884244515,0.20382835166743118,0.7164209884489017,0.5808812571053191,0.008928571428571428,0.5357142857142858,0.24223464027290137
1833,110,98.21428571428571,112,0,112,0,0,0.0,10.550922936283147,10.61159517778029,304.8034848404917,8.393327092816968,3.9328309268996575,3.963733662071689,9.107142857142858,4.519686177093536,0.5713414495666345,0.0,0.0,0.0,0.0,0.0,0,0,0,0,0,0.0,0.3125,0.7023048505381507,0.20791865865788717,0.7047697662490222,0.5778064872267024,0.0,0.5357142857142857,0.24243063688756336
1834,110,98.21428571428571,112,0,112,0,0,0.0,10.491197081677313,10.552172614833104,289.80811177897306,8.395515118049202,3.9757405717075804,3.97955397076992,9.107142857142858,4.519686177093536,0.5691350400707289,0.0,0.0,0.0,0.0,0.0,0,0,0,0,0,0.0,0.32142857142857145,0.6905586746855505,0.2150878327852997,0.7047697662490222,0.5778556301038391,0.0,0.5357142857142857,0.2421814535515205
1835,111,99.10714285714286,112,0,112,0,0,0.0,10.379299912883459,10.437303860176797,277.2036405549933,8.393450885626663,4.059649329785111,3.9775433967847817,9.107142857142858,4.519686177093536,0.5669019760477851,0.0,0.0,0.0,0.0,0.0,0,0,0,0,0,0.0,0.3392857142857143,0.6826477779779295,0.21544657017751792,0.7197809531413025,0.5777820009502651,0.0,0.5,0.24157531929381895
1836,111,99.10714285714286,112,0,112,0,0,0.0,10.372717975564457,10.434462943672715,254.60314459859362,8.391377229623158,4.084385932061698,3.949054786029073,9.107142857142858,4.519686177093536,0.5640711076827232,0.0,0.0,0.0,0.0,0.0,0,0,0,0,0,0.0,0.3125,0.6631524287021815,0.24131560169299862,0.7022448515779296,0.5688212172417522,0.0,0.5357142857142857,0.24149554823534847
1837,112,100.0,112,0,112,0,0,0.0,10.552669290476574,10.619622141058413,261.8845733362843,8.39609218808329,3.96707559201379,3.934287368241302,9.107142857142858,4.519686177093536,0.5682722014359789,0.0,0.0,0.0,0.0,0.0,0,0,0,0,0,0.0,0.32142857142857145,0.6699745513967273,0.2589947919207936,0.7155358012428298,0.5650146029613871,0.0,0.5,0.24250185547279823
1838,112,100.0,112,0,112,0,0,0.0,10.450305347403587,10.5169702478289,232.26878598048782,8.39688241047459,4.113734499393504,3.9391120325043443,9.107142857142858,4.519686177093536,0.5622218462824315,0.0,0.0,0.0,0.0,0.0,0,0,0,0,0,0.0,0.3125,0.6425990616384143,0.2744893882136633,0.726902222918765,0.5600293157710238,0.0,0.5,0.2420078935435272
1839,112,100.0,112,0,112,0,0,0.0,10.536561765081943,10.604565831058638,250.84307063089372,8.400804153667284,3.946016220078437,3.953240207726542,9.107142857142858,4.519686177093536,0.5667426162532034,0.0,0.0,0.0,0.0,0.0,0,0,0,0,0,0.0,0.3482142857142857,0.6583853463179731,0.25999708485065687,0.7111726259306209,0.5665547692604982,0.0,0.5,0.24252780087440964
1840,112,100.0,112,0,112,0,0,0.0,10.571699552132444,10.636821453317252,269.0526929661021,8.405714928695444,3.9069694015334924,3.9462181505134892,9.107142857142858,4.519686177093536,0.5692443566994896,0.0,0.0,0.0,0.0,0.0,0,0,0,0,0,0.0,0.3482142857142857,0.6744174841849075,0.24205029850620097,0.7189435959258458,0.5675395492689571,0.0,0.5,0.24281446561973008
1841,112,100.0,112,0,112,0,0,0.0,10.5034129760249,10.56427144149676,270.3894961351052,8.407780525818884,4.040691575804375,3.980470592560046,9.107142857142858,4.519686177093536,0.5682602164594588,0.0,0.0,0.0,0.0,0.0,0,0,0,0,0,0.0,0.3482142857142857,0.6774487467580111,0.23478647248294704,0.7189435959258458,0.5623856545455187,0.0,0.5,0.2425197119930237
1842,112,100.0,112,0,112,0,0,0.0,10.493465738188585,10.546888274125221,283.73769156325824,8.409124232744395,4.131597898393823,4.013450649307084,9.107142857142858,4.519686177093536,0.5692588350760657,0.0,0.0,0.0,0.0,0.0,0,0,0,0,0,0.0,0.3482142857142857,0.686968793179315,0.22111955330566788,0.7189435959258458,0.5616236056222021,0.0,0.5,0.24250034147192856
1843,112,100.0,112,0,112,0,0,0.0,10.434837667208566,10.486641779324597,273.0361464223317,8.408228846335584,4.2355070698075075,4.056603904934174,9.107142857142858,4.519686177093536,0.5638882680628075,0.0,0.0,0.0,0.0,0.0,0,0,0,0,0,0.0,0.33035714285714285,0.6722853577853005,0.2231294078289577,0.7291006759933448,0.5662627867055127,0.0,0.48214285714285715,0.2421869667891532
1844,111,99.10714285714286,112,1,111,0,0,0.008928571428571428,10.519489119596582,10.567360080774542,300.0503493685946,8.410368350230163,4.176405697569092,4.043188308461003,9.107142857142858,4.519686177093536,0.5695922138244873,0.9999999829281676,0.41655987186452154,1.0,1.7071832392190345e-08,0.002139103561273892,0,1,0,0,0,1.0,0.33035714285714285,0.6950640376528882,0.20750626626972954,0.7410303399580288,0.5694426575098013,0.008928571428571428,0.48214285714285715,0.24265857348198408
1845,111,99.10714285714286,112,0,112,0,0,0.0,10.666295747266872,10.71630872873612,311.59395068937977,8.417720913908045,4.085755443758584,4.017967517514521,9.107142857142858,4.519686177093536,0.5702672701141127,0.0,0.0,0.0,0.0,0.0,0,0,0,0,0,0.0,0.33035714285714285,0.6977190914730852,0.20345688737956483,0.7349642101768761,0.5713263131091425,0.0,0.5178571428571428,0.24355876302244117
1846,111,99.10714285714286,112,0,112,0,0,0.0,10.534926575109992,10.586259408690731,270.3576098100906,8.42003890786852,4.194642709998631,4.015027057340489,9.107142857142858,4.519686177093536,0.5645392677211696,0.0,0.0,0.0,0.0,0.0,0,0,0,0,0,0.0,0.33035714285714285,0.6668131291366015,0.22973602159527737,0.7581632552903658,0.5677334941990938,0.0,0.48214285714285715,0.2429543001879655
1847,111,99.10714285714286,112,0,112,0,0,0.0,10.453076747261637,10.499009616132692,263.4629816770292,8.419097402325344,4.405113902843362,4.121660861065554,9.107142857142858,4.519686177093536,0.5583157315957188,0.0,0.0,0.0,0.0,0.0,0,0,0,0,0,0.0,0.32142857142857145,0.6534264275155292,0.22284181438680992,0.7396863703028991,0.5599856365627297,0.0,0.5178571428571428,0.24252377450077794
1848,111,99.10714285714286,112,0,112,0,0,0.0,10.6324917795254,10.67969749767811,291.4277942102698,8.424731670042775,4.356928998265408,4.0822553644400985,9.107142857142858,4.519686177093536,0.5645466862722506,0.0,0.0,0.0,0.0,0.0,0,0,0,0,0,0.0,0.3392857142857143,0.675631815897878,0.21044388955967605,0.7373560658379745,0.5678862927358165,0.0,0.48214285714285715,0.24354817527169936
1849,112,100.0,112,0,112,0,0,0.0,10.683029516828421,10.735024374611418,294.188818684887,8.432111767508177,4.24258477568185,4.021002015953017,9.107142857142858,4.519686177093536,0.568046657611033,0.0,0.0,0.0,0.0,0.0,0,0,0,0,0,0.0,0.32142857142857145,0.6824706783911635,0.20865941967127996,0.7318920648911709,0.569252578896754,0.0,0.5178571428571428,0.24396764258071435
1850,112,100.0,112,0,112,0,0,0.0,10.841313219350655,10.894003507849577,308.3089455713905,8.444906594056123,4.179855443128746,3.972759139405571,9.107142857142858,4.519686177093536,0.5716436571857317,0.0,0.0,0.0,0.0,0.0,0,0,0,0,0,0.0,0.3125,0.6919198148923931,0.20729063678175322,0.7410303399580288,0.5692549289543077,0.0,0.48214285714285715,0.24504820409676084
1851,112,100.0,112,0,112,0,0,0.0,10.835819778547318,10.88866353982392,294.60654040575474,8.456930054759823,4.2792795157616075,3.9537745078477857,9.107142857142858,4.519686177093536,0.5673862536702279,0.0,0.0,0.0,0.0,0.0,0,0,0,0,0,0.0,0.30357142857142855,0.6757443245850007,0.21314557928592998,0.7264047699593407,0.5691550135973144,0.0,0.48214285714285715,0.24529244823846086
1852,111,99.10714285714286,112,1,111,0,0,0.008928571428571428,10.817882931661156,10.875016468898405,303.5705319714877,8.467649523160754,4.348614064638636,4.028648868850866,9.107142857142858,4.519686177093536,0.5662194499744164,0.9999999279441887,0.40823911245076394,1.0,7.20558113176395e-08,0.048862427429503974,1,0,0,0,0,1.0,0.32142857142857145,0.6771750380200519,0.20316379901218978,0.7399086354140382,0.5705293564982151,0.008928571428571428,0.4642857142857143,0.24544500716981743
1853,111,99.10714285714286,112,0,112,0,0,0.0,10.859305742952802,10.916704646450144,297.5931394915199,8.47965897085752,4.378585524857958,3.9612421991227302,9.107142857142858,4.519686177093536,0.5627606106005292,0.0,0.0,0.0,0.0,0.0,0,0,0,0,0,0.0,0.32142857142857145,0.6652277678199613,0.20316722989579347,0.6909980921298018,0.5698253581771388,0.0,0.4642857142857143,0.24592351590002368
1854,111,99.10714285714286,112,0,112,0,0,0.0,10.985144810022486,11.040011498069276,338.73815875957035,8.49558409538922,4.3088429734573115,3.8939901433305644,9.107142857142858,4.519686177093536,0.5667949353304294,0.0,0.0,0.0,0.0,0.0,0,0,0,0,0,0.0,0.33035714285714285,0.6890285139985519,0.1792842898930799,0.7095827838977449,0.5773008944439707,0.0,0.5,0.24691259406144417
1855,111,99.10714285714286,112,0,112,0,0,0.0,10.917060667671263,10.972393597262055,318.50784597868466,8.508344560735953,4.353768224626625,3.8967531669694333,9.107142857142858,4.519686177093536,0.5626681851485611,0.0,0.0,0.0,0.0,0.0,0,0,0,0,0,0.0,0.32142857142857145,0.6714750575984161,0.18359905408001623,0.7184666538123964,0.5764980467831299,0.0,0.4642857142857143,0.2468605398438926
1856,111,99.10714285714286,112,0,112,0,0,0.0,10.874665213285397,10.929311345873252,324.0974393295456,8.518970547045642,4.317627939594332,3.8921452119105058,9.107142857142858,4.519686177093536,0.5643234519182165,0.0,0.0,0.0,0.0,0.0,0,0,0,0,0,0.0,0.3392857142857143,0.6794056425340342,0.18507303387684618,0.7184666538123964,0.5761054267677279,0.0,0.4642857142857143,0.24688869318917273
1857,112,100.0,112,0,112,0,0,0.0,10.820664326648812,10.873012906715598,311.14489671231337,8.527080661902886,4.376319487950225,3.869721857081782,9.107142857142858,4.519686177093536,0.5597629824064305,0.0,0.0,0.0,0.0,0.0,0,0,0,0,0,0.0,0.33035714285714285,0.6656649272622532,0.19221620840403655,0.7367184814953273,0.5716672621453637,0.0,0.4642857142857143,0.24680196462606444
1858,112,100.0,112,0,112,0,0,0.0,10.787688917497588,10.839539322499077,318.49905657464404,8.533613904252933,4.4307262843783946,3.88155278316926,9.107142857142858,4.519686177093536,0.5615255395302927,0.0,0.0,0.0,0.0,0.0,0,0,0,0,0,0.0,0.36607142857142855,0.6730873392965833,0.18790819438847667,0.7337504943572418,0.5729440903558279,0.0,0.4642857142857143,0.24678472860601386
1859,112,100.0,112,0,112,0,0,0.0,10.692319611087713,10.745204165977222,284.51310283345094,8.536440942128003,4.436880261470283,3.8326487736911727,9.107142857142858,4.519686177093536,0.55606353932826,0.0,0.0,0.0,0.0,0.0,0,0,0,0,0,0.0,0.35714285714285715,0.6480991177711722,0.20531825143436602,0.748662582739136,0.5720711191480801,0.0,0.4285714285714286,0.24637176869399485
1860,112,100.0,112,0,112,0,0,0.0,10.83002145585501,10.884245601410074,312.19318936766564,8.544167595993164,4.367864996266539,3.825601498184231,9.107142857142858,4.519686177093536,0.5598932094180635,0.0,0.0,0.0,0.0,0.0,0,0,0,0,0,0.0,0.35714285714285715,0.6654976980898989,0.19809574841896366,0.748662582739136,0.5753601451438743,0.0,0.4285714285714286,0.2472348881711791
1861,111,99.10714285714286,112,1,111,0,0,0.008928571428571428,10.796255585650416,10.835343619163323,302.41715766755243,8.550228697990903,4.5179350920115935,3.6822435535852907,9.107142857142858,4.519686177093536,0.5550430278464185,0.9999999980116485,0.3998949882402602,1.0,1.98835148346177e-09,0.1558975770290565,1,0,0,0,0,1.0,0.36607142857142855,0.6521508037669967,0.20173637312211157,0.7517412288689692,0.5709438824853555,0.008928571428571428,0.4285714285714286,0.24720303021474183
1862,111,99.10714285714286,112,0,112,0,0,0.0,10.662718880958353,10.701982932787738,261.5606329258284,8.550742028048418,4.588651773789384,3.767175639294245,9.107142857142858,4.519686177093536,0.5444851694589856,0.0,0.0,0.0,0.0,0.0,0,0,0,0,0,0.0,0.30357142857142855,0.616018380579132,0.2183445782795657,0.748662582739136,0.5606488207853998,0.0,0.4285714285714286,0.24654694714510772
1863,111,99.10714285714286,112,0,112,0,0,0.0,10.562616359570955,10.603473931850608,241.91798116838757,8.547670319039439,4.593226646767759,3.8246986841514046,9.107142857142858,4.519686177093536,0.5412257256229318,0.0,0.0,0.0,0.0,0.0,0,0,0,0,0,0.0,0.33035714285714285,0.6034811295784126,0.23034222279148278,0.7399086354140381,0.5558614123720339,0.0,0.4642857142857143,0.245977018734431
1864,111,99.10714285714286,112,0,112,0,0,0.0,10.567663434171934,10.60778014854154,233.7528967683874,8.544893143622371,4.6515700328328204,3.8522495001812054,9.107142857142858,4.519686177093536,0.5393232681660178,0.0,0.0,0.0,0.0,0.0,0,0,0,0,0,0.0,0.32142857142857145,0.5946377638979141,0.2360890547553599,0.7431179330585851,0.5585442018836074,0.0,0.46428571428571436,0.2459394943007165
1865,111,99.10714285714286,112,1,111,0,0,0.008928571428571428,10.631994112466325,10.679721240794505,232.58804353705287,8.54457546519572,4.6952778309936765,3.8696353668126093,9.107142857142858,4.519686177093536,0.539407383478125,0.9999999996935303,0.4026067028791924,1.0,3.0646973847581194e-10,0.21334041355027633,0,1,0,0,0,1.0,0.33035714285714285,0.5936011460519391,0.24175791727600116,0.7165494225587425,0.5541593902122857,0.008928571428571428,0.4285714285714286,0.24625396865821997
1866,110,98.21428571428571,112,1,111,0,0,0.008928571428571428,10.68428577731556,10.749612335494357,225.81786348096688,8.546514506805245,4.626001471829646,3.856866839540539,9.107142857142858,4.519686177093536,0.5390805538244496,0.9976648411671201,0.41472106030513634,1.0,0.0023351588328799355,-0.030561965140825542,1,0,0,0,0,1.0,0.32142857142857145,0.5885640520666052,0.24788648269584626,0.7579417589709403,0.5519837834200908,0.008928571428571428,0.44642857142857145,0.24655924628026304
1867,109,97.32142857142857,112,1,111,0,0,0.008928571428571428,10.821688126800675,10.86099211750437,259.4917424612523,8.553757661705752,4.649038524951406,3.980851891498717,9.107142857142858,4.519686177093536,0.5449735827927082,0.9999999999417781,0.40302100265647073,1.0,5.822187176818261e-11,0.032003500642926674,0,1,0,0,0,1.0,0.3392857142857143,0.6145845539217852,0.21771304681739256,0.704315216172906,0.5551766006698357,0.008928571428571428,0.5,0.24740994196310048
1868,108,96.42857142857143,112,1,110,0,1,0.008928571428571428,10.908612129824945,10.974020045293914,268.47657327931756,8.562937780969476,4.651846070770859,4.0027168454935635,9.107142857142858,4.519686177093536,0.5466036461324617,0.9959192624217137,0.3703390029460649,1.0,0.004080737578286309,0.0030811383737676667,1,1,0,0,0,1.0,0.32142857142857145,0.6191013098414562,0.21250801970870561,0.7193414398206454,0.5542535321459822,0.008928571428571428,0.5,0.24805201826892342
1869,108,96.42857142857143,112,0,112,0,0,0.0,10.995032825100528,11.06283220856113,284.73695484774925,8.575924104230188,4.552457142832909,3.956189545521288,9.107142857142858,4.519686177093536,0.5499923855398703,0.0,0.0,0.0,0.0,0.0,0,0,0,0,0,0.0,0.3392857142857143,0.6326643058218379,0.20200376577181942,0.7178191053335816,0.560319179981281,0.0,0.4642857142857143,0.2487775922739649
1870,109,97.32142857142857,112,0,112,0,0,0.0,10.870425647435187,10.936464344180239,265.64341422336787,8.583754341714604,4.725797223106473,4.161784474025707,9.107142857142858,4.519686177093536,0.5443302577263374,0.0,0.0,0.0,0.0,0.0,0,0,0,0,0,0.0,0.32142857142857145,0.6158521165654618,0.21101134291980125,0.7418383404623419,0.5580750651778214,0.0,0.4642857142857143,0.24833150746624655
1871,110,98.21428571428571,112,0,112,0,0,0.0,11.246320627601502,11.309513698639922,320.23427067002643,8.604719205123608,4.474275511630755,4.02309003392855,9.107142857142858,4.519686177093536,0.5537940553940548,0.0,0.0,0.0,0.0,0.0,0,0,0,0,0,0.0,0.3125,0.6502793098216991,0.1904613574924251,0.7591079932362729,0.5682337535454998,0.0,0.4642857142857143,0.25068475538384977
1872,111,99.10714285714286,112,0,112,0,0,0.0,11.135133581709656,11.193021896880765,306.5856449166083,8.620524471409821,4.584817613266908,4.046660091753615,9.107142857142858,4.519686177093536,0.5480920079517184,0.0,0.0,0.0,0.0,0.0,0,0,0,0,0,0.0,0.30357142857142855,0.6357953985088824,0.19318271848149807,0.7591079932362729,0.5646202395016972,0.0,0.4642857142857143,0.25048599437218594
1873,111,99.10714285714286,112,1,111,0,0,0.008928571428571428,11.190327985820618,11.291065567315599,315.30503237329657,8.63743376539998,4.658887818390572,4.004879931383019,9.107142857142858,4.519686177093536,0.549380417481304,0.9999999999404119,0.4075708816849126,1.0,5.958811222228633e-11,0.06911421977320487,0,1,0,0,0,1.0,0.2857142857142857,0.6373479215747656,0.19352022495125565,0.7727704156284826,0.5709195507629498,0.008928571428571428,0.44642857142857145,0.2511440899042994
1874,111,99.10714285714286,112,0,112,0,0,0.0,11.249613831979326,11.350004506769038,320.9865959083434,8.657436533283132,4.609039118206539,4.006890772175107,9.107142857142858,4.519686177093536,0.5505498506971869,0.0,0.0,0.0,0.0,0.0,0,0,0,0,0,0.0,0.30357142857142855,0.6411694085106271,0.1923224843933866,0.7520020465887877,0.5726892459564242,0.0,0.44642857142857145,0.2518925503026184
1875,110,98.21428571428571,112,1,111,0,0,0.008928571428571428,11.46626275966409,11.569963749745485,360.68276342387924,8.684223936355227,4.491243450222497,3.8036957826298874,9.107142857142858,4.519686177093536,0.555681651962163,0.9999999994155122,0.4166559384129108,1.0,5.84487791499555e-10,-0.048286710997394344,0,1,0,0,0,1.0,0.3125,0.6627633555314567,0.17512444073691377,0.7499169555983536,0.5899700529606837,0.008928571428571428,0.4821428571428571,0.2535811482179681
1876,109,97.32142857142857,112,1,111,0,0,0.008928571428571428,11.342163221446116,11.424697323027779,346.90303371563834,8.705460041893913,4.631465442472691,3.9087581723537994,9.107142857142858,4.519686177093536,0.551753728750014,0.9958590187773007,0.41696926295652154,1.0,0.004140981222699347,-0.027789144130196952,0,1,0,0,0,1.0,0.30357142857142855,0.6527245093499925,0.1737964141855668,0.7242502304238613,0.5898263234565364,0.008928571428571428,0.4642857142857143,0.2534405531901708
1877,109,97.32142857142857,112,0,112,0,0,0.0,11.29549240118682,11.378486142805409,324.0037440459237,8.723418060015137,4.728252852655875,3.894435372260818,9.107142857142858,4.519686177093536,0.5458256940413004,0.0,0.0,0.0,0.0,0.0,0,0,0,0,0,0.0,0.30357142857142855,0.6330300076693495,0.18104357989346803,0.7566826478727045,0.585417354504745,0.0,0.4642857142857143,0.25361302212022674
1878,109,97.32142857142857,112,1,111,0,0,0.008928571428571428,11.215870000598994,11.295687046159538,293.0385275241557,8.737898113356875,4.7395498045190765,3.896488997923511,9.107142857142858,4.519686177093536,0.5443612705284684,0.9999771173786032,0.42159762832656544,1.0,2.288262139682473e-05,-0.05818501634507278,0,1,0,0,0,1.0,0.30357142857142855,0.6169362304148134,0.19481405603721935,0.7345790702495347,0.5835502339396993,0.008928571428571428,0.4821428571428572,0.2535421366019488
1879,108,96.42857142857143,112,1,111,0,0,0.008928571428571428,11.334878056103602,11.374868359803523,304.93787421810515,8.755653975788672,4.711385126153185,3.926720750152665,9.107142857142858,4.519686177093536,0.5472704184100403,0.9999999999417923,0.41313026271496456,1.0,5.820766091346741e-11,-0.03159244709393949,0,1,0,0,0,1.0,0.29464285714285715,0.6265721149320365,0.18569021203292077,0.7061959121086607,0.5881605114860546,0.008928571428571428,0.48214285714285715,0.2545384315094486
1880,108,96.42857142857143,112,1,111,0,0,0.008928571428571428,11.244106851839062,11.323597932808369,281.2829498502637,8.76791238718743,5.015594472094577,4.054220083706711,9.107142857142858,4.519686177093536,0.5426960121040212,0.9999999999417923,0.35508943374040713,1.0,5.820766091346741e-11,0.014077712015274635,0,1,0,0,0,1.0,0.29464285714285715,0.6071314488435029,0.1983129329128628,0.7233059249503894,0.585154325949526,0.008928571428571428,0.4821428571428571,0.2543615963508864
1881,108,96.42857142857143,112,1,111,0,0,0.008928571428571428,11.216420687969544,11.289718970018422,278.03429284760733,8.780193513782946,5.0668051778131575,4.096598970892373,9.107142857142858,4.519686177093536,0.541675672661948,0.9999999999382985,0.40669920650471536,1.0,6.170153277196277e-11,0.048159952927808725,0,1,0,0,0,1.0,0.2767857142857143,0.6045253247615368,0.19421301227969992,0.724218600648753,0.5879399810695654,0.008928571428571428,0.5178571428571429,0.25450069972210326
1882,107,95.53571428571429,112,2,110,0,0,0.017857142857142856,11.219686891928875,11.319342797543351,259.55829423523016,8.791924428245474,5.130666103613193,4.136685418237663,9.107142857142858,4.519686177093536,0.5387150746148452,0.9999999335972225,0.4055285498729149,1.0,6.640277749880852e-08,0.03996599525022981,1,1,0,0,0,1.0,0.2767857142857143,0.5884147053474561,0.21268014168388857,0.7528857532530001,0.5847770985632513,0.017857142857142856,0.4642857142857143,0.2547821310016047
1883,107,95.53571428571429,112,0,112,0,0,0.0,11.350273581438511,11.45338825391239,266.7594657468922,8.808682799738301,5.107188180754923,4.142318659249699,9.107142857142858,4.519686177093536,0.541035209503008,0.0,0.0,0.0,0.0,0.0,0,0,0,0,0,0.0,0.26785714285714285,0.5930802409075439,0.21392346375038981,0.7393691282331407,0.5852808064342366,0.0,0.48214285714285715,0.2558137773490865
1884,108,96.42857142857143,112,0,112,0,0,0.0,11.312511438525565,11.416011581099912,245.08588525193724,8.823332298779608,5.21287922817596,4.151067293188507,9.107142857142858,4.519686177093536,0.5382849389120954,0.0,0.0,0.0,0.0,0.0,0,0,0,0,0,0.0,0.2767857142857143,0.5762662714394179,0.2266840697483382,0.7437509082869675,0.5844835919831192,0.0,0.48214285714285715,0.2559560223261135
1885,109,97.32142857142857,112,0,112,0,0,0.0,11.380950853985153,11.479798367176883,251.4296225773952,8.839626056480242,5.077662434787756,4.0797265280730945,9.107142857142858,4.519686177093536,0.541057153399509,0.0,0.0,0.0,0.0,0.0,0,0,0,0,0,0.0,0.2857142857142857,0.5825096715410816,0.22590978306716103,0.7564770867539241,0.5944451242343778,0.0,0.4821428571428572,0.25666643276067375
1886,109,97.32142857142857,112,1,111,0,0,0.008928571428571428,11.585159620236636,11.63471534799027,292.37376595903663,8.862470553306775,5.023227111257522,4.071726378982327,9.107142857142858,4.519686177093536,0.5476641187411881,0.9999999972968581,0.43391843230279414,1.0,2.703141932514086e-09,-0.08924325412927558,0,1,0,0,0,1.0,0.2857142857142857,0.6082965088905082,0.20224803020583576,0.7825909889592262,0.5941620142940562,0.008928571428571428,0.4642857142857143,0.25820372637457883
1887,110,98.21428571428571,112,1,111,0,0,0.008928571428571428,11.557211848933656,11.584818734186339,278.16611946650494,8.881562380082698,5.174658072946547,4.190348727747866,9.107142857142858,4.519686177093536,0.5436776005165582,0.9999998738256417,0.4266057800051536,1.0,1.2617435829476165e-07,-0.06802686103907885,1,0,0,0,0,1.0,0.3125,0.5963815972359205,0.2163915358687172,0.7666604495171537,0.5866883610075353,0.008928571428571428,0.4285714285714286,0.258495432845937
1888,110,98.21428571428571,112,0,112,0,0,0.0,11.580757088485345,11.606268352970968,282.87043214609923,8.89979715802065,5.17754132082383,4.194658786760379,9.107142857142858,4.519686177093536,0.5411073861533766,0.0,0.0,0.0,0.0,0.0,0,0,0,0,0,0.0,0.29464285714285715,0.5938871886063859,0.21354625828907425,0.7540666581101227,0.5844468080054782,0.0,0.5,0.2590252364126381
1889,110,98.21428571428571,112,0,112,0,0,0.0,11.6408656169593,11.666530612179377,307.7878399573041,8.91938671322027,5.06615932306591,4.1854599320064025,9.107142857142858,4.519686177093536,0.5443210925331328,0.0,0.0,0.0,0.0,0.0,0,0,0,0,0,0.0,0.2767857142857143,0.6114165419808779,0.2017668863576623,0.7498078624744667,0.5848447111209679,0.0,0.5,0.2597684722642635
1890,110,98.21428571428571,112,0,112,0,0,0.0,11.754070078199012,11.779035298532587,325.7015243815194,8.942158769007534,5.017623034432847,4.1419515265549185,9.107142857142858,4.519686177093536,0.5457862188053331,0.0,0.0,0.0,0.0,0.0,0,0,0,0,0,0.0,0.2857142857142857,0.6198128721207583,0.19547348805544068,0.7548469265937161,0.5865667122969044,0.0,0.4642857142857143,0.26084910729929056
1891,111,99.10714285714286,112,0,112,0,0,0.0,11.586488965855136,11.610031248723148,271.9813512401192,8.957790837194768,5.187638982796808,4.21236927337045,9.107142857142858,4.519686177093536,0.5362363113464341,0.0,0.0,0.0,0.0,0.0,0,0,0,0,0,0.0,0.30357142857142855,0.5816764045630994,0.22264360638957573,0.7679155266569035,0.5785248988946563,0.0,0.4642857142857143,0.2603644619500973
1892,111,99.10714285714286,112,1,111,0,0,0.008928571428571428,11.534180645823966,11.553020072840383,248.7875242438865,8.970826355912214,5.203384044071287,4.2189887820022225,9.107142857142858,4.519686177093536,0.5329505079669183,0.9999999999417923,0.42453776349870737,1.0,5.820766091346741e-11,-0.14695015395211097,0,1,0,0,0,1.0,0.30357142857142855,0.5665280512669705,0.2434062821822552,0.7528580682824175,0.5722777147765351,0.008928571428571428,0.4642857142857143,0.2603975026187339
1893,111,99.10714285714286,112,0,112,0,0,0.0,11.426860476299181,11.448796094595183,229.85623293755665,8.979332880757823,5.21710318728771,4.252079358420394,9.107142857142858,4.519686177093536,0.5301442623996575,0.0,0.0,0.0,0.0,0.0,0,0,0,0,0,0.0,0.29464285714285715,0.5542657231183328,0.25249332887281534,0.7397857195155726,0.5673248024487506,0.0,0.4642857142857143,0.26005313588490897
1894,111,99.10714285714286,112,0,112,0,0,0.0,11.374630366746572,11.39445499243814,215.74069479424693,8.985490099549692,5.21728557306434,4.217822032776517,9.107142857142858,4.519686177093536,0.5281335411887453,0.0,0.0,0.0,0.0,0.0,0,0,0,0,0,0.0,0.29464285714285715,0.5437555080064885,0.263468709885696,0.7417506860894687,0.5685554512867874,0.0,0.4642857142857143,0.25993112882046066
1895,111,99.10714285714286,112,0,112,0,0,0.0,11.47062462168978,11.489559652435505,218.1941096949038,8.994807777112271,5.182961610533633,4.205030254275697,9.107142857142858,4.519686177093536,0.5294609256270446,0.0,0.0,0.0,0.0,0.0,0,0,0,0,0,0.0,0.3125,0.5453544507947836,0.27147479451806156,0.7291837227062352,0.5718232957820012,0.0,0.5,0.26062166498758776
1896,111,99.10714285714286,112,0,112,0,0,0.0,11.469749153781335,11.488926343224954,204.87016978313085,9.003681426018952,5.1243412400298025,4.141719566396927,9.107142857142858,4.519686177093536,0.52799405392644,0.0,0.0,0.0,0.0,0.0,0,0,0,0,0,0.0,0.2767857142857143,0.5352107128871492,0.28673127969508766,0.7508931017085212,0.5739169915059286,0.0,0.4642857142857143,0.26081781818956506
1897,111,99.10714285714286,112,1,111,0,0,0.008928571428571428,11.513577392981526,11.56878312277145,215.53220490357648,9.013801235720255,5.037444674033734,4.100797468656096,9.107142857142858,4.519686177093536,0.5295081870899851,0.9999999999417539,0.3943517696724425,1.0,5.824607463011944e-11,0.17562583013827027,1,0,0,0,0,1.0,0.29464285714285715,0.5415810249961172,0.2737216190631235,0.7464825276283784,0.5778187605274051,0.008928571428571428,0.44642857142857145,0.26126565120567496
1898,111,99.10714285714286,112,0,112,0,0,0.0,11.504484468466005,11.560609826049577,196.95549781965732,9.024408334675263,5.055729952682429,4.086895955340302,9.107142857142858,4.519686177093536,0.5257654162196115,0.0,0.0,0.0,0.0,0.0,0,0,0,0,0,0.0,0.29464285714285715,0.5255969927474522,0.29632956644375186,0.7355134657292175,0.5737089443590475,0.0,0.48214285714285715,0.2614598903757274
1899,110,98.21428571428571,112,1,111,0,0,0.008928571428571428,11.49587123061862,11.575085505629245,186.2722749651011,9.034304048683142,5.032331142236223,4.064297888037304,9.107142857142858,4.519686177093536,0.5250796098987227,0.9999982692677833,0.4190754316021104,1.0,1.730732216653763e-06,-0.040762774718333006,0,1,0,0,0,1.0,0.2857142857142857,0.5179851817641883,0.30858240206070303,0.7360780400407669,0.5723186560901359,0.008928571428571428,0.48214285714285715,0.26164045179555995
1900,109,97.32142857142857,112,1,111,0,0,0.008928571428571428,11.478786244811952,11.534472749071552,189.78306722152257,9.043849616764646,5.136239442255822,4.0978678201164795,9.107142857142858,4.519686177093536,0.5242246620461883,0.9999999999417921,0.4215832775250568,1.0,5.820788295807233e-11,0.1768574044282687,0,1,0,0,0,1.0,0.3125,0.5183840724474041,0.29817959612403755,0.7278706130326418,0.5725083037109896,0.008928571428571428,0.48214285714285715,0.261770741727079
1901,109,97.32142857142857,112,0,112,0,0,0.0,11.572662525162313,11.629232272451187,200.96845420607352,9.05557983857467,4.991134730137995,4.0390469401152345,9.107142857142858,4.519686177093536,0.5278791628219028,0.0,0.0,0.0,0.0,0.0,0,0,0,0,0,0.0,0.3125,0.5283919349679288,0.284455840853548,0.7355134657292175,0.577662561282642,0.0,0.48214285714285715,0.26250520773567587
1902,110,98.21428571428571,112,0,112,0,0,0.0,11.576149726856354,11.633988002893533,208.38637062136485,9.06695184644414,5.021754371462131,4.062286675239333,9.107142857142858,4.519686177093536,0.5289252938802993,0.0,0.0,0.0,0.0,0.0,0,0,0,0,0,0.0,0.30357142857142855,0.5346169162995178,0.2671142996515361,0.7276272051098638,0.5809781372665024,0.0,0.48214285714285715,0.26277963327801324
1903,110,98.21428571428571,112,0,112,0,0,0.0,11.544414867765697,11.598249186370884,211.0869687962763,9.076517649365694,5.04798069516887,4.052873653924961,9.107142857142858,4.519686177093536,0.5266305873664541,0.0,0.0,0.0,0.0,0.0,0,0,0,0,0,0.0,0.29464285714285715,0.5324258130669892,0.26101454036669147,0.7273456012948178,0.5804376198256319,0.0,0.48214285714285715,0.26283713111874674
1904,111,99.10714285714286,112,0,112,0,0,0.0,11.612881037107924,11.66638922788489,203.92958008719924,9.08811488084477,5.033714474723988,4.086504397377022,9.107142857142858,4.519686177093536,0.52625263919248,0.0,0.0,0.0,0.0,0.0,0,0,0,0,0,0.0,0.2857142857142857,0.5274326487284459,0.28140566306722004,0.7350597117251016,0.5782289171363936,0.0,0.4642857142857143,0.26344154119950053
1905,112,100.0,112,0,112,0,0,0.0,11.651183715916769,11.704521125575994,212.80014385648752,9.10056670754297,4.927879572630885,4.0329949162339975,9.107142857142858,4.519686177093536,0.5284043216403582,0.0,0.0,0.0,0.0,0.0,0,0,0,0,0,0.0,0.30357142857142855,0.5345566327766468,0.2682517565373642,0.7344515689645046,0.5849778643122653,0.0,0.4642857142857143,0.26391444633858185
1906,112,100.0,112,0,112,0,0,0.0,11.876582955586409,11.934294725939846,228.65186943117115,9.120763787274498,4.77675390360656,3.996492964084222,9.107142857142858,4.519686177093536,0.5335746230361667,0.0,0.0,0.0,0.0,0.0,0,0,0,0,0,0.0,0.3125,0.5477340051573936,0.2672532688792116,0.7344515689645046,0.5894022794409922,0.0,0.4642857142857143,0.26549786484733123
1907,112,100.0,112,0,112,0,0,0.0,12.070202115808822,12.127945199325957,265.56981949783835,9.147049937327234,4.6291568916199735,3.9388408952027176,9.107142857142858,4.519686177093536,0.5396358840044031,0.0,0.0,0.0,0.0,0.0,0,0,0,0,0,0.0,0.29464285714285715,0.5723174662944245,0.23682251583691516,0.7276272051098638,0.5965636975532799,0.0,0.48214285714285715,0.2670599863936551
1908,112,100.0,112,0,112,0,0,0.0,12.082547284809298,12.137765728658854,267.6406387733434,9.172503121574962,4.726074430835733,4.030765888413579,9.107142857142858,4.519686177093536,0.5413852663753935,0.0,0.0,0.0,0.0,0.0,0,0,0,0,0,0.0,0.30357142857142855,0.5754189741020171,0.24749414327868158,0.7282353478704607,0.5904303587461631,0.0,0.48214285714285715,0.26769691426369485
1909,112,100.0,112,0,112,0,0,0.0,12.249533166417681,12.303777125649225,299.1809802417097,9.202808457102357,4.5738828985833475,3.9587558277451307,9.107142857142858,4.519686177093536,0.5460123704999253,0.0,0.0,0.0,0.0,0.0,0,0,0,0,0,0.0,0.30357142857142855,0.5944590661430688,0.23106016327390158,0.7282353478704607,0.5922706974449479,0.0,0.48214285714285715,0.26921669670211346
1910,112,100.0,112,0,112,0,0,0.0,12.303754793341884,12.361404425036826,306.9744115058436,9.23382774503672,4.48545843475042,3.8963997612744805,9.107142857142858,4.519686177093536,0.5469379795197109,0.0,0.0,0.0,0.0,0.0,0,0,0,0,0,0.0,0.32142857142857145,0.5984356812502953,0.22865436350170187,0.7156790609479415,0.5954856739156763,0.0,0.48214285714285715,0.27018879207123564
1911,112,100.0,112,0,112,0,0,0.0,12.334472058475397,12.395158843853354,315.4267810250426,9.264665533543209,4.418885576655856,3.878213357438888,9.107142857142858,4.519686177093536,0.5494095631661511,0.0,0.0,0.0,0.0,0.0,0,0,0,0,0,0.0,0.3125,0.6058741301877786,0.2255324942552912,0.685208113457076,0.5965328385617058,0.0,0.5,0.27103926402912776
1912,112,100.0,112,0,112,0,0,0.0,12.470350974779715,12.528987943458432,359.5803281234425,9.298948475037873,4.47667818670161,3.8597120051816978,9.107142857142858,4.519686177093536,0.55334961187157,0.0,0.0,0.0,0.0,0.0,0,0,0,0,0,0.0,0.30357142857142855,0.62737533014592,0.2111758470207002,0.6853147390362699,0.5947514711365279,0.0,0.5,0.27249339929456706
1913,112,100.0,112,0,112,0,0,0.0,12.45709852177066,12.51746459332831,340.7387952869955,9.33126527975433,4.536644088968941,3.872210826930595,9.107142857142858,4.519686177093536,0.5500960428261585,0.0,0.0,0.0,0.0,0.0,0,0,0,0,0,0.0,0.30357142857142855,0.6144313872287784,0.2224143051215527,0.6853147390362699,0.590839821117159,0.0,0.5,0.27315744610734577
1914,112,100.0,112,0,112,0,0,0.0,12.631750745912996,12.690485892940798,368.75916188606277,9.368377482124743,4.4342680238235275,3.8992627811837233,9.107142857142858,4.519686177093536,0.5550674037202776,0.0,0.0,0.0,0.0,0.0,0,0,0,0,0,0.0,0.3125,0.6313921306771192,0.21307250402899652,0.6928744607100727,0.5918187905405559,0.0,0.5,0.27486938476833267
1915,112,100.0,112,0,112,0,0,0.0,12.687972403826775,12.746593636888154,369.2411112627758,9.405841044572583,4.419522468935793,3.8669462191164214,9.107142857142858,4.519686177093536,0.5569999417661347,0.0,0.0,0.0,0.0,0.0,0,0,0,0,0,0.0,0.3125,0.6325818772949364,0.22255968805070334,0.7010550294231277,0.5916118002639504,0.0,0.5,0.27599711078460254
1916,112,100.0,112,0,112,0,0,0.0,12.767623591209102,12.824367581501662,403.923144057838,9.44442348214628,4.448858747805813,3.9498724358747004,9.107142857142858,4.519686177093536,0.5590662875530785,0.0,0.0,0.0,0.0,0.0,0,0,0,0,0,0.0,0.29464285714285715,0.6473787407022363,0.20916915456104165,0.6853147390362699,0.5931303221220673,0.0,0.5,0.27726726927041623
1917,112,100.0,112,0,112,0,0,0.0,12.9108666125512,12.963041221238738,452.2272311865917,9.486276205283351,4.619374001728885,4.036038014894818,9.107142857142858,4.519686177093536,0.5605893369739223,0.0,0.0,0.0,0.0,0.0,0,0,0,0,0,0.0,0.30357142857142855,0.6644664860399292,0.19986672884694048,0.6853147390362699,0.592165011437218,0.0,0.5,0.2789292902483084
1918,111,99.10714285714286,112,1,111,0,0,0.008928571428571428,12.98675475301508,13.027517339147394,499.8557005220417,9.528843504220486,4.583312145128027,3.9317760268547977,9.107142857142858,4.519686177093536,0.5644443778323849,0.9999999999417923,0.42692020781299245,1.0,5.820766091346741e-11,-0.18644718751925282,0,1,0,0,0,1.0,0.33035714285714285,0.6864504543664246,0.1823679708581428,0.6928728270596081,0.5983200547946875,0.008928571428571428,0.5,0.28027068511363973
1919,111,99.10714285714286,112,0,112,0,0,0.0,13.217649842732925,13.255802634644352,567.26837150131,9.577466224996018,4.5336011523668445,3.9839290685651685,9.107142857142858,4.519686177093536,0.5689506057278391,0.0,0.0,0.0,0.0,0.0,0,0,0,0,0,0.0,0.3125,0.7107761143134554,0.1684344245456984,0.6799549537211664,0.6044462183613025,0.0,0.5357142857142856,0.28252395775713823
1920,111,99.10714285714286,112,0,112,0,0,0.0,13.205555295042346,13.244615118330923,575.3668160051743,9.623486838879025,4.595846606883511,4.042278527688586,9.107142857142858,4.519686177093536,0.5681916489784078,0.0,0.0,0.0,0.0,0.0,0,0,0,0,0,0.0,0.33035714285714285,0.7120125749965774,0.16561866746363355,0.681408528691652,0.6050413063004708,0.0,0.5357142857142856,0.2835034786808272
1921,111,99.10714285714286,112,1,111,0,0,0.008928571428571428,13.109479445171369,13.144675991221737,561.6615664134392,9.663941690526332,4.815489272194542,4.149716223277234,9.107142857142858,4.519686177093536,0.564799763219836,0.999999999941755,0.43047306606375235,1.0,5.824496440709481e-11,0.10282069343430145,0,1,0,0,0,1.0,0.35714285714285715,0.7041087686208741,0.16804316769397382,0.68469969778735,0.6022568827344658,0.008928571428571428,0.5178571428571428,0.28393731560040586
1922,111,99.10714285714286,112,0,112,0,0,0.0,12.997705785516995,13.03260282848651,546.7939487148203,9.69838805262092,4.902268193273942,4.200515605097989,9.107142857142858,4.519686177093536,0.5602934551720893,0.0,0.0,0.0,0.0,0.0,0,0,0,0,0,0.0,0.36607142857142855,0.6941425613250137,0.166619489635305,0.6837573048080445,0.5989877353721267,0.0,0.5714285714285714,0.2841568810351843
1923,111,99.10714285714286,112,0,112,0,0,0.0,13.16502604417886,13.198644187921705,579.7232132560223,9.737281185945928,4.912315103283322,4.1882721469460416,9.107142857142858,4.519686177093536,0.5623579487566577,0.0,0.0,0.0,0.0,0.0,0,0,0,0,0,0.0,0.3482142857142857,0.7025712700143725,0.1616895090097892,0.6879906203123611,0.600509468613896,0.0,0.5178571428571428,0.2858724061138581
1924,111,99.10714285714286,112,0,112,0,0,0.0,13.141995042230162,13.176727226611943,523.3584942116045,9.773624009403601,4.7703935142217135,4.0398020840948705,9.107142857142858,4.519686177093536,0.559345549725514,0.0,0.0,0.0,0.0,0.0,0,0,0,0,0,0.0,0.33035714285714285,0.6789457985987631,0.1791856153426665,0.6911277489885164,0.603749586358683,0.0,0.5357142857142856,0.28657854188820564
1925,110,98.21428571428571,112,1,111,0,0,0.008928571428571428,12.903160916074894,12.926824840542869,459.7769432321263,9.799693433966015,4.927507837689769,4.062992538181478,9.107142857142858,4.519686177093536,0.552716482957659,0.9999999999417923,0.40984080785955224,1.0,5.820766091346741e-11,0.055838457380358086,0,1,0,0,0,1.0,0.3482142857142857,0.6512705030949978,0.19557802947595496,0.6870351768904438,0.5970385834740026,0.008928571428571428,0.5178571428571428,0.2859734993466269
1926,110,98.21428571428571,112,1,111,0,0,0.008928571428571428,12.669225936465876,12.665229077774622,432.32352767596194,9.815651203261329,5.350158787245235,4.3540142138538105,9.107142857142858,4.519686177093536,0.5456933476564909,0.9999999999367677,0.42176564911116543,1.0,6.323230827831594e-11,0.03658186725146706,1,0,0,0,0,1.0,0.3392857142857143,0.6359713801344825,0.19796826049148392,0.6870351768904438,0.5886691577177603,0.008928571428571428,0.5178571428571428,0.2851644449950882
1927,110,98.21428571428571,112,0,112,0,0,0.0,12.499878531714897,12.494701598847376,404.5805408840697,9.823791613461564,5.439361957542616,4.381396131072916,9.107142857142858,4.519686177093536,0.5401967250868989,0.0,0.0,0.0,0.0,0.0,0,0,0,0,0,0.0,0.36607142857142855,0.6207440397808871,0.19869481584063822,0.7064293409892083,0.5857020560135083,0.0,0.5178571428571429,0.2845016684686227
1928,109,97.32142857142857,112,1,111,0,0,0.008928571428571428,12.571075145629619,12.559403475135658,411.22856858529343,9.834068899770086,5.370890342247299,4.345488895772241,9.107142857142858,4.519686177093536,0.5431772447230239,0.9999999999417848,0.41016084699733,1.0,5.821521043003486e-11,0.09500162364733367,1,0,0,0,0,1.0,0.3482142857142857,0.6266582078730745,0.19980942488663658,0.7518877692507221,0.594490224898682,0.008928571428571428,0.4821428571428571,0.2850899020825296
1929,108,96.42857142857143,112,1,111,0,0,0.008928571428571428,12.71451034287202,12.727315443622935,434.439578068205,9.848848214855854,5.470686136575253,4.394881409150643,9.107142857142858,4.519686177093536,0.5425441509187963,0.9999998076221277,0.4080653268005153,1.0,1.9237787229897663e-07,0.06438366762033976,1,0,0,0,0,1.0,0.33035714285714285,0.6294965673620647,0.20425373706174235,0.756348692573063,0.5931234385259186,0.008928571428571428,0.4642857142857143,0.2861410673992419
1930,109,97.32142857142857,112,1,111,0,0,0.008928571428571428,12.716059613218647,12.72506961449038,426.7519521961468,9.863968157589424,5.504455258375903,4.384581771274066,9.107142857142858,4.519686177093536,0.5394403766426996,0.9999999999407174,0.4227945875387279,1.0,5.928257884590948e-11,0.037250448147513104,0,1,0,0,0,1.0,0.3482142857142857,0.6209935308252513,0.20553445717044957,0.7471146689713434,0.593636946492094,0.008928571428571428,0.4642857142857143,0.2864905007318318
1931,109,97.32142857142857,112,0,112,0,0,0.0,12.846130708949193,12.856409096213413,442.70498717447236,9.88300322809167,5.396298785892372,4.232915782375317,9.107142857142858,4.519686177093536,0.5401963802480538,0.0,0.0,0.0,0.0,0.0,0,0,0,0,0,0.0,0.3392857142857143,0.6233759302218175,0.20044641081743186,0.756348692573063,0.6029885271461881,0.0,0.4642857142857143,0.28757101893562953
1932,108,96.42857142857143,112,2,110,0,0,0.017857142857142856,12.959844778578713,12.96607475196318,477.12265364662056,9.905304786850234,5.435678299240958,4.275977214176183,9.107142857142858,4.519686177093536,0.5439414083119014,0.9999999844627656,0.41330143148905574,1.0,1.5537234387963395e-08,0.027436759488185025,1,1,0,0,0,1.0,0.3482142857142857,0.6392428954371999,0.1851201731893772,0.7071610725329233,0.6021125014625702,0.017857142857142856,0.4642857142857143,0.2886435695180208
1933,109,97.32142857142857,112,0,112,0,0,0.0,12.9353253960027,12.938768792345584,434.5938005806952,9.925449491274968,5.496027354025993,4.237442812763554,9.107142857142858,4.519686177093536,0.53915514903488,0.0,0.0,0.0,0.0,0.0,0,0,0,0,0,0.0,0.33035714285714285,0.616901733255841,0.20464569925808052,0.6866350380002184,0.5969545168067507,0.0,0.4642857142857143,0.2889762113157912
1934,108,96.42857142857143,112,1,110,0,1,0.008928571428571428,13.201006824649113,13.215943408352755,468.1778932288885,9.954264930243998,5.5235866466812364,4.266844420197492,9.107142857142858,4.519686177093536,0.5410492541077565,0.999007831570905,0.4204353764310862,1.0,0.0009921684290949973,0.005138537516236941,1,1,0,0,0,1.0,0.3125,0.6249684559758796,0.19962310068275074,0.7001760419552612,0.5988729893161356,0.008928571428571428,0.48214285714285715,0.2909558021649993
1935,108,96.42857142857143,112,1,111,0,0,0.008928571428571428,13.23186698130356,13.210393555719289,450.65893859358744,9.983353915822708,5.463653235616972,4.220369260078426,9.107142857142858,4.519686177093536,0.5446618559590359,0.9999999999417923,0.4003269431467963,1.0,5.820766091346741e-11,-0.05724993333086692,0,1,0,0,0,1.0,0.32142857142857145,0.6259491039323495,0.21148544436440167,0.7245066165698513,0.6013080628454917,0.008928571428571428,0.4821428571428571,0.2917674683784004
1936,107,95.53571428571429,112,1,111,0,0,0.008928571428571428,13.393374303082721,13.394306018064508,477.2004753407209,10.015653918925368,5.28749224577501,4.088123156351558,9.107142857142858,4.519686177093536,0.5453257333347232,0.9086127598100879,0.39050526788490847,1.0,0.09138724018991207,0.006663185536101679,0,1,0,0,0,0.0,0.32142857142857145,0.6323098778680395,0.20594144532714176,0.7347822570236588,0.5993972164565707,0.008928571428571428,0.4821428571428571,0.29330493437501204
1937,109,97.32142857142857,112,0,112,0,0,0.0,13.59613627724599,13.600822613452614,536.6268428925607,10.054749392911155,5.03254285319803,3.9842157267438134,9.107142857142858,4.519686177093536,0.5511895415920582,0.0,0.0,0.0,0.0,0.0,0,0,0,0,0,0.0,0.3125,0.6574939709054016,0.1905757892809877,0.7358934853789407,0.6084956861316686,0.0,0.4821428571428572,0.2952022406126308
1938,109,97.32142857142857,112,0,112,0,0,0.0,13.676689901598197,13.68260381522529,539.6673059846692,10.095034877100922,5.061390721989794,4.0437975035518585,9.107142857142858,4.519686177093536,0.5542540577298751,0.0,0.0,0.0,0.0,0.0,0,0,0,0,0,0.0,0.3392857142857143,0.6631576151344125,0.198355047332234,0.7527256930883723,0.6121706256204708,0.0,0.4821428571428572,0.29651539746454186
1939,110,98.21428571428571,112,0,112,0,0,0.0,13.892204892968097,13.899317200856855,596.9482646863755,10.141335395777828,4.942151775479019,4.042307188974546,9.107142857142858,4.519686177093536,0.5605687548217864,0.0,0.0,0.0,0.0,0.0,0,0,0,0,0,0.0,0.3392857142857143,0.6860143743812516,0.18942019333001248,0.7358934853789407,0.6153236608376257,0.0,0.4821428571428572,0.29863929149267276
1940,111,99.10714285714286,112,0,112,0,0,0.0,14.065265581354494,14.075821056272474,677.8351826886808,10.191925212596379,4.869883866727032,4.044655860725208,9.107142857142858,4.519686177093536,0.5652377712287551,0.0,0.0,0.0,0.0,0.0,0,0,0,0,0,0.0,0.3482142857142857,0.7137383221214522,0.17731400190287644,0.7358934853789407,0.6169237555266689,0.0,0.4821428571428572,0.30064784541348727
1941,112,100.0,112,0,112,0,0,0.0,14.34965724118903,14.361583823642952,766.3592048556382,10.250560992694064,4.738905680379515,3.997140557828591,9.107142857142858,4.519686177093536,0.5710026513624722,0.0,0.0,0.0,0.0,0.0,0,0,0,0,0,0.0,0.3392857142857143,0.7406224295337104,0.16335214550048957,0.7336828140651643,0.6248708157025068,0.0,0.4821428571428572,0.30339488033661294
1942,112,100.0,112,0,112,0,0,0.0,14.08742700813271,14.098718346126354,677.1475620562381,10.297042063822506,5.0456841123269145,4.114855274795237,9.107142857142858,4.519686177093536,0.560547921271197,0.0,0.0,0.0,0.0,0.0,0,0,0,0,0,0.0,0.33035714285714285,0.7060700030598611,0.17248543153396276,0.7347822570236588,0.6150972629212805,0.0,0.4821428571428571,0.30313412844470994
1943,110,98.21428571428571,112,2,110,0,0,0.017857142857142856,14.384071152102052,14.389209091410724,763.0961641696399,10.352167950672898,4.9191467487931835,4.018151648701789,9.107142857142858,4.519686177093536,0.567582937010388,0.9999999998203767,0.39193176669685276,1.0,1.7962331622101146e-10,0.02947691510588779,0,2,0,0,0,1.0,0.3392857142857143,0.7358072100173151,0.16221959103254974,0.7062970455213947,0.6206031419641782,0.017857142857142856,0.5,0.30586310770854536
1944,110,98.21428571428571,112,0,112,0,0,0.0,14.369544780482709,14.375561939208152,724.9167882300673,10.404066675453558,4.998524836625217,4.035861895712732,9.107142857142858,4.519686177093536,0.5636469046022297,0.0,0.0,0.0,0.0,0.0,0,0,0,0,0,0.0,0.32142857142857145,0.7182623676715806,0.16724586051226348,0.7244167265382242,0.6178560910479819,0.0,0.4821428571428571,0.3069633055954483
1945,108,96.42857142857143,112,2,110,0,0,0.017857142857142856,14.589206153541578,14.568101905505733,793.8927522401308,10.461582869282694,4.805698762123048,3.8804543375784966,9.107142857142858,4.519686177093536,0.5695086257892663,0.9956198920792526,0.37907285866365187,1.0,0.004380107920747389,0.04230842655969336,0,2,0,0,0,1.0,0.3125,0.7443034971454355,0.15773003554424253,0.7207438235004981,0.6357812956523616,0.017857142857142856,0.4821428571428571,0.3093613881917855
1946,108,96.42857142857143,112,0,112,0,0,0.0,14.361983661781425,14.342629955420717,692.0789480576591,10.507345645256,4.975512773104932,3.884013413902889,9.107142857142858,4.519686177093536,0.5613170038111406,0.0,0.0,0.0,0.0,0.0,0,0,0,0,0,0.0,0.33035714285714285,0.7082331529231757,0.1677163184890088,0.7521582442147139,0.6373889579258526,0.0,0.4821428571428572,0.3092594426629447
1947,107,95.53571428571429,112,1,111,0,0,0.008928571428571428,14.317773430381834,14.33803327331269,697.0171589358162,10.54949783211897,5.1423194702390465,4.000890467723137,9.107142857142858,4.519686177093536,0.5591189600058601,0.9951076308864162,0.39904597003772047,1.0,0.0048923691135838165,0.07541001213510379,0,1,0,0,0,1.0,0.32142857142857145,0.7046835959454597,0.16510395041841436,0.753059366635803,0.6330942751018672,0.008928571428571428,0.4821428571428572,0.3099909647874408
1948,109,97.32142857142857,112,0,112,0,0,0.0,14.208784354930819,14.230098106703116,615.9868622212481,10.587218258540316,5.251189126280716,4.04987676496797,9.107142857142858,4.519686177093536,0.5539683049302095,0.0,0.0,0.0,0.0,0.0,0,0,0,0,0,0.0,0.3482142857142857,0.675928606348228,0.18362957091590626,0.7407710060277296,0.6264533887753289,0.0,0.4821428571428571,0.31029844185963895
1949,109,97.32142857142857,112,0,112,0,0,0.0,14.384179163033204,14.406063843844054,629.7126412203123,10.629596319341136,5.090770177808908,3.9759404909174707,9.107142857142858,4.519686177093536,0.5559122985765748,0.0,0.0,0.0,0.0,0.0,0,0,0,0,0,0.0,0.3392857142857143,0.6793094681984941,0.17784126418404742,0.7407710060277296,0.6282045422292802,0.0,0.4821428571428571,0.31213309357821833
1950,110,98.21428571428571,112,1,111,0,0,0.008928571428571428,14.433509079798103,14.407107233134052,668.1589047313354,10.671880907690838,5.165317700841324,4.052452928026019,9.107142857142858,4.519686177093536,0.5563620794259667,0.9999999999417923,0.44069648272260853,1.0,5.820766091346741e-11,0.0610731308663226,1,0,0,0,0,1.0,0.33035714285714285,0.6921455416719862,0.16422738438709603,0.7504895001663616,0.6310364607362284,0.008928571428571428,0.5,0.313335308509384
1951,110,98.21428571428571,112,0,112,0,0,0.0,14.632192730585777,14.60906415936288,727.2267507695134,10.71777246420081,5.179332851585351,4.168902482498379,9.107142857142858,4.519686177093536,0.55819090486722,0.0,0.0,0.0,0.0,0.0,0,0,0,0,0,0.0,0.32142857142857145,0.7081455857409544,0.1498511546993526,0.7668158720126871,0.6314674980822976,0.0,0.4285714285714286,0.3153658039313395
1952,111,99.10714285714286,112,0,112,0,0,0.0,14.456686350549242,14.435796477459668,662.9515527613588,10.755324942000069,5.173208653509876,4.172222533888096,9.107142857142858,4.519686177093536,0.5532293539012412,0.0,0.0,0.0,0.0,0.0,0,0,0,0,0,0.0,0.3392857142857143,0.688914878067868,0.16046278048987583,0.7602676575843783,0.625851850224964,0.0,0.4642857142857143,0.31533689910528145
1953,111,99.10714285714286,112,0,112,0,0,0.0,14.374958633449777,14.351340872542325,670.0908066751504,10.788126463010094,5.24746088005086,4.213409408232345,9.107142857142858,4.519686177093536,0.5524069654455508,0.0,0.0,0.0,0.0,0.0,0,0,0,0,0,0.0,0.33035714285714285,0.6919250971081411,0.16021387468145654,0.7523791788754061,0.6190859479783712,0.0,0.4642857142857143,0.31566952342526744
1954,111,99.10714285714286,112,0,112,0,0,0.0,14.68965975176429,14.664699868785146,755.9230175611758,10.830775732799445,5.0349280996435795,4.072783038226697,9.107142857142858,4.519686177093536,0.5575298089310774,0.0,0.0,0.0,0.0,0.0,0,0,0,0,0,0.0,0.33035714285714285,0.7169600203012418,0.1469671856165412,0.7760388424025633,0.6215634059251006,0.0,0.4285714285714286,0.3182068355924903
1955,112,100.0,112,0,112,0,0,0.0,14.951910483723747,14.924268239908242,853.1771548518916,10.880882730069306,4.9888605313169405,4.092685740073917,9.107142857142858,4.519686177093536,0.5638239452420408,0.0,0.0,0.0,0.0,0.0,0,0,0,0,0,0.0,0.33035714285714285,0.7461351269776603,0.1366831405487331,0.7747338739575093,0.6231933517870095,0.0,0.4642857142857143,0.32065042876696886
1956,111,99.10714285714286,112,1,111,0,0,0.008928571428571428,14.91709399258916,14.955326151863149,829.2229397881129,10.927668542594109,5.092956332701775,4.117639871985597,9.107142857142858,4.519686177093536,0.5625897356640115,0.992779547384258,0.43050363970292044,1.0,0.007220452615742001,-0.06067228491876797,1,0,0,0,0,1.0,0.30357142857142855,0.7386148294941537,0.14224030460163448,0.7302505921761839,0.620162726020168,0.008928571428571428,0.4642857142857143,0.3215336322620581
1957,109,97.32142857142857,112,2,110,0,0,0.017857142857142856,15.216667233794633,15.282588207333827,1059.214364387247,10.985180151396383,5.104432352422604,4.216096373743659,9.107142857142858,4.519686177093536,0.5709300666186123,0.9999876933224358,0.42973577574276084,1.0,1.2306677564244417e-05,0.02848284238161769,1,1,0,0,0,1.0,0.32142857142857145,0.7949900293975259,0.12315176742199108,0.7386026911856136,0.6062052502058821,0.017857142857142856,0.44642857142857145,0.3243311705847157
1958,108,96.42857142857143,112,1,111,0,0,0.008928571428571428,15.140987133503447,15.127594079388091,985.9906998482417,11.038486196331805,5.490609575342641,4.456968824911357,9.107142857142858,4.519686177093536,0.5678319286729627,0.9999999336261434,0.4279089511238042,1.0,6.637385663310624e-08,0.5362920200476324,0,1,0,0,0,1.0,0.3125,0.7752386408637372,0.14788735466523423,0.7303261231189817,0.5985728424435491,0.008928571428571428,0.48214285714285715,0.32515740305551055
1959,108,96.42857142857143,112,0,112,0,0,0.0,14.886377763754004,14.872446977512656,906.4305855052942,11.077331605746382,5.793569208671032,4.583670262174495,9.107142857142858,4.519686177093536,0.5607974926185437,0.0,0.0,0.0,0.0,0.0,0,0,0,0,0,0.0,0.30357142857142855,0.7503627157283086,0.1477987297772785,0.7366257646817013,0.589568556410044,0.0,0.4642857142857143,0.32476220150663637
1960,108,96.42857142857143,112,0,112,0,0,0.0,14.819562765868097,14.80673495377856,887.6468804839445,11.112045342758494,5.748208553574357,4.485840987484424,9.107142857142858,4.519686177093536,0.5619018541823646,0.0,0.0,0.0,0.0,0.0,0,0,0,0,0,0.0,0.33035714285714285,0.7505286782467289,0.14824480484513985,0.7382922400045155,0.595041833843031,0.0,0.4464285714285715,0.32521260250385137
1961,109,97.32142857142857,112,0,112,0,0,0.0,14.725066032699084,14.71149905828094,803.6989252568146,11.14174663691377,5.652177526682341,4.442714498062105,9.107142857142858,4.519686177093536,0.5580812424324779,0.0,0.0,0.0,0.0,0.0,0,0,0,0,0,0.0,0.30357142857142855,0.7280524987433628,0.15722275624576199,0.7372799858478049,0.5960492011862826,0.0,0.4821428571428572,0.32541132148118324
1962,110,98.21428571428571,112,1,110,0,1,0.008928571428571428,14.689035541429591,14.640807686663708,774.8491378546289,11.168920041542533,5.6689248371226935,4.511006685092442,9.107142857142858,4.519686177093536,0.5592937282248809,0.9999845397093772,0.4249223547926253,1.0,1.5460290622826278e-05,0.0321552625393684,1,1,0,0,0,1.0,0.3392857142857143,0.7257828568959788,0.16484486551387834,0.7773900710673682,0.600403143842844,0.008928571428571428,0.4821428571428572,0.32584524533126175
1963,111,99.10714285714286,112,0,112,0,0,0.0,14.707005861904435,14.658552596729278,779.1507663443332,11.194136366675393,5.492948679824478,4.453865256470898,9.107142857142858,4.519686177093536,0.561193773668478,0.0,0.0,0.0,0.0,0.0,0,0,0,0,0,0.0,0.3482142857142857,0.7308965109963591,0.16392630028825939,0.7629911397271966,0.6048796971735284,0.0,0.48214285714285715,0.3265049463143363
1964,111,99.10714285714286,112,0,112,0,0,0.0,14.767523610726311,14.71942778815626,793.7840279957206,11.220414087136616,5.653716159538712,4.449030233105326,9.107142857142858,4.519686177093536,0.560959975474866,0.0,0.0,0.0,0.0,0.0,0,0,0,0,0,0.0,0.3392857142857143,0.7291266880643461,0.16130879485205196,0.7214919309740675,0.6077016819595895,0.0,0.5,0.3274013703081163
1965,110,98.21428571428571,112,1,111,0,0,0.008928571428571428,14.981780642252492,14.998262423339288,869.7481884607046,11.253168926956787,5.792240383244898,4.533880966446035,9.107142857142858,4.519686177093536,0.5669629474819309,0.999999999925514,0.4269309960427442,1.0,7.448597294512638e-11,-0.046403848496569644,0,1,0,0,0,1.0,0.3392857142857143,0.7500486724963543,0.1577082936566248,0.7593471393840541,0.612430037793611,0.008928571428571428,0.4821428571428571,0.32921286344958794
1966,110,98.21428571428571,112,0,112,0,0,0.0,14.942440653498524,14.960797695487118,822.3812945703006,11.285505890820822,5.578898915334521,4.4732059441426495,9.107142857142858,4.519686177093536,0.565108619657313,0.0,0.0,0.0,0.0,0.0,0,0,0,0,0,0.0,0.375,0.738576133334243,0.16301029523144947,0.7553926942639495,0.6099697817108376,0.0,0.5,0.32974692814874534
1967,111,99.10714285714286,112,0,112,0,0,0.0,15.221532256809402,15.23209501502006,940.9353208523949,11.326190755358809,5.582690560308083,4.486420192583535,9.107142857142858,4.519686177093536,0.5706794690151913,0.0,0.0,0.0,0.0,0.0,0,0,0,0,0,0.0,0.3482142857142857,0.7667449060395191,0.1456275185476449,0.731495213532231,0.6129481337192002,0.0,0.4821428571428571,0.33206180026464605
1968,111,99.10714285714286,112,0,112,0,0,0.0,15.329868209700079,15.3362196016565,1049.8882812663248,11.368801675337433,5.671976658278235,4.5370164973086835,9.107142857142858,4.519686177093536,0.5744256914647694,0.0,0.0,0.0,0.0,0.0,0,0,0,0,0,0.0,0.375,0.792841583184017,0.13428776018257418,0.7217612331015799,0.6145447825957566,0.0,0.49999999999999994,0.33356641995920255
1969,111,99.10714285714286,112,0,112,0,0,0.0,15.099600367610359,15.110146346461326,913.7322288284512,11.401312474123722,5.577376327216904,4.4591295516630876,9.107142857142858,4.519686177093536,0.569276555980442,0.0,0.0,0.0,0.0,0.0,0,0,0,0,0,0.0,0.35714285714285715,0.7620556854073067,0.14952543444371044,0.7327386667501811,0.6101547202329317,0.0,0.49999999999999994,0.33314977378815724
1970,112,100.0,112,0,112,0,0,0.0,14.890221771787745,14.901789396598849,813.3495482892398,11.42482022262165,5.742703932434968,4.494573288011112,9.107142857142858,4.519686177093536,0.5641735602319782,0.0,0.0,0.0,0.0,0.0,0,0,0,0,0,0.0,0.36607142857142855,0.7332682858260682,0.16640121664951082,0.7349556783107929,0.6063439244051915,0.0,0.4821428571428571,0.33263411903874757
1971,112,100.0,112,0,112,0,0,0.0,14.66747702590215,14.678590375971776,747.8177166808986,11.439195178434012,6.060097075897216,4.573255373693177,9.107142857142858,4.519686177093536,0.5579723784056834,0.0,0.0,0.0,0.0,0.0,0,0,0,0,0,0.0,0.35714285714285715,0.7089827225518484,0.17619595035085045,0.7360595889589387,0.6019713069742496,0.0,0.4821428571428571,0.33184524675472693
1972,112,100.0,112,0,112,0,0,0.0,14.727492372720302,14.738597207374639,810.0524586671206,11.455090127726946,6.153264416203077,4.644514893126579,9.107142857142858,4.519686177093536,0.5613965168434201,0.0,0.0,0.0,0.0,0.0,0,0,0,0,0,0.0,0.36607142857142855,0.7279066897481548,0.1620943854963666,0.7327386667501811,0.6070827586507302,0.0,0.49999999999999994,0.3325045244018421
1973,111,99.10714285714286,112,1,111,0,0,0.008928571428571428,14.734733229227585,14.755094583058971,765.8827003521184,11.470624424589719,6.2137371171685745,4.635489793531311,9.107142857142858,4.519686177093536,0.5606332767830222,0.9999999999417919,0.4178994224900585,1.0,5.820810500267726e-11,-0.22599767091873701,0,1,0,0,0,1.0,0.35714285714285715,0.7143942405341429,0.17499290575176946,0.7603807103548051,0.6026605893505065,0.008928571428571428,0.5178571428571429,0.33289177941838616
1974,110,98.21428571428571,112,1,111,0,0,0.008928571428571428,14.924298890059758,14.936610020478728,829.1529197002097,11.492430894764968,6.278610973543528,4.661733500532866,9.107142857142858,4.519686177093536,0.5662756572954901,0.9999898237814213,0.4041577739312445,1.0,1.017621857868356e-05,-0.1560258060813844,0,1,0,0,0,1.0,0.35714285714285715,0.7350151432693275,0.16936012579438756,0.7340169801834932,0.610548927506385,0.008928571428571428,0.5535714285714286,0.33433239973165846
1975,110,98.21428571428571,112,0,112,0,0,0.0,14.996506032564026,15.014068096908009,859.670980141921,11.51588009251854,6.15422565172515,4.675570972453166,9.107142857142858,4.519686177093536,0.5673316415003729,0.0,0.0,0.0,0.0,0.0,0,0,0,0,0,0.0,0.39285714285714285,0.7453038777797957,0.1639053629366858,0.741823755523014,0.6087253301153545,0.0,0.5535714285714286,0.33522335051893354
1976,110,98.21428571428571,112,0,112,0,0,0.0,14.644854332109219,14.661896029207522,723.9847077696865,11.525535802311849,6.242999966913016,4.591383907454426,9.107142857142858,4.519686177093536,0.5580098811339855,0.0,0.0,0.0,0.0,0.0,0,0,0,0,0,0.0,0.375,0.7038339998105825,0.1842367180821485,0.7340169801834932,0.6031960857220283,0.0,0.5535714285714286,0.3336832959070737
1977,110,98.21428571428571,112,1,111,0,0,0.008928571428571428,14.491200524060437,14.524692719869488,657.000066924927,11.529248369721785,6.278413301413456,4.5190490472540965,9.107142857142858,4.519686177093536,0.5546646698680266,0.9151416423190204,0.4127235345833946,1.0,0.0848583576809796,-0.213581871084771,0,1,0,0,0,0.0,0.36607142857142855,0.682029699540876,0.19799813616595355,0.7503071138874884,0.6051280420274574,0.008928571428571428,0.5178571428571428,0.33299892506485085
1978,110,98.21428571428571,112,1,111,0,0,0.008928571428571428,14.734755281506775,14.794907150954371,764.7352913745564,11.542009783862751,5.993780663248948,4.4375584550022396,9.107142857142858,4.519686177093536,0.5632391151692251,0.9999999995197462,0.4078127247079331,1.0,4.802538366988074e-10,0.05386660638958851,0,1,0,0,0,1.0,0.36607142857142855,0.7200858425518254,0.1807848935817786,0.7644249786136832,0.6144778707818226,0.008928571428571428,0.5178571428571429,0.33450508678754803
1979,110,98.21428571428571,112,1,111,0,0,0.008928571428571428,15.080268838611053,15.114298688989315,869.4640317391099,11.567882949257509,6.041844490894347,4.504411429356085,9.107142857142858,4.519686177093536,0.5704177671917128,0.9999999999417852,0.42979401840901466,1.0,5.821476634082501e-11,0.051738968184428025,0,1,0,0,0,1.0,0.36607142857142855,0.7486450951502004,0.16632044555123124,0.7558587485395025,0.6148693351929697,0.008928571428571428,0.5178571428571428,0.33681734751303116
1980,110,98.21428571428571,112,0,112,0,0,0.0,15.44611650905823,15.475445725539256,1004.1343386129756,11.604604207658207,5.812502863631511,4.454629371567402,9.107142857142858,4.519686177093536,0.5791131103753762,0.0,0.0,0.0,0.0,0.0,0,0,0,0,0,0.0,0.375,0.7860239087004868,0.1549695202966844,0.7558587485395025,0.6181941404826883,0.0,0.5178571428571428,0.33947642868526257
1981,110,98.21428571428571,112,0,112,0,0,0.0,15.371319570278242,15.399883559922772,987.3266228272954,11.636933642215327,5.952153754577012,4.485038281655063,9.107142857142858,4.519686177093536,0.5765567864472823,0.0,0.0,0.0,0.0,0.0,0,0,0,0,0,0.0,0.4017857142857143,0.7793142945103553,0.15526153408727647,0.7381083641026194,0.6169444939335343,0.0,0.5178571428571428,0.33983303848376795
1982,110,98.21428571428571,112,0,112,0,0,0.0,15.434592663080915,15.458660912072837,1063.547011391101,11.669927129275948,5.898964849823664,4.410607017017696,9.107142857142858,4.519686177093536,0.5819656916058791,0.0,0.0,0.0,0.0,0.0,0,0,0,0,0,0.0,0.4107142857142857,0.8021667684104477,0.1473890126311615,0.7521641779488186,0.6231115564186658,0.0,0.5178571428571428,0.34089500498479136
1983,111,99.10714285714286,112,0,112,0,0,0.0,15.221716416717738,15.251555322730178,938.1281522493432,11.693940996107743,5.91184603545873,4.47854839174066,9.107142857142858,4.519686177093536,0.5763183322495773,0.0,0.0,0.0,0.0,0.0,0,0,0,0,0,0.0,0.4107142857142857,0.7715771347708611,0.16076611232587235,0.734569587125223,0.6147218219441305,0.0,0.5535714285714286,0.34037329946286665
1984,112,100.0,112,0,112,0,0,0.0,15.277368001272094,15.305138649742087,983.8945934794813,11.7188069500991,5.871493588869904,4.539873998420482,9.107142857142858,4.519686177093536,0.580623674716221,0.0,0.0,0.0,0.0,0.0,0,0,0,0,0,0.0,0.4107142857142857,0.789416497390563,0.15535932594652546,0.7720233597015134,0.6165420588800335,0.0,0.5178571428571428,0.3412134889283133
1985,112,100.0,112,0,112,0,0,0.0,15.39953023830781,15.424328344484515,1053.2076540143505,11.746858641131345,5.917717901217597,4.600008739735295,9.107142857142858,4.519686177093536,0.58128552574534,0.0,0.0,0.0,0.0,0.0,0,0,0,0,0,0.0,0.4017857142857143,0.8011796891426696,0.14424697193790834,0.7332313339412062,0.6184109648358757,0.0,0.5535714285714286,0.34245822431450457
1986,112,100.0,112,0,112,0,0,0.0,15.387430539475682,15.41149123837954,1039.7098319423083,11.773178326233431,6.067018887318149,4.67708076759334,9.107142857142858,4.519686177093536,0.5809147196639914,0.0,0.0,0.0,0.0,0.0,0,0,0,0,0,0.0,0.375,0.7972198253047699,0.14552557447555628,0.7487472713772684,0.6190315267532357,0.0,0.5178571428571428,0.34299250940505066
1987,112,100.0,112,0,112,0,0,0.0,15.39639243577037,15.423400120861803,1043.751972169268,11.798739039458422,6.016758016733505,4.59168279446862,9.107142857142858,4.519686177093536,0.5810317503191478,0.0,0.0,0.0,0.0,0.0,0,0,0,0,0,0.0,0.39285714285714285,0.7970710649810846,0.13783939078316182,0.7332313339412062,0.6258135566329267,0.0,0.5535714285714286,0.3436149508977223
1988,112,100.0,112,0,112,0,0,0.0,15.345066861125932,15.368362501197257,1066.3344663850364,11.821154466510471,6.020762875036035,4.611635206178631,9.107142857142858,4.519686177093536,0.5823825817229613,0.0,0.0,0.0,0.0,0.0,0,0,0,0,0,0.0,0.4017857142857143,0.8062668380864447,0.1350954968760923,0.7362447199745664,0.6236513267824003,0.0,0.5535714285714286,0.3438648765035041
1989,112,100.0,112,0,112,0,0,0.0,15.124002175468522,15.148578757829307,973.0359667286326,11.834609958229715,6.1103020885269865,4.6674489430263515,9.107142857142858,4.519686177093536,0.5785591522262006,0.0,0.0,0.0,0.0,0.0,0,0,0,0,0,0.0,0.4107142857142857,0.7867295501660602,0.1487900344033283,0.7362447199745664,0.6186084408883674,0.0,0.5535714285714286,0.34306362607486435
1990,112,100.0,112,0,112,0,0,0.0,15.349716473648995,15.37548121971129,1102.9799632709814,11.855661527313792,6.093997487192118,4.706702362433181,9.107142857142858,4.519686177093536,0.5866801353121744,0.0,0.0,0.0,0.0,0.0,0,0,0,0,0,0.0,0.4107142857142857,0.8232569855999363,0.13518447096038058,0.7344406845243578,0.6271311777446043,0.0,0.5535714285714286,0.34466792999474394
1991,112,100.0,112,0,112,0,0,0.0,15.148927779652945,15.175339379536979,1039.2942571283086,11.868525005071968,6.327116606270828,4.774952480214672,9.107142857142858,4.519686177093536,0.5842079678358048,0.0,0.0,0.0,0.0,0.0,0,0,0,0,0,0.0,0.4017857142857143,0.8107102675852831,0.1394290865790149,0.7463335855877955,0.6254814745768896,0.0,0.5535714285714286,0.34395468093782855
1992,112,100.0,112,0,112,0,0,0.0,15.280168879737882,15.308913801424396,1013.6615469475757,11.885636809749753,6.306805868353051,4.761286313828273,9.107142857142858,4.519686177093536,0.5847769689919078,0.0,0.0,0.0,0.0,0.0,0,0,0,0,0,0.0,0.39285714285714285,0.8014081286885629,0.14714727127459484,0.7339987454158934,0.6246955381258835,0.0,0.5535714285714286,0.3449975863735898
1993,112,100.0,112,0,112,0,0,0.0,14.914633677102104,14.944669476777616,854.045270811698,11.88880505424334,6.532828636184099,4.786313356683981,9.107142857142858,4.519686177093536,0.5756198168605424,0.0,0.0,0.0,0.0,0.0,0,0,0,0,0,0.0,0.39285714285714285,0.7571594759632985,0.16388521150040086,0.7440876110291224,0.615945894275999,0.0,0.5535714285714286,0.3432415077146275
1994,112,100.0,112,0,112,0,0,0.0,14.827030383818466,14.858638539557754,791.0916194709592,11.888719441326456,6.410505372016281,4.802455106137415,9.107142857142858,4.519686177093536,0.574966945481961,0.0,0.0,0.0,0.0,0.0,0,0,0,0,0,0.0,0.38392857142857145,0.7443712601695864,0.1740829685523718,0.7409144957674819,0.6090088582699257,0.0,0.5535714285714286,0.34280155653062416
1995,112,100.0,112,0,112,0,0,0.0,14.861113467618775,14.890100696175903,858.9502183557626,11.889775290439689,6.46628037718468,4.893308632849325,9.107142857142858,4.519686177093536,0.5779316407865125,0.0,0.0,0.0,0.0,0.0,0,0,0,0,0,0.0,0.36607142857142855,0.7670886070459491,0.1629853708861039,0.7573062374454986,0.6127257299502994,0.0,0.5178571428571428,0.3429958324828366
1996,112,100.0,112,0,112,0,0,0.0,14.864284989226217,14.8916285929942,854.9643116180179,11.890838663399537,6.497658487672147,4.893729648266698,9.107142857142858,4.519686177093536,0.5788796604891233,0.0,0.0,0.0,0.0,0.0,0,0,0,0,0,0.0,0.38392857142857145,0.7675641476237401,0.16005927975305168,0.7573062374454986,0.6187848652499094,0.0,0.5178571428571428,0.3430357206512124
1997,111,99.10714285714286,112,1,111,0,0,0.008928571428571428,14.856656462036508,14.814870903255219,849.5454679195892,11.891552933814259,6.509859762695878,4.902271756726809,9.107142857142858,4.519686177093536,0.577935521408941,0.9999999999417923,0.44282645689056527,1.0,5.820766091346741e-11,0.058045547265304975,1,0,0,0,0,1.0,0.4017857142857143,0.7668197583547975,0.15485382380854096,0.7409450506517176,0.6221620102432724,0.008928571428571428,0.5714285714285714,0.3430137194058645
1998,110,98.21428571428571,112,1,111,0,0,0.008928571428571428,14.937338499169941,14.912403541065476,913.5024737205343,11.892644848217195,6.346020536098798,4.854450040741235,9.107142857142858,4.519686177093536,0.5813795073118855,0.9999994036884947,0.4281418361005149,1.0,5.963115052853851e-07,-0.22694509408574248,1,0,0,0,0,1.0,0.38392857142857145,0.7856266366612514,0.15020607974701036,0.7342956727032894,0.622819483707295,0.008928571428571428,0.5178571428571429,0.34344180514369926
1999,110,98.21428571428571,112,0,112,0,0,0.0,14.740058960902,14.716974441807105,858.9954256993329,11.88726347054769,6.401268321725722,4.80822106324146,9.107142857142858,4.519686177093536,0.5767813476615338,0.0,0.0,0.0,0.0,0.0,0,0,0,0,0,0.0,0.375,0.7684022379330825,0.15565401142829707,0.7491046715602641,0.6211642748279244,0.0,0.5178571428571429,0.34233379676102665
2000,109,97.32142857142857,112,1,111,0,0,0.008928571428571428,14.768809668350668,14.704801087207775,851.8868039522853,11.883161448326222,6.58227052635803,4.906163848800576,9.107142857142858,4.519686177093536,0.5763769900510998,0.9999999999417666,0.431893718405846,1.0,5.823341808763871e-11,-0.06375728621653742,1,0,0,0,0,1.0,0.3482142857142857,0.7650278756643466,0.15579758253664647,0.695359709708806,0.6110762478608552,0.008928571428571428,0.5714285714285714,0.3423848510326075
